timestamp,users_holding
"2018-10-23 13:40:03",0
"2018-10-23 14:40:02",0
"2018-10-23 15:40:02",0
"2018-10-23 16:40:02",0
"2018-10-23 17:40:03",0
"2018-10-23 18:40:03",0
"2018-10-23 19:40:02",0
"2018-10-23 20:40:03",0
"2018-10-23 21:40:02",0
"2018-10-23 22:40:02",0
"2018-10-23 23:40:02",0
"2018-10-24 00:40:02",0
"2018-10-24 01:40:03",0
"2018-10-24 02:40:03",0
"2018-10-24 03:40:03",0
"2018-10-24 04:40:02",0
"2018-10-24 05:40:03",0
"2018-10-24 06:40:03",0
"2018-10-24 07:40:03",0
"2018-10-24 08:40:03",0
"2018-10-24 09:40:02",0
"2018-10-24 10:40:03",0
"2018-10-24 11:40:02",0
"2018-10-24 12:40:02",0
"2018-10-24 13:40:02",0
"2018-10-24 14:40:03",0
"2018-10-24 15:40:03",0
"2018-10-24 16:40:03",0
"2018-10-24 17:40:02",0
"2018-10-24 18:40:04",0
"2018-10-24 19:40:03",0
"2018-10-24 20:40:02",0
"2018-10-24 21:40:02",0
"2018-10-24 22:40:03",0
"2018-10-24 23:40:03",0
"2018-10-25 00:40:03",0
"2018-10-25 01:40:03",0
"2018-10-25 02:40:03",0
"2018-10-25 03:40:02",0
"2018-10-25 04:40:03",0
"2018-10-25 05:40:02",0
"2018-10-25 06:40:02",0
"2018-10-25 07:40:03",0
"2018-10-25 08:40:02",0
"2018-10-25 09:40:02",0
"2018-10-25 10:40:02",0
"2018-10-25 11:40:04",0
"2018-10-25 14:06:07",0
"2018-10-25 14:40:02",0
"2018-10-25 15:40:03",0
"2018-10-25 16:40:03",0
"2018-10-25 17:40:03",0
"2018-10-25 18:40:03",1
"2018-10-25 19:40:03",1
"2018-10-25 20:40:03",1
"2018-10-25 21:40:03",1
"2018-10-25 22:40:03",1
"2018-10-25 23:40:03",1
"2018-10-26 00:40:03",1
"2018-10-26 01:40:02",1
"2018-10-26 02:40:02",1
"2018-10-26 03:40:03",1
"2018-10-26 04:40:03",1
"2018-10-26 05:40:02",1
"2018-10-26 06:40:03",1
"2018-10-26 07:40:02",1
"2018-10-26 08:40:02",1
"2018-10-26 09:40:02",1
"2018-10-26 10:40:02",1
"2018-10-26 11:40:03",1
"2018-10-26 12:40:03",1
"2018-10-26 13:40:03",1
"2018-10-26 14:40:02",1
"2018-10-26 15:40:02",1
"2018-10-26 16:40:03",1
"2018-10-26 17:40:03",1
"2018-10-26 18:40:03",1
"2018-10-26 19:40:03",1
"2018-10-26 20:40:03",1
"2018-10-26 21:40:02",1
"2018-10-26 22:40:02",1
"2018-10-26 23:40:03",1
"2018-10-27 00:40:02",1
"2018-10-27 01:40:03",1
"2018-10-27 02:40:02",1
"2018-10-27 03:40:02",1
"2018-10-27 04:40:02",1
"2018-10-27 05:40:03",1
"2018-10-27 06:40:03",1
"2018-10-27 07:40:03",1
"2018-10-27 08:40:03",1
"2018-10-27 09:40:03",1
"2018-10-27 10:40:04",1
"2018-10-27 11:40:02",1
"2018-10-27 12:40:02",1
"2018-10-27 13:40:02",1
"2018-10-27 14:40:03",1
"2018-10-27 15:40:03",1
"2018-10-27 16:40:02",1
"2018-10-27 17:40:03",1
"2018-10-27 18:40:02",1
"2018-10-27 19:40:03",1
"2018-10-27 20:40:03",1
"2018-10-27 21:40:03",1
"2018-10-27 22:40:03",1
"2018-10-27 23:40:02",1
"2018-10-28 00:40:03",1
"2018-10-28 01:40:03",1
"2018-10-28 02:40:02",1
"2018-10-28 03:40:03",1
"2018-10-28 04:40:03",1
"2018-10-28 05:40:02",1
"2018-10-28 06:40:03",1
"2018-10-28 07:40:02",1
"2018-10-28 08:40:03",1
"2018-10-28 09:40:03",1
"2018-10-28 10:40:02",1
"2018-10-28 11:40:02",1
"2018-10-28 12:40:02",1
"2018-10-28 13:40:04",1
"2018-10-28 14:40:03",1
"2018-10-28 15:40:03",1
"2018-10-28 16:40:03",1
"2018-10-28 17:40:03",1
"2018-10-28 18:40:03",1
"2018-10-28 19:40:02",1
"2018-10-28 20:40:02",1
"2018-10-28 21:40:02",1
"2018-10-28 22:40:03",1
"2018-10-28 23:40:02",1
"2018-10-29 00:40:03",1
"2018-10-29 01:40:03",1
"2018-10-29 02:40:03",1
"2018-10-29 03:40:02",1
"2018-10-29 04:40:03",1
"2018-10-29 05:40:02",1
"2018-10-29 06:40:03",1
"2018-10-29 07:40:03",1
"2018-10-29 08:40:02",1
"2018-10-29 09:40:02",1
"2018-10-29 10:40:02",1
"2018-10-29 11:40:02",1
"2018-10-29 12:40:03",1
"2018-10-29 13:40:03",1
"2018-10-29 14:40:03",1
"2018-10-29 15:40:02",1
"2018-10-29 16:40:03",1
"2018-10-29 17:40:02",1
"2018-10-29 18:40:03",1
"2018-10-29 19:40:03",1
"2018-10-29 20:40:03",1
"2018-10-29 21:40:03",1
"2018-10-29 22:40:03",1
"2018-10-29 23:40:02",1
"2018-10-30 00:40:03",1
"2018-10-30 01:40:02",1
"2018-10-30 02:40:03",1
"2018-10-30 03:40:03",1
"2018-10-30 04:40:03",1
"2018-10-30 05:40:02",1
"2018-10-30 06:40:03",1
"2018-10-30 07:40:02",1
"2018-10-30 08:40:02",1
"2018-10-30 09:40:03",1
"2018-10-30 10:40:03",1
"2018-10-30 11:40:03",1
"2018-10-30 12:40:02",1
"2018-10-30 13:40:04",1
"2018-10-30 14:40:04",1
"2018-10-30 15:40:04",1
"2018-10-30 16:40:04",1
"2018-10-30 17:40:03",1
"2018-10-30 18:40:04",1
"2018-10-30 19:40:04",1
"2018-10-30 20:40:04",1
"2018-10-30 21:40:04",1
"2018-10-30 22:40:04",1
"2018-10-30 23:40:03",1
"2018-10-31 00:40:04",1
"2018-10-31 01:40:04",1
"2018-10-31 02:40:04",1
"2018-10-31 03:40:03",1
"2018-10-31 04:40:04",1
"2018-10-31 05:40:04",1
"2018-10-31 06:40:04",1
"2018-10-31 07:40:03",1
"2018-10-31 08:40:04",1
"2018-10-31 09:40:03",1
"2018-10-31 10:40:04",1
"2018-10-31 11:40:04",1
"2018-10-31 12:40:04",1
"2018-10-31 14:06:37",1
"2018-10-31 14:40:04",1
"2018-10-31 15:40:04",1
"2018-10-31 16:40:04",1
"2018-10-31 17:40:03",1
"2018-10-31 18:40:03",1
"2018-10-31 19:40:03",1
"2018-10-31 20:40:04",1
"2018-10-31 21:40:03",1
"2018-10-31 22:40:03",1
"2018-10-31 23:40:04",1
"2018-11-01 00:40:04",1
"2018-11-01 01:40:04",1
"2018-11-01 02:40:04",1
"2018-11-01 03:40:03",1
"2018-11-01 04:40:04",1
"2018-11-01 05:40:04",1
"2018-11-01 06:40:04",1
"2018-11-01 07:40:04",1
"2018-11-01 08:40:04",1
"2018-11-01 09:40:03",1
"2018-11-01 10:40:04",1
"2018-11-01 11:40:03",1
"2018-11-01 12:40:03",1
"2018-11-01 13:40:04",1
"2018-11-01 14:40:04",1
"2018-11-01 15:40:04",1
"2018-11-01 16:40:04",1
"2018-11-01 17:40:03",1
"2018-11-01 18:40:03",1
"2018-11-01 19:40:03",1
"2018-11-01 20:40:04",1
"2018-11-01 21:40:04",1
"2018-11-01 22:40:04",1
"2018-11-01 23:40:04",1
"2018-11-02 00:40:03",1
"2018-11-02 01:40:04",1
"2018-11-02 02:40:04",1
"2018-11-02 03:40:05",1
"2018-11-02 04:40:03",1
"2018-11-02 05:40:04",1
"2018-11-02 06:40:04",1
"2018-11-02 07:40:03",1
"2018-11-02 08:40:03",1
"2018-11-02 09:40:05",1
"2018-11-02 10:40:04",1
"2018-11-02 11:40:03",1
"2018-11-02 12:40:04",1
"2018-11-02 14:04:37",1
"2018-11-02 14:40:03",1
"2018-11-02 15:40:03",1
"2018-11-02 16:40:04",1
"2018-11-02 17:40:04",1
"2018-11-02 18:40:03",1
"2018-11-02 19:40:04",1
"2018-11-02 20:40:04",1
"2018-11-02 21:40:04",1
"2018-11-02 22:40:04",1
"2018-11-02 23:40:04",1
"2018-11-03 00:40:04",1
"2018-11-03 01:40:03",1
"2018-11-03 02:40:04",1
"2018-11-03 03:40:03",1
"2018-11-03 04:40:03",1
"2018-11-03 05:40:04",1
"2018-11-03 06:40:03",1
"2018-11-03 07:40:03",1
"2018-11-03 08:40:04",1
"2018-11-03 09:40:04",1
"2018-11-03 10:40:03",1
"2018-11-03 11:40:04",1
"2018-11-03 12:40:04",1
"2018-11-03 13:40:04",1
"2018-11-03 14:40:03",1
"2018-11-03 15:40:03",1
"2018-11-03 16:40:03",1
"2018-11-03 17:40:04",1
"2018-11-03 18:40:04",1
"2018-11-03 19:40:04",1
"2018-11-03 20:40:04",1
"2018-11-03 21:40:06",1
"2018-11-03 22:40:04",1
"2018-11-03 23:40:04",1
"2018-11-04 00:40:04",1
"2018-11-04 01:40:04",1
"2018-11-04 02:40:04",1
"2018-11-04 03:40:04",1
"2018-11-04 04:40:04",1
"2018-11-04 05:40:04",1
"2018-11-04 06:40:04",1
"2018-11-04 07:40:04",1
"2018-11-04 08:40:04",1
"2018-11-04 09:40:03",1
"2018-11-04 10:40:03",1
"2018-11-04 11:40:04",1
"2018-11-04 12:40:04",1
"2018-11-04 13:40:04",1
"2018-11-04 14:40:03",1
"2018-11-04 15:40:03",1
"2018-11-04 16:40:03",1
"2018-11-04 17:40:04",1
"2018-11-04 18:40:04",1
"2018-11-04 19:40:04",1
"2018-11-04 20:40:03",1
"2018-11-04 21:40:03",1
"2018-11-04 22:40:04",1
"2018-11-04 23:40:04",1
"2018-11-05 00:40:04",1
"2018-11-05 01:40:03",1
"2018-11-05 02:40:03",1
"2018-11-05 03:40:04",1
"2018-11-05 04:40:04",1
"2018-11-05 05:40:04",1
"2018-11-05 06:40:04",1
"2018-11-05 07:40:03",1
"2018-11-05 08:40:04",1
"2018-11-05 09:40:04",1
"2018-11-05 10:40:04",1
"2018-11-05 11:40:03",1
"2018-11-05 12:40:03",1
"2018-11-05 13:40:04",1
"2018-11-05 14:40:06",1
"2018-11-05 15:40:05",1
"2018-11-05 16:40:05",1
"2018-11-05 17:40:04",1
"2018-11-05 18:40:04",1
"2018-11-05 19:40:04",1
"2018-11-05 20:40:05",1
"2018-11-05 21:40:05",1
"2018-11-05 22:40:05",1
"2018-11-05 23:40:05",1
"2018-11-06 00:40:05",1
"2018-11-06 01:40:05",1
"2018-11-06 02:40:05",1
"2018-11-06 03:40:06",1
"2018-11-06 04:40:06",1
"2018-11-06 05:40:06",1
"2018-11-06 06:40:06",1
"2018-11-06 07:40:07",1
"2018-11-06 08:40:07",1
"2018-11-06 09:40:06",1
"2018-11-06 10:40:06",1
"2018-11-06 11:40:06",1
"2018-11-06 12:40:06",1
"2018-11-06 13:40:06",1
"2018-11-06 14:40:07",1
"2018-11-06 15:40:06",1
"2018-11-06 16:40:06",1
"2018-11-06 17:40:07",1
"2018-11-06 18:40:06",1
"2018-11-06 19:40:06",1
"2018-11-06 20:40:06",1
"2018-11-06 21:40:07",1
"2018-11-06 22:40:07",1
"2018-11-06 23:40:06",1
"2018-11-07 00:40:07",1
"2018-11-07 01:40:07",1
"2018-11-07 02:40:07",1
"2018-11-07 03:40:07",1
"2018-11-07 04:40:06",1
"2018-11-07 05:40:06",1
"2018-11-07 06:40:06",1
"2018-11-07 07:40:06",1
"2018-11-07 08:40:06",1
"2018-11-07 09:40:06",1
"2018-11-07 10:40:06",1
"2018-11-07 11:40:06",1
"2018-11-07 12:40:07",1
"2018-11-07 13:40:06",1
"2018-11-07 14:40:07",1
"2018-11-07 15:40:06",1
"2018-11-07 16:40:06",1
"2018-11-07 17:40:06",1
"2018-11-07 18:40:07",1
"2018-11-07 19:40:06",1
"2018-11-07 20:40:07",1
"2018-11-07 21:40:06",1
"2018-11-07 22:40:07",1
"2018-11-07 23:40:06",1
"2018-11-08 00:40:06",1
"2018-11-08 01:40:07",1
"2018-11-08 02:40:06",1
"2018-11-08 03:40:06",1
"2018-11-08 04:40:06",1
"2018-11-08 05:40:06",1
"2018-11-08 06:40:06",1
"2018-11-08 07:40:06",1
"2018-11-08 08:40:07",1
"2018-11-08 09:40:06",1
"2018-11-08 10:40:06",1
"2018-11-08 11:40:06",1
"2018-11-08 12:40:07",1
"2018-11-08 13:40:06",1
"2018-11-08 14:40:06",1
"2018-11-08 15:40:06",3
"2018-11-08 16:40:06",3
"2018-11-08 17:40:06",4
"2018-11-08 18:40:06",4
"2018-11-08 19:40:06",4
"2018-11-08 20:40:07",4
"2018-11-08 21:40:07",4
"2018-11-08 22:40:06",4
"2018-11-08 23:40:07",4
"2018-11-09 00:40:07",4
"2018-11-09 01:40:07",4
"2018-11-09 02:40:06",4
"2018-11-09 03:40:07",4
"2018-11-09 04:40:06",4
"2018-11-09 05:40:06",4
"2018-11-09 06:40:05",4
"2018-11-09 07:40:06",4
"2018-11-09 08:40:07",4
"2018-11-09 09:40:07",4
"2018-11-09 10:40:06",4
"2018-11-09 11:40:06",4
"2018-11-09 12:40:06",4
"2018-11-09 13:40:05",4
"2018-11-09 15:04:09",4
"2018-11-09 15:40:07",4
"2018-11-09 16:40:06",4
"2018-11-09 17:40:06",4
"2018-11-09 18:40:07",4
"2018-11-09 19:40:07",3
"2018-11-09 20:40:06",3
"2018-11-09 21:40:06",4
"2018-11-09 22:40:06",4
"2018-11-09 23:40:06",4
"2018-11-10 00:40:06",4
"2018-11-10 01:40:06",4
"2018-11-10 02:40:05",4
"2018-11-10 03:40:07",4
"2018-11-10 04:40:07",4
"2018-11-10 05:40:06",4
"2018-11-10 06:40:06",4
"2018-11-10 07:40:06",4
"2018-11-10 08:40:06",4
"2018-11-10 09:40:07",4
"2018-11-10 10:40:05",4
"2018-11-10 11:40:06",4
"2018-11-10 12:40:06",4
"2018-11-10 13:40:06",4
"2018-11-10 14:40:06",4
"2018-11-10 15:40:06",4
"2018-11-10 16:40:06",4
"2018-11-10 17:40:07",4
"2018-11-10 18:40:06",4
"2018-11-10 19:40:07",4
"2018-11-10 20:40:06",4
"2018-11-10 21:40:06",4
"2018-11-10 22:40:06",4
"2018-11-10 23:40:07",4
"2018-11-11 00:40:07",4
"2018-11-11 01:40:07",4
"2018-11-11 02:40:05",4
"2018-11-11 03:40:07",4
"2018-11-11 04:40:06",4
"2018-11-11 05:40:06",4
"2018-11-11 06:40:06",4
"2018-11-11 07:40:07",4
"2018-11-11 08:40:06",4
"2018-11-11 09:40:06",4
"2018-11-11 10:40:07",4
"2018-11-11 11:40:07",4
"2018-11-11 12:40:06",4
"2018-11-11 13:40:06",4
"2018-11-11 14:40:07",4
"2018-11-11 15:40:07",4
"2018-11-11 16:40:06",4
"2018-11-11 17:40:06",4
"2018-11-11 18:40:07",4
"2018-11-11 19:40:06",4
"2018-11-11 20:40:07",4
"2018-11-11 21:40:06",4
"2018-11-11 22:40:07",4
"2018-11-11 23:40:06",4
"2018-11-12 00:40:06",4
"2018-11-12 01:40:06",4
"2018-11-12 02:40:06",4
"2018-11-12 03:40:07",4
"2018-11-12 04:40:06",4
"2018-11-12 05:40:06",4
"2018-11-12 06:40:07",4
"2018-11-12 07:40:06",4
"2018-11-12 08:40:07",4
"2018-11-12 09:40:06",4
"2018-11-12 10:40:06",4
"2018-11-12 11:40:07",4
"2018-11-12 12:40:06",4
"2018-11-12 13:40:06",4
"2018-11-12 14:40:07",4
"2018-11-12 15:40:06",4
"2018-11-12 16:40:06",4
"2018-11-12 17:40:05",4
"2018-11-12 18:40:06",4
"2018-11-12 19:40:06",4
"2018-11-12 20:40:06",4
"2018-11-12 21:40:06",4
"2018-11-12 22:40:06",4
"2018-11-12 23:40:06",4
"2018-11-13 00:40:06",4
"2018-11-13 01:40:06",4
"2018-11-13 02:40:07",4
"2018-11-13 03:40:06",4
"2018-11-13 04:40:06",4
"2018-11-13 05:40:06",4
"2018-11-13 06:40:06",4
"2018-11-13 07:40:07",4
"2018-11-13 08:40:06",4
"2018-11-13 09:40:06",4
"2018-11-13 10:40:07",4
"2018-11-13 11:40:07",4
"2018-11-13 12:40:07",4
"2018-11-13 13:40:06",4
"2018-11-13 14:40:09",4
"2018-11-13 15:40:07",4
"2018-11-13 16:40:07",4
"2018-11-13 17:40:08",4
"2018-11-13 18:40:07",4
"2018-11-13 19:40:07",4
"2018-11-13 20:40:07",4
"2018-11-13 21:40:07",4
"2018-11-13 22:40:07",4
"2018-11-13 23:40:08",4
"2018-11-14 00:40:07",4
"2018-11-14 01:40:08",4
"2018-11-14 02:40:07",4
"2018-11-14 03:40:07",4
"2018-11-14 04:40:08",4
"2018-11-14 05:40:07",4
"2018-11-14 06:40:07",4
"2018-11-14 07:40:08",4
"2018-11-14 08:40:07",4
"2018-11-14 09:40:08",4
"2018-11-14 10:40:07",4
"2018-11-14 11:40:08",4
"2018-11-14 12:40:07",4
"2018-11-14 13:40:08",4
"2018-11-14 14:40:08",4
"2018-11-14 15:40:07",4
"2018-11-14 16:40:08",4
"2018-11-14 17:40:07",4
"2018-11-14 18:40:07",4
"2018-11-14 19:40:08",4
"2018-11-14 20:40:08",4
"2018-11-14 21:40:08",4
"2018-11-14 22:40:07",4
"2018-11-14 23:40:07",4
"2018-11-15 00:40:07",4
"2018-11-15 01:40:07",4
"2018-11-15 02:40:07",4
"2018-11-15 03:40:08",4
"2018-11-15 04:40:07",4
"2018-11-15 05:40:08",4
"2018-11-15 06:40:07",4
"2018-11-15 07:40:07",4
"2018-11-15 08:40:07",4
"2018-11-15 09:40:08",4
"2018-11-15 10:40:08",4
"2018-11-15 11:40:07",4
"2018-11-15 12:40:07",4
"2018-11-15 13:40:08",4
"2018-11-15 14:40:08",4
"2018-11-15 15:40:08",4
"2018-11-15 16:40:07",4
"2018-11-15 17:40:08",4
"2018-11-15 18:40:08",4
"2018-11-15 19:40:07",4
"2018-11-15 20:40:08",4
"2018-11-15 21:40:08",4
"2018-11-15 22:40:07",4
"2018-11-15 23:40:07",4
"2018-11-16 00:40:08",4
"2018-11-16 01:40:07",4
"2018-11-16 02:40:07",4
"2018-11-16 03:40:07",4
"2018-11-16 04:40:07",4
"2018-11-16 05:40:07",4
"2018-11-16 06:40:07",4
"2018-11-16 07:40:08",4
"2018-11-16 08:40:06",4
"2018-11-16 09:40:07",4
"2018-11-16 10:40:08",4
"2018-11-16 11:40:07",4
"2018-11-16 12:40:07",4
"2018-11-16 13:40:07",4
"2018-11-16 14:40:08",4
"2018-11-16 15:40:08",4
"2018-11-16 16:40:08",5
"2018-11-16 17:40:08",5
"2018-11-16 18:40:07",5
"2018-11-16 19:40:07",5
"2018-11-16 20:40:08",5
"2018-11-16 21:40:08",5
"2018-11-16 22:40:07",5
"2018-11-16 23:40:08",5
"2018-11-17 00:40:08",5
"2018-11-17 01:40:08",5
"2018-11-17 02:40:07",5
"2018-11-17 03:40:12",5
"2018-11-17 04:40:08",5
"2018-11-17 05:40:08",5
"2018-11-17 06:40:08",5
"2018-11-17 07:40:07",5
"2018-11-17 08:40:08",5
"2018-11-17 09:40:07",5
"2018-11-17 10:40:07",5
"2018-11-17 11:40:08",5
"2018-11-17 12:40:07",5
"2018-11-17 13:40:07",5
"2018-11-17 14:40:08",5
"2018-11-17 15:40:07",5
"2018-11-17 16:40:07",5
"2018-11-17 17:40:08",5
"2018-11-17 18:40:08",5
"2018-11-17 19:40:08",5
"2018-11-17 20:40:08",5
"2018-11-17 21:40:08",5
"2018-11-17 22:40:07",5
"2018-11-17 23:40:07",5
"2018-11-18 00:40:07",5
"2018-11-18 01:40:07",5
"2018-11-18 02:40:08",5
"2018-11-18 03:40:08",5
"2018-11-18 04:40:07",5
"2018-11-18 05:40:07",5
"2018-11-18 06:40:08",5
"2018-11-18 07:40:07",5
"2018-11-18 08:40:07",5
"2018-11-18 09:40:08",5
"2018-11-18 10:40:07",5
"2018-11-18 11:40:07",5
"2018-11-18 12:40:07",5
"2018-11-18 13:40:07",5
"2018-11-18 14:40:08",5
"2018-11-18 15:40:08",5
"2018-11-18 16:40:07",5
"2018-11-18 17:40:08",5
"2018-11-18 18:40:08",5
"2018-11-18 19:40:07",5
"2018-11-18 20:40:08",5
"2018-11-18 21:40:07",5
"2018-11-18 22:40:07",5
"2018-11-18 23:40:08",5
"2018-11-19 00:40:08",5
"2018-11-19 01:40:08",5
"2018-11-19 02:40:07",5
"2018-11-19 03:40:08",5
"2018-11-19 04:40:07",5
"2018-11-19 05:40:07",5
"2018-11-19 06:40:07",5
"2018-11-19 07:40:07",5
"2018-11-19 08:40:07",5
"2018-11-19 09:40:07",5
"2018-11-19 10:40:07",5
"2018-11-19 11:40:08",5
"2018-11-19 12:40:08",5
"2018-11-19 13:40:07",5
"2018-11-19 14:40:08",5
"2018-11-19 15:40:07",5
"2018-11-19 16:40:08",5
"2018-11-19 17:40:07",5
"2018-11-19 18:40:07",5
"2018-11-19 19:40:07",5
"2018-11-19 20:40:07",5
"2018-11-19 21:40:07",5
"2018-11-19 22:40:07",5
"2018-11-19 23:40:07",5
"2018-11-20 00:40:08",5
"2018-11-20 01:40:08",5
"2018-11-20 02:40:07",5
"2018-11-20 03:40:08",5
"2018-11-20 04:40:07",5
"2018-11-20 05:40:07",5
"2018-11-20 06:40:07",5
"2018-11-20 07:40:08",5
"2018-11-20 08:40:08",5
"2018-11-20 09:40:08",5
"2018-11-20 10:40:07",5
"2018-11-20 11:40:07",5
"2018-11-20 12:40:07",5
"2018-11-20 13:40:08",5
"2018-11-20 14:40:07",5
"2018-11-20 15:40:07",5
"2018-11-20 16:40:06",5
"2018-11-20 17:40:07",5
"2018-11-20 18:40:08",5
"2018-11-20 19:40:06",5
"2018-11-20 20:40:07",5
"2018-11-20 21:40:08",5
"2018-11-20 22:40:07",5
"2018-11-20 23:40:07",5
"2018-11-21 00:40:06",5
"2018-11-21 01:40:06",5
"2018-11-21 02:40:06",5
"2018-11-21 03:40:07",5
"2018-11-21 04:40:07",5
"2018-11-21 05:40:06",5
"2018-11-21 06:40:07",5
"2018-11-21 07:40:07",5
"2018-11-21 08:40:07",5
"2018-11-21 09:40:06",5
"2018-11-21 10:40:07",5
"2018-11-21 11:40:06",5
"2018-11-21 12:40:06",5
"2018-11-21 13:40:06",5
"2018-11-21 14:40:07",5
"2018-11-21 15:40:07",5
"2018-11-21 16:40:06",5
"2018-11-21 17:40:07",5
"2018-11-21 18:40:06",5
"2018-11-21 19:40:06",5
"2018-11-21 20:40:08",5
"2018-11-21 21:40:07",5
"2018-11-21 22:40:06",5
"2018-11-21 23:40:07",5
"2018-11-22 00:40:06",5
"2018-11-22 01:40:07",5
"2018-11-22 02:40:07",5
"2018-11-22 03:40:06",5
"2018-11-22 04:40:07",5
"2018-11-22 05:40:07",5
"2018-11-22 06:40:07",5
"2018-11-22 07:40:07",5
"2018-11-22 08:40:07",5
"2018-11-22 09:40:07",5
"2018-11-22 10:40:07",5
"2018-11-22 11:40:07",5
"2018-11-22 12:40:07",5
"2018-11-22 13:40:07",5
"2018-11-22 14:40:07",5
"2018-11-22 15:40:08",5
"2018-11-22 16:40:06",5
"2018-11-22 17:40:07",5
"2018-11-22 18:40:06",5
"2018-11-22 19:40:07",5
"2018-11-22 20:40:07",5
"2018-11-22 21:40:07",5
"2018-11-22 22:40:07",5
"2018-11-22 23:40:07",5
"2018-11-23 00:40:07",5
"2018-11-23 01:40:06",5
"2018-11-23 02:40:07",5
"2018-11-23 03:40:07",5
"2018-11-23 04:40:07",5
"2018-11-23 05:40:07",5
"2018-11-23 06:40:06",5
"2018-11-23 07:40:07",5
"2018-11-23 08:40:07",5
"2018-11-23 09:40:07",5
"2018-11-23 10:40:07",5
"2018-11-23 11:40:07",5
"2018-11-23 12:40:07",5
"2018-11-23 13:40:07",5
"2018-11-23 14:40:06",5
"2018-11-23 15:40:07",5
"2018-11-23 16:40:06",5
"2018-11-23 17:40:07",5
"2018-11-23 18:40:06",5
"2018-11-23 19:40:07",5
"2018-11-23 20:40:08",5
"2018-11-23 21:40:08",5
"2018-11-23 22:40:08",5
"2018-11-23 23:40:08",5
"2018-11-24 00:40:07",5
"2018-11-24 01:40:08",5
"2018-11-24 02:40:08",5
"2018-11-24 03:40:08",5
"2018-11-24 04:40:08",5
"2018-11-24 05:40:08",5
"2018-11-24 06:40:08",5
"2018-11-24 07:40:08",5
"2018-11-24 08:40:08",5
"2018-11-24 09:40:07",5
"2018-11-24 10:40:07",5
"2018-11-24 11:40:08",5
"2018-11-24 12:40:08",5
"2018-11-24 13:40:07",5
"2018-11-24 14:40:08",5
"2018-11-24 15:40:08",5
"2018-11-24 16:40:07",5
"2018-11-24 17:40:08",5
"2018-11-24 18:40:07",5
"2018-11-24 19:40:07",5
"2018-11-24 20:40:08",5
"2018-11-24 21:40:07",5
"2018-11-24 22:40:07",5
"2018-11-24 23:40:08",5
"2018-11-25 00:40:08",5
"2018-11-25 01:40:08",5
"2018-11-25 02:40:08",5
"2018-11-25 03:40:07",5
"2018-11-25 04:40:08",5
"2018-11-25 05:40:08",5
"2018-11-25 06:40:07",5
"2018-11-25 07:40:08",5
"2018-11-25 08:40:07",5
"2018-11-25 09:40:08",5
"2018-11-25 10:40:07",5
"2018-11-25 11:40:08",5
"2018-11-25 12:40:07",5
"2018-11-25 13:40:08",5
"2018-11-25 14:40:07",5
"2018-11-25 15:40:07",5
"2018-11-25 16:40:08",5
"2018-11-25 17:40:08",5
"2018-11-25 18:40:08",5
"2018-11-25 19:40:08",5
"2018-11-25 20:40:08",5
"2018-11-25 21:40:07",5
"2018-11-25 22:40:08",5
"2018-11-25 23:40:07",5
"2018-11-26 00:40:08",5
"2018-11-26 01:40:08",5
"2018-11-26 02:40:09",5
"2018-11-26 03:40:07",5
"2018-11-26 04:40:07",5
"2018-11-26 05:40:08",5
"2018-11-26 06:40:07",5
"2018-11-26 07:40:07",5
"2018-11-26 08:40:08",5
"2018-11-26 09:40:08",5
"2018-11-26 10:40:08",5
"2018-11-26 11:40:07",5
"2018-11-26 12:40:08",5
"2018-11-26 13:40:06",5
"2018-11-26 14:40:08",5
"2018-11-26 15:40:06",5
"2018-11-26 16:40:07",5
"2018-11-26 17:40:07",5
"2018-11-26 18:40:07",5
"2018-11-26 19:40:06",5
"2018-11-26 20:40:08",5
"2018-11-26 21:40:06",5
"2018-11-26 22:40:07",5
"2018-11-26 23:40:07",5
"2018-11-27 00:40:07",5
"2018-11-27 01:40:07",5
"2018-11-27 02:40:07",5
"2018-11-27 03:40:07",5
"2018-11-27 04:40:06",5
"2018-11-27 05:40:07",5
"2018-11-27 06:40:07",5
"2018-11-27 07:40:07",5
"2018-11-27 08:40:07",5
"2018-11-27 09:40:07",5
"2018-11-27 10:40:07",5
"2018-11-27 11:40:07",5
"2018-11-27 12:40:07",5
"2018-11-27 13:40:07",5
"2018-11-27 14:40:08",5
"2018-11-27 15:40:08",5
"2018-11-27 16:40:08",5
"2018-11-27 17:40:08",5
"2018-11-27 18:40:07",5
"2018-11-27 19:40:08",5
"2018-11-27 20:40:08",5
"2018-11-27 21:40:07",5
"2018-11-27 22:40:08",5
"2018-11-27 23:40:08",5
"2018-11-28 00:40:08",5
"2018-11-28 01:40:07",5
"2018-11-28 02:40:07",5
"2018-11-28 03:40:08",5
"2018-11-28 04:40:08",5
"2018-11-28 05:40:08",5
"2018-11-28 06:40:08",5
"2018-11-28 07:40:07",5
"2018-11-28 08:40:07",5
"2018-11-28 09:40:09",5
"2018-11-28 10:40:08",5
"2018-11-28 11:40:08",5
"2018-11-28 12:40:08",5
"2018-11-28 14:05:09",5
"2018-11-28 14:40:07",5
"2018-11-28 15:40:07",5
"2018-11-28 16:40:07",5
"2018-11-28 17:40:07",5
"2018-11-28 18:40:06",5
"2018-11-28 19:40:07",5
"2018-11-28 20:40:07",5
"2018-11-28 21:40:07",5
"2018-11-28 22:40:07",5
"2018-11-28 23:40:07",5
"2018-11-29 00:40:07",5
"2018-11-29 01:40:07",5
"2018-11-29 02:40:07",5
"2018-11-29 03:40:06",5
"2018-11-29 04:40:07",5
"2018-11-29 05:40:07",5
"2018-11-29 06:40:07",5
"2018-11-29 07:40:06",5
"2018-11-29 08:40:06",5
"2018-11-29 09:40:07",5
"2018-11-29 10:40:08",5
"2018-11-29 11:40:06",5
"2018-11-29 12:40:07",5
"2018-11-29 13:40:07",5
"2018-11-29 15:05:10",5
"2018-11-29 15:40:08",5
"2018-11-29 16:40:08",5
"2018-11-29 17:40:08",5
"2018-11-29 18:40:09",5
"2018-11-29 19:40:07",5
"2018-11-29 20:40:07",5
"2018-11-29 21:40:08",5
"2018-11-29 22:40:08",5
"2018-11-29 23:40:09",5
"2018-11-30 00:40:08",5
"2018-11-30 01:40:08",5
"2018-11-30 02:40:07",5
"2018-11-30 03:40:08",5
"2018-11-30 04:40:08",5
"2018-11-30 05:40:08",5
"2018-11-30 06:40:07",5
"2018-11-30 07:40:08",5
"2018-11-30 08:40:08",5
"2018-11-30 09:40:08",5
"2018-11-30 10:40:08",5
"2018-11-30 11:40:08",5
"2018-11-30 12:40:08",5
"2018-11-30 13:40:08",5
"2018-11-30 14:40:08",5
"2018-11-30 15:40:08",5
"2018-11-30 16:40:08",5
"2018-11-30 17:40:07",5
"2018-11-30 18:40:08",5
"2018-11-30 19:40:08",5
"2018-11-30 20:40:08",5
"2018-11-30 21:40:07",5
"2018-11-30 22:40:08",5
"2018-11-30 23:40:08",5
"2018-12-01 00:40:07",5
"2018-12-01 01:40:08",5
"2018-12-01 02:40:08",5
"2018-12-01 03:40:08",5
"2018-12-01 04:40:08",5
"2018-12-01 05:40:08",5
"2018-12-01 06:40:08",5
"2018-12-01 07:40:08",5
"2018-12-01 08:40:08",5
"2018-12-01 09:40:08",5
"2018-12-01 10:40:08",5
"2018-12-01 11:40:09",5
"2018-12-01 12:40:08",5
"2018-12-01 13:40:08",5
"2018-12-01 14:40:07",5
"2018-12-01 15:40:08",5
"2018-12-01 16:40:08",5
"2018-12-01 17:40:08",5
"2018-12-01 18:40:07",5
"2018-12-01 19:40:07",5
"2018-12-01 20:40:08",5
"2018-12-01 21:40:08",5
"2018-12-01 22:40:08",5
"2018-12-01 23:40:08",5
"2018-12-02 00:40:07",5
"2018-12-02 01:40:08",5
"2018-12-02 02:40:08",5
"2018-12-02 03:40:08",5
"2018-12-02 04:40:08",5
"2018-12-02 05:40:08",5
"2018-12-02 06:40:07",5
"2018-12-02 07:40:07",5
"2018-12-02 08:40:08",5
"2018-12-02 09:40:07",5
"2018-12-02 10:40:08",5
"2018-12-02 11:40:08",5
"2018-12-02 12:40:07",5
"2018-12-02 13:40:08",5
"2018-12-02 14:40:07",5
"2018-12-02 15:40:08",5
"2018-12-02 16:40:08",5
"2018-12-02 17:40:08",5
"2018-12-02 18:40:07",5
"2018-12-02 19:40:08",5
"2018-12-02 20:40:08",5
"2018-12-02 21:40:07",5
"2018-12-02 22:40:07",5
"2018-12-02 23:40:08",5
"2018-12-03 00:40:08",5
"2018-12-03 01:40:07",5
"2018-12-03 02:40:08",5
"2018-12-03 03:40:08",5
"2018-12-03 04:40:08",5
"2018-12-03 05:40:07",5
"2018-12-03 06:40:07",5
"2018-12-03 07:40:07",5
"2018-12-03 08:40:08",5
"2018-12-03 09:40:08",5
"2018-12-03 10:40:08",5
"2018-12-03 11:40:08",5
"2018-12-03 12:40:07",5
"2018-12-03 13:40:07",5
"2018-12-03 14:40:09",5
"2018-12-03 15:40:07",5
"2018-12-03 16:40:08",5
"2018-12-03 17:40:08",5
"2018-12-03 18:40:08",5
"2018-12-03 19:40:07",5
"2018-12-03 20:40:08",5
"2018-12-03 21:40:07",5
"2018-12-03 22:40:08",5
"2018-12-03 23:40:07",5
"2018-12-04 00:40:08",5
"2018-12-04 01:40:08",5
"2018-12-04 02:40:08",5
"2018-12-04 03:40:08",5
"2018-12-04 04:40:08",5
"2018-12-04 05:40:08",5
"2018-12-04 06:40:08",5
"2018-12-04 07:40:07",5
"2018-12-04 08:40:09",5
"2018-12-04 09:40:08",5
"2018-12-04 10:40:07",5
"2018-12-04 11:40:07",5
"2018-12-04 12:40:08",5
"2018-12-04 13:40:08",5
"2018-12-04 15:06:41",5
"2018-12-04 15:40:08",5
"2018-12-04 16:40:08",5
"2018-12-04 17:40:08",5
"2018-12-04 18:40:07",5
"2018-12-04 19:40:08",5
"2018-12-04 20:40:08",5
"2018-12-04 21:40:08",5
"2018-12-04 22:40:08",5
"2018-12-04 23:40:07",5
"2018-12-05 00:40:08",5
"2018-12-05 01:40:08",5
"2018-12-05 02:40:09",5
"2018-12-05 03:40:08",5
"2018-12-05 04:40:09",5
"2018-12-05 05:40:09",5
"2018-12-05 06:40:08",5
"2018-12-05 07:40:08",5
"2018-12-05 08:40:07",5
"2018-12-05 09:40:07",5
"2018-12-05 10:40:08",5
"2018-12-05 11:40:08",5
"2018-12-05 12:40:08",5
"2018-12-05 13:40:07",5
"2018-12-05 14:40:08",5
"2018-12-05 15:40:08",5
"2018-12-05 16:40:07",5
"2018-12-05 17:40:08",5
"2018-12-05 18:40:08",5
"2018-12-05 19:40:08",5
"2018-12-05 20:40:07",5
"2018-12-05 21:40:08",5
"2018-12-05 22:40:07",5
"2018-12-05 23:40:08",5
"2018-12-06 00:40:08",5
"2018-12-06 01:40:08",5
"2018-12-06 02:40:08",5
"2018-12-06 03:40:09",5
"2018-12-06 04:40:07",5
"2018-12-06 05:40:08",5
"2018-12-06 06:40:08",5
"2018-12-06 07:40:07",5
"2018-12-06 08:40:09",5
"2018-12-06 09:40:08",5
"2018-12-06 10:40:08",5
"2018-12-06 11:40:08",5
"2018-12-06 12:40:07",5
"2018-12-06 13:40:08",5
"2018-12-06 14:40:08",5
"2018-12-06 15:40:08",5
"2018-12-06 16:40:08",5
"2018-12-06 17:40:08",5
"2018-12-06 18:40:07",5
"2018-12-06 19:40:08",5
"2018-12-06 20:40:08",5
"2018-12-06 21:40:08",5
"2018-12-06 22:40:08",5
"2018-12-06 23:40:08",5
"2018-12-07 00:40:07",5
"2018-12-07 01:40:08",5
"2018-12-07 02:40:08",5
"2018-12-07 03:40:08",5
"2018-12-07 04:40:07",5
"2018-12-07 05:40:09",5
"2018-12-07 06:40:08",5
"2018-12-07 07:40:08",5
"2018-12-07 08:40:08",5
"2018-12-07 09:40:08",5
"2018-12-07 10:40:08",5
"2018-12-07 11:40:08",5
"2018-12-07 12:40:09",5
"2018-12-07 14:05:09",5
"2018-12-07 14:40:09",5
"2018-12-07 16:05:11",5
"2018-12-07 16:40:09",5
"2018-12-07 17:40:09",5
"2018-12-07 18:40:09",5
"2018-12-07 19:40:10",5
"2018-12-07 20:40:09",5
"2018-12-07 21:40:09",5
"2018-12-07 22:40:09",5
"2018-12-07 23:40:09",5
"2018-12-08 00:40:09",5
"2018-12-08 01:40:08",5
"2018-12-08 02:40:09",5
"2018-12-08 03:40:09",5
"2018-12-08 04:40:09",5
"2018-12-08 05:40:09",5
"2018-12-08 06:40:08",5
"2018-12-08 07:40:10",5
"2018-12-08 08:40:09",5
"2018-12-08 09:40:09",5
"2018-12-08 10:40:09",5
"2018-12-08 11:40:09",5
"2018-12-08 12:40:09",5
"2018-12-08 13:40:08",5
"2018-12-08 14:40:09",5
"2018-12-08 15:40:09",5
"2018-12-08 16:40:09",5
"2018-12-08 17:40:09",5
"2018-12-08 18:40:08",5
"2018-12-08 19:40:09",5
"2018-12-08 20:40:09",5
"2018-12-08 21:40:09",5
"2018-12-08 22:40:09",5
"2018-12-08 23:40:09",5
"2018-12-09 00:40:09",5
"2018-12-09 01:40:09",5
"2018-12-09 02:40:09",5
"2018-12-09 03:40:09",5
"2018-12-09 04:40:09",5
"2018-12-09 05:40:08",5
"2018-12-09 06:40:08",5
"2018-12-09 07:40:09",5
"2018-12-09 08:40:08",5
"2018-12-09 09:40:09",5
"2018-12-09 10:40:09",5
"2018-12-09 11:40:09",5
"2018-12-09 12:40:09",5
"2018-12-09 13:40:09",5
"2018-12-09 14:40:09",5
"2018-12-09 15:40:10",5
"2018-12-09 16:40:09",5
"2018-12-09 17:40:09",5
"2018-12-09 18:40:09",5
"2018-12-09 19:40:08",5
"2018-12-09 20:40:08",5
"2018-12-09 21:40:09",5
"2018-12-09 22:40:09",5
"2018-12-09 23:40:09",5
"2018-12-10 00:40:10",5
"2018-12-10 01:40:09",5
"2018-12-10 02:40:09",5
"2018-12-10 03:40:09",5
"2018-12-10 04:40:09",5
"2018-12-10 05:40:09",5
"2018-12-10 06:40:10",5
"2018-12-10 07:40:09",5
"2018-12-10 08:40:08",5
"2018-12-10 09:40:09",5
"2018-12-10 10:40:10",5
"2018-12-10 11:40:09",5
"2018-12-10 12:40:09",5
"2018-12-10 13:40:09",5
"2018-12-10 15:03:41",5
"2018-12-10 15:40:07",5
"2018-12-10 16:40:08",5
"2018-12-10 17:40:08",5
"2018-12-10 18:40:08",5
"2018-12-10 19:40:08",5
"2018-12-10 20:40:08",5
"2018-12-10 21:40:08",5
"2018-12-10 22:40:09",5
"2018-12-10 23:40:08",5
"2018-12-11 00:40:08",5
"2018-12-11 01:40:08",5
"2018-12-11 02:40:08",5
"2018-12-11 03:40:08",5
"2018-12-11 04:40:08",5
"2018-12-11 05:40:08",5
"2018-12-11 06:40:08",5
"2018-12-11 07:40:08",5
"2018-12-11 08:40:08",5
"2018-12-11 09:40:08",5
"2018-12-11 10:40:08",5
"2018-12-11 11:40:09",5
"2018-12-11 12:40:09",5
"2018-12-11 13:40:08",5
"2018-12-11 15:04:41",5
"2018-12-11 15:40:09",5
"2018-12-11 16:40:08",5
"2018-12-11 17:40:09",5
"2018-12-11 18:40:09",5
"2018-12-11 19:40:08",5
"2018-12-11 20:40:08",5
"2018-12-11 21:40:09",5
"2018-12-11 22:40:09",5
"2018-12-11 23:40:08",5
"2018-12-12 00:40:08",5
"2018-12-12 01:40:08",5
"2018-12-12 02:40:09",5
"2018-12-12 03:40:08",5
"2018-12-12 04:40:08",5
"2018-12-12 05:40:07",5
"2018-12-12 06:40:08",5
"2018-12-12 07:40:08",5
"2018-12-12 08:40:09",5
"2018-12-12 09:40:08",5
"2018-12-12 10:40:08",5
"2018-12-12 11:40:08",5
"2018-12-12 12:40:09",5
"2018-12-12 14:05:41",5
"2018-12-12 14:40:09",5
"2018-12-12 15:40:07",5
"2018-12-12 16:40:09",5
"2018-12-12 17:40:08",5
"2018-12-12 18:40:08",5
"2018-12-12 19:40:08",5
"2018-12-12 20:40:08",5
"2018-12-12 21:40:09",5
"2018-12-12 22:40:08",5
"2018-12-12 23:40:08",5
"2018-12-13 00:40:08",5
"2018-12-13 01:40:08",5
"2018-12-13 02:40:08",5
"2018-12-13 03:40:08",5
"2018-12-13 04:40:08",5
"2018-12-13 05:40:09",5
"2018-12-13 06:40:08",5
"2018-12-13 07:40:08",5
"2018-12-13 08:40:08",5
"2018-12-13 09:40:08",5
"2018-12-13 10:40:08",5
"2018-12-13 11:40:08",5
"2018-12-13 12:40:07",5
"2018-12-13 14:04:12",5
"2018-12-13 14:40:09",5
"2018-12-13 15:40:10",5
"2018-12-13 16:40:09",5
"2018-12-13 17:40:09",5
"2018-12-13 18:40:09",5
"2018-12-13 19:40:09",5
"2018-12-13 20:40:10",5
"2018-12-13 21:40:09",5
"2018-12-13 22:40:09",5
"2018-12-13 23:40:09",5
"2018-12-14 00:40:10",5
"2018-12-14 01:40:10",5
"2018-12-14 02:40:09",5
"2018-12-14 03:40:09",5
"2018-12-14 04:40:10",5
"2018-12-14 05:40:09",5
"2018-12-14 06:40:09",5
"2018-12-14 07:40:09",5
"2018-12-14 08:40:10",5
"2018-12-14 09:40:09",5
"2018-12-14 10:40:10",5
"2018-12-14 11:40:09",5
"2018-12-14 12:40:09",5
"2018-12-14 14:04:12",5
"2018-12-14 14:40:10",5
"2018-12-14 15:40:10",5
"2018-12-14 16:40:09",5
"2018-12-14 17:40:09",5
"2018-12-14 18:40:10",5
"2018-12-14 19:40:10",5
"2018-12-14 20:40:09",5
"2018-12-14 21:40:09",5
"2018-12-14 22:40:10",5
"2018-12-14 23:40:10",5
"2018-12-15 00:40:09",5
"2018-12-15 01:40:10",5
"2018-12-15 02:40:09",5
"2018-12-15 03:40:09",5
"2018-12-15 04:40:09",5
"2018-12-15 05:40:10",5
"2018-12-15 06:40:10",5
"2018-12-15 07:40:09",5
"2018-12-15 08:40:08",5
"2018-12-15 09:40:09",5
"2018-12-15 10:40:09",5
"2018-12-15 11:40:09",5
"2018-12-15 12:40:09",5
"2018-12-15 13:40:09",5
"2018-12-15 14:40:09",5
"2018-12-15 15:40:10",5
"2018-12-15 16:40:09",5
"2018-12-15 17:40:09",5
"2018-12-15 18:40:09",5
"2018-12-15 19:40:10",5
"2018-12-15 20:40:09",5
"2018-12-15 21:40:09",5
"2018-12-15 22:40:09",5
"2018-12-15 23:40:09",5
"2018-12-16 00:40:10",5
"2018-12-16 01:40:10",5
"2018-12-16 02:40:09",5
"2018-12-16 03:40:09",5
"2018-12-16 04:40:09",5
"2018-12-16 05:40:09",5
"2018-12-16 06:40:10",5
"2018-12-16 07:40:09",5
"2018-12-16 08:40:09",5
"2018-12-16 09:40:09",5
"2018-12-16 10:40:09",5
"2018-12-16 11:40:09",5
"2018-12-16 12:40:09",5
"2018-12-16 13:40:09",5
"2018-12-16 14:40:09",5
"2018-12-16 15:40:08",5
"2018-12-16 16:40:09",5
"2018-12-16 17:40:10",5
"2018-12-16 18:40:09",5
"2018-12-16 19:40:09",5
"2018-12-16 20:40:10",5
"2018-12-16 21:40:09",5
"2018-12-16 22:40:09",5
"2018-12-16 23:40:10",5
"2018-12-17 00:40:09",5
"2018-12-17 01:40:09",5
"2018-12-17 02:40:09",5
"2018-12-17 03:40:10",5
"2018-12-17 04:40:10",5
"2018-12-17 05:40:09",5
"2018-12-17 06:40:10",5
"2018-12-17 07:40:09",5
"2018-12-17 08:40:10",5
"2018-12-17 09:40:10",5
"2018-12-17 10:40:10",5
"2018-12-17 11:40:09",5
"2018-12-17 12:40:09",5
"2018-12-17 13:40:09",5
"2018-12-17 14:40:10",5
"2018-12-17 15:40:09",5
"2018-12-17 16:40:10",5
"2018-12-17 17:40:10",5
"2018-12-17 18:40:10",5
"2018-12-17 20:05:42",5
"2018-12-17 20:40:09",5
"2018-12-17 21:40:10",5
"2018-12-17 22:40:09",5
"2018-12-17 23:40:09",5
"2018-12-18 00:40:09",5
"2018-12-18 01:40:10",5
"2018-12-18 02:40:08",5
"2018-12-18 03:40:10",5
"2018-12-18 04:40:09",5
"2018-12-18 05:40:10",5
"2018-12-18 06:40:10",5
"2018-12-18 07:40:10",5
"2018-12-18 08:40:10",5
"2018-12-18 09:40:09",5
"2018-12-18 10:40:09",5
"2018-12-18 11:40:09",5
"2018-12-18 12:40:10",5
"2018-12-18 13:40:09",5
"2018-12-18 14:40:09",5
"2018-12-18 15:40:09",5
"2018-12-18 16:40:09",5
"2018-12-18 17:40:09",5
"2018-12-18 18:40:09",5
"2018-12-18 19:40:09",5
"2018-12-18 20:40:10",5
"2018-12-18 21:40:09",5
"2018-12-18 22:40:09",5
"2018-12-18 23:40:10",5
"2018-12-19 00:40:09",5
"2018-12-19 01:40:10",5
"2018-12-19 02:40:09",5
"2018-12-19 03:40:09",5
"2018-12-19 04:40:09",5
"2018-12-19 05:40:10",5
"2018-12-19 06:40:10",5
"2018-12-19 07:40:09",5
"2018-12-19 08:40:10",5
"2018-12-19 09:40:10",5
"2018-12-19 11:40:10",5
"2018-12-19 12:40:09",5
"2018-12-19 13:40:09",5
"2018-12-19 14:40:09",5
"2018-12-19 15:40:09",5
"2018-12-19 16:40:09",5
"2018-12-19 17:40:08",5
"2018-12-19 18:40:08",5
"2018-12-19 19:40:09",5
"2018-12-19 20:40:09",5
"2018-12-19 21:40:10",5
"2018-12-19 22:40:10",5
"2018-12-19 23:40:10",5
"2018-12-20 00:40:10",5
"2018-12-20 01:40:10",5
"2018-12-20 02:40:09",5
"2018-12-20 03:40:10",5
"2018-12-20 04:40:09",5
"2018-12-20 05:40:09",5
"2018-12-20 06:40:09",5
"2018-12-20 07:40:09",5
"2018-12-20 08:40:09",5
"2018-12-20 09:40:09",5
"2018-12-20 10:40:10",5
"2018-12-20 11:40:09",5
"2018-12-20 12:40:09",5
"2018-12-20 13:40:09",5
"2018-12-20 14:40:10",5
"2018-12-20 15:40:10",5
"2018-12-20 16:40:10",5
"2018-12-20 17:40:09",5
"2018-12-20 18:40:09",5
"2018-12-20 19:40:10",5
"2018-12-20 20:40:09",5
"2018-12-20 21:40:09",5
"2018-12-20 22:40:09",5
"2018-12-20 23:40:10",5
"2018-12-21 00:40:10",5
"2018-12-21 01:40:10",5
"2018-12-21 02:40:10",5
"2018-12-21 03:40:09",5
"2018-12-21 04:40:09",5
"2018-12-21 05:40:09",5
"2018-12-21 06:40:10",5
"2018-12-21 07:40:09",5
"2018-12-21 08:40:09",5
"2018-12-21 09:40:10",5
"2018-12-21 10:40:09",5
"2018-12-21 11:40:10",5
"2018-12-21 12:40:10",5
"2018-12-21 13:40:09",5
"2018-12-21 14:40:10",5
"2018-12-21 15:40:10",5
"2018-12-21 16:40:10",5
"2018-12-21 17:40:09",5
"2018-12-21 18:40:10",5
"2018-12-21 19:40:09",5
"2018-12-21 20:40:10",5
"2018-12-21 21:40:10",5
"2018-12-21 22:40:10",5
"2018-12-21 23:40:09",5
"2018-12-22 00:40:09",5
"2018-12-22 01:40:09",5
"2018-12-22 02:40:09",5
"2018-12-22 03:40:08",5
"2018-12-22 04:40:10",5
"2018-12-22 05:40:09",5
"2018-12-22 06:40:10",5
"2018-12-22 07:40:09",5
"2018-12-22 08:40:09",5
"2018-12-22 09:40:09",5
"2018-12-22 10:40:09",5
"2018-12-22 11:40:09",5
"2018-12-22 12:40:09",5
"2018-12-22 13:40:09",5
"2018-12-22 14:40:10",5
"2018-12-22 15:40:09",5
"2018-12-22 16:40:09",5
"2018-12-22 17:40:09",5
"2018-12-22 18:40:09",5
"2018-12-22 19:40:09",5
"2018-12-22 20:40:09",5
"2018-12-22 21:40:10",5
"2018-12-22 22:40:09",5
"2018-12-22 23:40:10",5
"2018-12-23 00:40:10",5
"2018-12-23 01:40:09",5
"2018-12-23 02:40:09",5
"2018-12-23 03:40:10",5
"2018-12-23 04:40:10",5
"2018-12-23 05:40:10",5
"2018-12-23 06:40:09",5
"2018-12-23 07:40:09",5
"2018-12-23 08:40:09",5
"2018-12-23 09:40:10",5
"2018-12-23 10:40:10",5
"2018-12-23 11:40:09",5
"2018-12-23 12:40:09",5
"2018-12-23 13:40:10",5
"2018-12-23 14:40:10",5
"2018-12-23 15:40:09",5
"2018-12-23 16:40:09",5
"2018-12-23 17:40:10",5
"2018-12-23 18:40:09",5
"2018-12-23 19:40:09",5
"2018-12-23 20:40:09",5
"2018-12-23 21:40:10",5
"2018-12-23 22:40:09",5
"2018-12-23 23:40:09",5
"2018-12-24 00:40:09",5
"2018-12-24 01:40:10",5
"2018-12-24 02:40:10",5
"2018-12-24 03:40:11",5
"2018-12-24 04:40:09",5
"2018-12-24 05:40:09",5
"2018-12-24 06:40:10",5
"2018-12-24 07:40:10",5
"2018-12-24 08:40:09",5
"2018-12-24 09:40:11",5
"2018-12-24 10:40:10",5
"2018-12-24 11:40:10",5
"2018-12-24 12:40:09",5
"2018-12-24 13:40:09",5
"2018-12-24 15:03:44",4
"2018-12-24 15:40:11",4
"2018-12-24 16:40:11",4
"2018-12-24 17:40:11",4
"2018-12-24 18:40:12",4
"2018-12-24 19:40:11",4
"2018-12-24 20:40:10",4
"2018-12-24 21:40:10",4
"2018-12-24 22:40:10",4
"2018-12-24 23:40:10",4
"2018-12-25 00:40:11",4
"2018-12-25 01:40:10",4
"2018-12-25 02:40:11",4
"2018-12-25 03:40:10",4
"2018-12-25 04:40:11",4
"2018-12-25 05:40:10",4
"2018-12-25 06:40:11",4
"2018-12-25 07:40:11",4
"2018-12-25 08:40:10",4
"2018-12-25 09:40:10",4
"2018-12-25 10:40:10",4
"2018-12-25 11:40:09",4
"2018-12-25 12:40:11",4
"2018-12-25 13:40:11",4
"2018-12-25 14:40:11",4
"2018-12-25 15:40:11",4
"2018-12-25 16:40:10",4
"2018-12-25 17:40:10",4
"2018-12-25 18:40:10",4
"2018-12-25 19:40:11",4
"2018-12-25 20:40:10",4
"2018-12-25 21:40:11",4
"2018-12-25 22:40:10",4
"2018-12-25 23:40:10",4
"2018-12-26 00:40:10",4
"2018-12-26 01:40:11",4
"2018-12-26 02:40:10",4
"2018-12-26 03:40:10",4
"2018-12-26 04:40:10",4
"2018-12-26 05:40:10",4
"2018-12-26 06:40:11",4
"2018-12-26 07:40:10",4
"2018-12-26 08:40:10",4
"2018-12-26 09:40:10",4
"2018-12-26 10:40:10",4
"2018-12-26 11:40:10",4
"2018-12-26 12:40:10",4
"2018-12-26 13:40:11",4
"2018-12-26 15:05:15",4
"2018-12-26 15:40:10",4
"2018-12-26 16:40:11",4
"2018-12-26 17:40:11",4
"2018-12-26 18:40:10",4
"2018-12-26 19:40:10",4
"2018-12-26 20:40:10",4
"2018-12-26 21:40:11",4
"2018-12-26 22:40:10",4
"2018-12-26 23:40:10",4
"2018-12-27 00:40:11",4
"2018-12-27 01:40:11",4
"2018-12-27 02:40:10",4
"2018-12-27 03:40:11",4
"2018-12-27 04:40:10",4
"2018-12-27 05:40:10",4
"2018-12-27 06:40:10",4
"2018-12-27 07:40:10",4
"2018-12-27 08:40:11",4
"2018-12-27 09:40:11",4
"2018-12-27 10:40:10",4
"2018-12-27 11:40:10",4
"2018-12-27 12:40:10",4
"2018-12-27 13:40:10",4
"2018-12-27 14:40:10",4
"2018-12-27 15:40:10",4
"2018-12-27 16:40:11",4
"2018-12-27 17:40:11",4
"2018-12-27 18:40:10",4
"2018-12-27 19:40:11",4
"2018-12-27 20:40:10",4
"2018-12-27 21:40:11",4
"2018-12-27 22:40:12",4
"2018-12-27 23:40:13",4
"2018-12-28 00:40:11",4
"2018-12-28 01:40:10",4
"2018-12-28 02:40:10",4
"2018-12-28 03:40:10",4
"2018-12-28 04:40:11",4
"2018-12-28 05:40:11",4
"2018-12-28 06:40:10",4
"2018-12-28 07:40:11",4
"2018-12-28 08:40:11",4
"2018-12-28 09:40:11",4
"2018-12-28 10:40:10",4
"2018-12-28 11:40:10",4
"2018-12-28 12:40:10",4
"2018-12-28 13:40:10",4
"2018-12-28 14:40:10",4
"2018-12-28 16:05:44",4
"2018-12-28 16:40:11",4
"2018-12-28 17:40:10",4
"2018-12-28 18:40:11",4
"2018-12-28 19:40:11",4
"2018-12-28 20:40:10",4
"2018-12-28 21:40:11",4
"2018-12-28 22:40:10",4
"2018-12-28 23:40:11",4
"2018-12-29 00:40:10",4
"2018-12-29 01:40:10",4
"2018-12-29 02:40:10",4
"2018-12-29 03:40:10",4
"2018-12-29 04:40:11",4
"2018-12-29 05:40:11",4
"2018-12-29 06:40:10",4
"2018-12-29 07:40:10",4
"2018-12-29 08:40:11",4
"2018-12-29 09:40:10",4
"2018-12-29 10:40:10",4
"2018-12-29 11:40:11",4
"2018-12-29 12:40:11",4
"2018-12-29 13:40:10",4
"2018-12-29 14:40:10",4
"2018-12-29 15:40:10",4
"2018-12-29 16:40:11",4
"2018-12-29 17:40:10",4
"2018-12-29 18:40:10",4
"2018-12-29 19:40:10",4
"2018-12-29 20:40:10",4
"2018-12-29 21:40:11",4
"2018-12-29 22:40:11",4
"2018-12-29 23:40:11",4
"2018-12-30 00:40:10",4
"2018-12-30 01:40:11",4
"2018-12-30 02:40:10",4
"2018-12-30 03:40:10",4
"2018-12-30 04:40:10",4
"2018-12-30 05:40:10",4
"2018-12-30 06:40:10",4
"2018-12-30 07:40:10",4
"2018-12-30 08:40:10",4
"2018-12-30 09:40:10",4
"2018-12-30 10:40:10",4
"2018-12-30 11:40:11",4
"2018-12-30 12:40:11",4
"2018-12-30 13:40:11",4
"2018-12-30 14:40:10",4
"2018-12-30 15:40:10",4
"2018-12-30 16:40:10",4
"2018-12-30 17:40:10",4
"2018-12-30 18:40:10",4
"2018-12-30 19:40:11",4
"2018-12-30 20:40:10",4
"2018-12-30 21:40:11",4
"2018-12-30 22:40:11",4
"2018-12-30 23:40:10",4
"2018-12-31 00:40:10",4
"2018-12-31 01:40:10",4
"2018-12-31 02:40:10",4
"2018-12-31 03:40:11",4
"2018-12-31 04:40:11",4
"2018-12-31 05:40:10",4
"2018-12-31 06:40:10",4
"2018-12-31 07:40:10",4
"2018-12-31 08:40:10",4
"2018-12-31 09:40:10",4
"2018-12-31 10:40:10",4
"2018-12-31 11:40:10",4
"2018-12-31 12:40:10",4
"2018-12-31 13:40:10",4
"2018-12-31 14:40:11",4
"2018-12-31 15:40:10",4
"2018-12-31 16:40:10",5
"2018-12-31 17:40:11",5
"2018-12-31 18:40:10",5
"2018-12-31 19:40:11",5
"2018-12-31 20:40:11",5
"2018-12-31 21:40:11",5
"2018-12-31 22:40:11",5
"2018-12-31 23:40:11",5
"2019-01-01 00:40:11",5
"2019-01-01 01:40:10",5
"2019-01-01 02:40:11",5
"2019-01-01 03:40:10",5
"2019-01-01 04:40:11",5
"2019-01-01 05:40:10",5
"2019-01-01 06:40:10",5
"2019-01-01 07:40:10",5
"2019-01-01 08:40:11",5
"2019-01-01 09:40:09",5
"2019-01-01 10:40:10",5
"2019-01-01 11:40:10",5
"2019-01-01 12:40:10",5
"2019-01-01 13:40:10",5
"2019-01-01 14:40:11",5
"2019-01-01 15:40:11",5
"2019-01-01 16:40:11",5
"2019-01-01 17:40:11",5
"2019-01-01 18:40:09",5
"2019-01-01 19:40:11",5
"2019-01-01 20:40:11",5
"2019-01-01 21:40:10",5
"2019-01-01 22:40:11",5
"2019-01-01 23:40:10",5
"2019-01-02 00:40:10",5
"2019-01-02 01:40:10",5
"2019-01-02 02:40:10",5
"2019-01-02 03:40:10",5
"2019-01-02 04:40:11",5
"2019-01-02 05:40:11",5
"2019-01-02 06:40:11",5
"2019-01-02 07:40:11",5
"2019-01-02 08:40:10",5
"2019-01-02 09:40:11",5
"2019-01-02 10:40:11",5
"2019-01-02 11:40:10",5
"2019-01-02 12:40:10",5
"2019-01-02 13:40:10",5
"2019-01-02 15:05:15",5
"2019-01-02 15:40:12",5
"2019-01-02 16:40:11",5
"2019-01-02 17:40:11",5
"2019-01-02 18:40:12",5
"2019-01-02 19:40:11",5
"2019-01-02 20:40:12",5
"2019-01-02 21:40:11",5
"2019-01-02 22:40:11",5
"2019-01-02 23:40:11",5
"2019-01-03 00:40:12",5
"2019-01-03 01:40:12",5
"2019-01-03 02:40:12",5
"2019-01-03 03:40:11",5
"2019-01-03 05:40:11",5
"2019-01-03 06:40:11",5
"2019-01-03 07:40:12",5
"2019-01-03 08:40:12",5
"2019-01-03 09:40:12",5
"2019-01-03 10:40:12",5
"2019-01-03 11:40:11",5
"2019-01-03 12:40:12",5
"2019-01-03 13:40:10",5
"2019-01-03 14:40:12",5
"2019-01-03 15:40:12",5
"2019-01-03 16:40:13",5
"2019-01-03 17:40:12",5
"2019-01-03 18:40:12",5
"2019-01-03 19:40:12",5
"2019-01-03 20:40:12",5
"2019-01-03 21:40:11",5
"2019-01-03 22:40:12",5
"2019-01-03 23:40:11",5
"2019-01-04 00:40:12",5
"2019-01-04 01:40:12",5
"2019-01-04 02:40:12",5
"2019-01-04 03:40:12",5
"2019-01-04 04:40:11",5
"2019-01-04 05:40:12",5
"2019-01-04 06:40:11",5
"2019-01-04 07:40:11",5
"2019-01-04 08:40:11",5
"2019-01-04 09:40:11",5
"2019-01-04 10:40:11",5
"2019-01-04 11:40:12",5
"2019-01-04 12:40:12",5
"2019-01-04 13:40:11",5
"2019-01-04 15:04:45",5
"2019-01-04 15:40:12",5
"2019-01-04 16:40:12",5
"2019-01-04 17:40:11",5
"2019-01-04 18:40:12",5
"2019-01-04 19:40:12",5
"2019-01-04 20:40:11",5
"2019-01-04 21:40:12",5
"2019-01-04 22:40:11",5
"2019-01-04 23:40:12",5
"2019-01-05 00:40:12",5
"2019-01-05 01:40:12",5
"2019-01-05 02:40:12",5
"2019-01-05 03:40:11",5
"2019-01-05 04:40:12",5
"2019-01-05 05:40:12",5
"2019-01-05 06:40:10",5
"2019-01-05 07:40:11",5
"2019-01-05 08:40:12",5
"2019-01-05 09:40:11",5
"2019-01-05 10:40:12",5
"2019-01-05 11:40:11",5
"2019-01-05 12:40:12",5
"2019-01-05 13:40:12",5
"2019-01-05 14:40:12",5
"2019-01-05 15:40:11",5
"2019-01-05 16:40:12",5
"2019-01-05 17:40:11",5
"2019-01-05 18:40:12",5
"2019-01-05 19:40:12",5
"2019-01-05 20:40:11",5
"2019-01-05 21:40:12",5
"2019-01-05 22:40:11",5
"2019-01-05 23:40:12",5
"2019-01-06 00:40:12",5
"2019-01-06 01:40:11",5
"2019-01-06 02:40:11",5
"2019-01-06 03:40:11",5
"2019-01-06 04:40:12",5
"2019-01-06 05:40:11",5
"2019-01-06 06:40:11",5
"2019-01-06 07:40:12",5
"2019-01-06 08:40:10",5
"2019-01-06 09:40:11",5
"2019-01-06 10:40:11",5
"2019-01-06 11:40:11",5
"2019-01-06 12:40:11",5
"2019-01-06 13:40:11",5
"2019-01-06 14:40:11",5
"2019-01-06 15:40:12",5
"2019-01-06 16:40:12",5
"2019-01-06 17:40:12",5
"2019-01-06 18:40:11",5
"2019-01-06 19:40:11",5
"2019-01-06 20:40:11",5
"2019-01-06 21:40:11",5
"2019-01-06 22:40:11",5
"2019-01-06 23:40:11",5
"2019-01-07 00:40:11",5
"2019-01-07 01:40:11",5
"2019-01-07 02:40:11",5
"2019-01-07 03:40:12",5
"2019-01-07 04:40:12",5
"2019-01-07 05:40:11",5
"2019-01-07 06:40:12",5
"2019-01-07 07:40:11",5
"2019-01-07 08:40:11",5
"2019-01-07 09:40:12",5
"2019-01-07 10:40:12",5
"2019-01-07 11:40:11",5
"2019-01-07 12:40:13",5
"2019-01-07 14:05:44",5
"2019-01-07 14:40:12",5
"2019-01-07 15:40:12",5
"2019-01-07 16:40:12",5
"2019-01-07 17:40:12",5
"2019-01-07 18:40:12",5
"2019-01-07 19:40:11",5
"2019-01-07 20:40:12",5
"2019-01-07 21:40:12",5
"2019-01-07 22:40:12",5
"2019-01-07 23:40:12",5
"2019-01-08 00:40:11",5
"2019-01-08 01:40:11",5
"2019-01-08 02:40:12",5
"2019-01-08 03:40:12",5
"2019-01-08 04:40:12",5
"2019-01-08 05:40:12",5
"2019-01-08 06:40:12",5
"2019-01-08 07:40:12",5
"2019-01-08 08:40:12",5
"2019-01-08 09:40:11",5
"2019-01-08 10:40:12",5
"2019-01-08 11:40:11",5
"2019-01-08 12:40:11",5
"2019-01-08 13:40:12",5
"2019-01-08 14:40:12",5
"2019-01-08 15:40:11",5
"2019-01-08 16:40:11",5
"2019-01-08 17:40:12",5
"2019-01-08 18:40:12",5
"2019-01-08 19:40:11",5
"2019-01-08 20:40:11",5
"2019-01-08 21:40:11",5
"2019-01-08 22:40:11",5
"2019-01-08 23:40:12",5
"2019-01-09 00:40:11",5
"2019-01-09 01:40:12",5
"2019-01-09 02:40:11",5
"2019-01-09 03:40:16",5
"2019-01-09 04:40:12",5
"2019-01-09 05:40:12",5
"2019-01-09 06:40:12",5
"2019-01-09 07:40:12",5
"2019-01-09 08:40:11",5
"2019-01-09 09:40:11",5
"2019-01-09 10:40:12",5
"2019-01-09 11:40:12",5
"2019-01-09 12:40:11",5
"2019-01-09 14:05:44",5
"2019-01-09 14:40:11",5
"2019-01-09 15:40:11",5
"2019-01-09 16:40:12",5
"2019-01-09 17:40:11",5
"2019-01-09 18:40:12",5
"2019-01-09 19:40:12",5
"2019-01-09 20:40:12",5
"2019-01-09 21:40:11",5
"2019-01-09 22:40:11",5
"2019-01-09 23:40:11",5
"2019-01-10 00:40:11",5
"2019-01-10 01:40:11",5
"2019-01-10 02:40:12",5
"2019-01-10 03:40:11",5
"2019-01-10 04:40:11",5
"2019-01-10 05:40:11",5
"2019-01-10 06:40:11",5
"2019-01-10 07:40:12",5
"2019-01-10 08:40:12",5
"2019-01-10 09:40:11",5
"2019-01-10 10:40:12",5
"2019-01-10 11:40:11",5
"2019-01-10 12:40:11",5
"2019-01-10 13:40:12",5
"2019-01-10 15:04:45",5
"2019-01-10 15:40:12",5
"2019-01-10 16:40:11",5
"2019-01-10 17:40:12",5
"2019-01-10 18:40:12",5
"2019-01-10 19:40:11",5
"2019-01-10 20:40:12",5
"2019-01-10 21:40:11",5
"2019-01-10 22:40:11",5
"2019-01-10 23:40:12",5
"2019-01-11 00:40:12",5
"2019-01-11 01:40:10",5
"2019-01-11 02:40:11",5
"2019-01-11 03:40:11",5
"2019-01-11 04:40:11",5
"2019-01-11 05:40:12",5
"2019-01-11 06:40:11",5
"2019-01-11 07:40:13",5
"2019-01-11 08:40:11",5
"2019-01-11 09:40:11",5
"2019-01-11 10:40:11",5
"2019-01-11 11:40:12",5
"2019-01-11 12:40:12",5
"2019-01-11 13:40:11",5
"2019-01-11 14:40:12",5
"2019-01-11 15:40:12",5
"2019-01-11 16:40:11",5
"2019-01-11 17:40:11",5
"2019-01-11 18:40:12",5
"2019-01-11 19:40:11",5
"2019-01-11 20:40:12",5
"2019-01-11 21:40:11",6
"2019-01-11 22:40:12",6
"2019-01-11 23:40:11",6
"2019-01-12 00:40:11",6
"2019-01-12 01:40:12",6
"2019-01-12 02:40:11",6
"2019-01-12 03:40:11",6
"2019-01-12 04:40:11",6
"2019-01-12 05:40:11",6
"2019-01-12 06:40:12",6
"2019-01-12 07:40:11",6
"2019-01-12 08:40:12",6
"2019-01-12 09:40:12",6
"2019-01-12 10:40:12",6
"2019-01-12 11:40:12",6
"2019-01-12 12:40:11",6
"2019-01-12 13:40:11",6
"2019-01-12 14:40:12",6
"2019-01-12 15:40:11",6
"2019-01-12 16:40:11",6
"2019-01-12 17:40:12",6
"2019-01-12 18:40:11",6
"2019-01-12 19:40:12",6
"2019-01-12 20:40:12",6
"2019-01-12 21:40:12",6
"2019-01-12 22:40:12",6
"2019-01-12 23:40:12",6
"2019-01-13 00:40:12",6
"2019-01-13 01:40:11",6
"2019-01-13 02:40:12",6
"2019-01-13 03:40:12",6
"2019-01-13 04:40:13",6
"2019-01-13 05:40:12",6
"2019-01-13 06:40:11",6
"2019-01-13 07:40:12",6
"2019-01-13 08:40:11",6
"2019-01-13 09:40:12",6
"2019-01-13 10:40:12",6
"2019-01-13 11:40:12",6
"2019-01-13 12:40:11",6
"2019-01-13 13:40:12",6
"2019-01-13 14:40:11",6
"2019-01-13 15:40:12",6
"2019-01-13 16:40:11",6
"2019-01-13 17:40:11",6
"2019-01-13 18:40:11",6
"2019-01-13 19:40:12",6
"2019-01-13 20:40:11",6
"2019-01-13 21:40:11",6
"2019-01-13 22:40:11",6
"2019-01-13 23:40:12",6
"2019-01-14 00:40:11",6
"2019-01-14 01:40:11",6
"2019-01-14 02:40:11",6
"2019-01-14 03:40:11",6
"2019-01-14 04:40:12",6
"2019-01-14 05:40:12",6
"2019-01-14 06:40:11",6
"2019-01-14 07:40:11",6
"2019-01-14 08:40:11",6
"2019-01-14 09:40:12",6
"2019-01-14 10:40:12",6
"2019-01-14 11:40:12",6
"2019-01-14 12:40:12",6
"2019-01-14 13:40:11",6
"2019-01-14 14:40:11",6
"2019-01-14 15:40:12",6
"2019-01-14 16:40:12",6
"2019-01-14 17:40:11",6
"2019-01-14 18:40:11",6
"2019-01-14 19:40:11",6
"2019-01-14 20:40:11",6
"2019-01-14 21:40:11",6
"2019-01-14 22:40:11",6
"2019-01-14 23:40:11",6
"2019-01-15 00:40:12",6
"2019-01-15 01:40:11",6
"2019-01-15 02:40:11",6
"2019-01-15 03:40:11",6
"2019-01-15 04:40:12",6
"2019-01-15 05:40:11",6
"2019-01-15 06:40:11",6
"2019-01-15 07:40:12",6
"2019-01-15 08:40:11",6
"2019-01-15 09:40:11",6
"2019-01-15 10:40:11",6
"2019-01-15 11:40:11",6
"2019-01-15 12:40:11",6
"2019-01-15 13:40:11",6
"2019-01-15 14:40:14",6
"2019-01-15 15:40:13",6
"2019-01-15 16:40:12",6
"2019-01-15 17:40:12",6
"2019-01-15 18:40:13",6
"2019-01-15 19:40:12",6
"2019-01-15 20:40:13",6
"2019-01-15 21:40:13",6
"2019-01-15 22:40:13",6
"2019-01-15 23:40:13",6
"2019-01-16 00:40:12",6
"2019-01-16 01:40:14",6
"2019-01-16 02:40:13",6
"2019-01-16 03:40:12",6
"2019-01-16 04:40:13",6
"2019-01-16 05:40:12",6
"2019-01-16 06:40:12",6
"2019-01-16 07:40:12",6
"2019-01-16 08:40:12",6
"2019-01-16 09:40:13",6
"2019-01-16 10:40:12",6
"2019-01-16 11:40:12",6
"2019-01-16 12:40:12",6
"2019-01-16 14:06:45",6
"2019-01-16 15:05:46",6
"2019-01-16 15:40:13",6
"2019-01-16 16:40:13",6
"2019-01-16 17:40:12",6
"2019-01-16 18:40:13",6
"2019-01-16 19:40:13",6
"2019-01-16 20:40:13",6
"2019-01-16 21:40:13",6
"2019-01-16 22:40:12",6
"2019-01-16 23:40:12",6
"2019-01-17 00:40:12",6
"2019-01-17 01:40:13",6
"2019-01-17 02:40:12",6
"2019-01-17 03:40:12",6
"2019-01-17 04:40:13",6
"2019-01-17 05:40:12",6
"2019-01-17 06:40:13",6
"2019-01-17 07:40:12",6
"2019-01-17 08:40:12",6
"2019-01-17 09:40:13",6
"2019-01-17 10:40:13",6
"2019-01-17 11:40:12",6
"2019-01-17 12:40:12",6
"2019-01-17 13:40:12",6
"2019-01-17 15:06:17",6
"2019-01-17 15:40:13",6
"2019-01-17 16:40:12",6
"2019-01-17 17:40:12",6
"2019-01-17 18:40:13",6
"2019-01-17 19:40:12",6
"2019-01-17 20:40:12",6
"2019-01-17 21:40:12",6
"2019-01-17 22:40:13",6
"2019-01-17 23:40:12",6
"2019-01-18 00:40:11",6
"2019-01-18 01:40:12",6
"2019-01-18 02:40:12",6
"2019-01-18 03:40:13",6
"2019-01-18 04:40:12",6
"2019-01-18 05:40:12",6
"2019-01-18 06:40:11",6
"2019-01-18 07:40:13",6
"2019-01-18 08:40:12",6
"2019-01-18 09:40:13",6
"2019-01-18 10:40:12",6
"2019-01-18 11:40:11",6
"2019-01-18 12:40:13",6
"2019-01-18 13:40:12",6
"2019-01-18 14:40:13",6
"2019-01-18 15:40:13",6
"2019-01-18 16:40:13",6
"2019-01-18 17:40:14",6
"2019-01-18 18:40:13",6
"2019-01-18 19:40:11",6
"2019-01-18 20:40:12",6
"2019-01-18 21:40:12",6
"2019-01-18 22:40:12",6
"2019-01-18 23:40:12",6
"2019-01-19 00:40:12",6
"2019-01-19 01:40:12",6
"2019-01-19 02:40:13",6
"2019-01-19 03:40:13",6
"2019-01-19 04:40:13",6
"2019-01-19 05:40:12",6
"2019-01-19 06:40:12",6
"2019-01-19 07:40:12",6
"2019-01-19 08:40:12",6
"2019-01-19 09:40:13",6
"2019-01-19 10:40:13",6
"2019-01-19 11:40:12",6
"2019-01-19 12:40:12",6
"2019-01-19 13:40:13",6
"2019-01-19 14:40:12",6
"2019-01-19 15:40:13",6
"2019-01-19 16:40:13",6
"2019-01-19 17:40:12",6
"2019-01-19 18:40:12",6
"2019-01-19 19:40:12",6
"2019-01-19 20:40:12",6
"2019-01-19 21:40:12",6
"2019-01-19 22:40:12",6
"2019-01-19 23:40:13",6
"2019-01-20 00:40:13",6
"2019-01-20 01:40:12",6
"2019-01-20 02:40:13",6
"2019-01-20 03:40:12",6
"2019-01-20 04:40:13",6
"2019-01-20 05:40:13",6
"2019-01-20 06:40:12",6
"2019-01-20 07:40:13",6
"2019-01-20 08:40:12",6
"2019-01-20 09:40:12",6
"2019-01-20 10:40:12",6
"2019-01-20 11:40:13",6
"2019-01-20 12:40:12",6
"2019-01-20 13:40:12",6
"2019-01-20 14:40:12",6
"2019-01-20 15:40:13",6
"2019-01-20 16:40:13",6
"2019-01-20 17:40:13",6
"2019-01-20 18:40:12",6
"2019-01-20 19:40:12",6
"2019-01-20 20:40:12",6
"2019-01-20 21:40:12",6
"2019-01-20 22:40:13",6
"2019-01-20 23:40:13",6
"2019-01-21 00:40:12",6
"2019-01-21 01:40:13",6
"2019-01-21 02:40:13",6
"2019-01-21 03:40:13",6
"2019-01-21 04:40:13",6
"2019-01-21 05:40:12",6
"2019-01-21 06:40:12",6
"2019-01-21 07:40:12",6
"2019-01-21 08:40:12",6
"2019-01-21 09:40:13",6
"2019-01-21 10:40:13",6
"2019-01-21 11:40:12",6
"2019-01-21 12:40:13",6
"2019-01-21 13:40:12",6
"2019-01-21 14:40:12",6
"2019-01-21 15:40:12",6
"2019-01-21 16:40:12",6
"2019-01-21 17:40:12",6
"2019-01-21 18:40:12",6
"2019-01-21 19:40:12",6
"2019-01-21 20:40:12",6
"2019-01-21 21:40:12",6
"2019-01-21 22:40:13",6
"2019-01-21 23:40:12",6
"2019-01-22 00:40:12",6
"2019-01-22 01:40:11",6
"2019-01-22 02:40:13",6
"2019-01-22 03:40:12",6
"2019-01-22 04:40:12",6
"2019-01-22 05:40:13",6
"2019-01-22 06:40:12",6
"2019-01-22 07:40:12",6
"2019-01-22 08:40:12",6
"2019-01-22 09:40:12",6
"2019-01-22 10:40:12",6
"2019-01-22 11:40:12",6
"2019-01-22 12:40:12",6
"2019-01-22 13:40:12",6
"2019-01-22 14:40:12",6
"2019-01-22 15:40:12",5
"2019-01-22 16:40:12",5
"2019-01-22 17:40:12",5
"2019-01-22 18:40:12",5
"2019-01-22 19:40:12",5
"2019-01-22 20:40:12",5
"2019-01-22 21:40:13",5
"2019-01-22 22:40:12",5
"2019-01-22 23:40:12",5
"2019-01-23 00:40:12",5
"2019-01-23 01:40:12",5
"2019-01-23 02:40:12",5
"2019-01-23 03:40:12",5
"2019-01-23 04:40:13",5
"2019-01-23 05:40:13",5
"2019-01-23 06:40:13",5
"2019-01-23 07:40:12",5
"2019-01-23 08:40:13",5
"2019-01-23 09:40:13",5
"2019-01-23 10:40:12",5
"2019-01-23 11:40:12",5
"2019-01-23 12:40:13",5
"2019-01-23 13:40:13",5
"2019-01-23 15:04:16",5
"2019-01-23 15:40:13",5
"2019-01-23 16:40:12",5
"2019-01-23 17:40:13",5
"2019-01-23 18:40:13",5
"2019-01-23 19:40:13",5
"2019-01-23 20:40:13",5
"2019-01-23 21:40:13",5
"2019-01-23 22:40:13",5
"2019-01-23 23:40:13",5
"2019-01-30 08:05:06",5
"2019-01-30 08:06:38",5
"2019-01-30 08:08:54",5
"2019-01-30 08:12:11",5
"2019-01-30 08:18:16",5
"2019-01-30 08:40:29",5
"2019-01-30 08:40:32",5
"2019-01-30 09:40:27",5
"2019-01-30 09:40:30",5
"2019-01-30 10:40:28",5
"2019-01-30 10:40:31",5
"2019-01-30 11:40:29",5
"2019-01-30 11:40:32",5
"2019-01-30 12:40:30",5
"2019-01-30 12:40:33",5
"2019-01-30 13:40:29",5
"2019-01-30 13:40:32",5
"2019-01-30 14:40:30",5
"2019-01-30 14:40:33",5
"2019-01-30 15:40:27",5
"2019-01-30 15:40:31",5
"2019-01-30 16:40:28",5
"2019-01-30 16:40:32",5
"2019-01-30 17:40:29",5
"2019-01-30 17:40:32",5
"2019-01-30 18:40:28",5
"2019-01-30 18:40:31",5
"2019-01-30 19:40:30",5
"2019-01-30 19:40:34",5
"2019-01-30 20:40:28",5
"2019-01-30 20:40:31",5
"2019-01-30 21:40:30",5
"2019-01-30 21:40:33",5
"2019-01-30 22:40:27",5
"2019-01-30 22:40:30",5
"2019-01-30 23:40:28",5
"2019-01-30 23:40:32",5
"2019-01-31 00:40:32",5
"2019-01-31 00:40:33",5
"2019-01-31 01:40:27",5
"2019-01-31 01:40:30",5
"2019-01-31 02:40:29",5
"2019-01-31 02:40:32",5
"2019-01-31 03:40:28",5
"2019-01-31 03:40:31",5
"2019-01-31 04:40:27",5
"2019-01-31 04:40:31",5
"2019-01-31 05:40:27",5
"2019-01-31 05:40:30",5
"2019-01-31 06:40:30",5
"2019-01-31 06:40:33",5
"2019-01-31 08:09:06",5
"2019-01-31 08:13:42",5
"2019-01-31 08:40:18",5
"2019-01-31 10:03:51",5
"2019-01-31 10:40:18",5
"2019-01-31 11:40:17",5
"2019-01-31 12:40:17",5
"2019-01-31 13:40:18",5
"2019-01-31 15:40:17",5
"2019-01-31 16:40:21",5
"2019-01-31 17:40:18",5
"2019-01-31 18:40:17",5
"2019-01-31 19:40:20",5
"2019-01-31 20:40:18",5
"2019-01-31 21:40:18",5
"2019-01-31 22:40:17",5
"2019-01-31 23:40:17",5
"2019-02-01 00:40:18",5
"2019-02-01 01:40:18",5
"2019-02-01 02:40:19",5
"2019-02-01 03:40:18",5
"2019-02-01 04:40:18",5
"2019-02-01 05:40:17",5
"2019-02-01 06:40:17",5
"2019-02-01 07:40:18",5
"2019-02-01 08:40:17",5
"2019-02-01 09:40:17",5
"2019-02-01 10:40:18",5
"2019-02-01 11:40:18",5
"2019-02-01 12:40:17",5
"2019-02-01 13:40:17",5
"2019-02-01 14:40:18",5
"2019-02-01 15:40:18",5
"2019-02-01 16:40:17",5
"2019-02-01 17:40:17",6
"2019-02-01 18:40:19",6
"2019-02-01 19:40:19",6
"2019-02-01 20:40:17",6
"2019-02-01 21:40:19",6
"2019-02-01 22:40:18",6
"2019-02-02 00:05:20",6
"2019-02-02 00:40:19",6
"2019-02-02 01:40:18",6
"2019-02-02 02:40:18",6
"2019-02-02 03:40:17",6
"2019-02-02 04:40:17",6
"2019-02-02 05:40:17",6
"2019-02-02 06:40:17",6
"2019-02-02 07:40:17",6
"2019-02-02 08:40:17",6
"2019-02-02 09:40:18",6
"2019-02-02 10:40:17",6
"2019-02-02 11:40:18",6
"2019-02-02 12:40:17",6
"2019-02-02 13:40:18",6
"2019-02-02 14:40:19",6
"2019-02-02 15:40:17",6
"2019-02-02 16:40:19",6
"2019-02-02 17:40:17",6
"2019-02-02 18:40:19",6
"2019-02-02 19:40:17",6
"2019-02-02 20:40:18",6
"2019-02-02 21:40:17",6
"2019-02-02 22:40:18",6
"2019-02-02 23:40:18",6
"2019-02-03 00:40:19",6
"2019-02-03 01:40:18",6
"2019-02-03 02:40:18",6
"2019-02-03 03:40:18",6
"2019-02-03 04:40:19",6
"2019-02-03 05:40:16",6
"2019-02-03 06:40:18",6
"2019-02-03 07:40:17",6
"2019-02-03 08:40:17",6
"2019-02-03 09:40:18",6
"2019-02-03 10:40:17",6
"2019-02-03 11:40:18",6
"2019-02-03 12:40:18",6
"2019-02-03 13:40:18",6
"2019-02-03 14:40:20",6
"2019-02-03 15:40:17",6
"2019-02-03 16:40:18",6
"2019-02-03 17:40:18",6
"2019-02-03 18:40:20",6
"2019-02-03 19:40:17",6
"2019-02-03 20:40:17",6
"2019-02-03 21:40:18",6
"2019-02-03 22:40:19",6
"2019-02-03 23:40:19",6
"2019-02-04 00:40:19",6
"2019-02-04 01:40:18",6
"2019-02-04 02:40:18",6
"2019-02-04 03:40:17",6
"2019-02-04 04:40:19",6
"2019-02-04 05:40:17",6
"2019-02-04 06:40:17",6
"2019-02-04 07:40:18",6
"2019-02-04 08:40:18",6
"2019-02-04 09:40:17",6
"2019-02-04 10:40:18",6
"2019-02-04 11:40:18",6
"2019-02-04 12:40:16",6
"2019-02-04 13:40:18",6
"2019-02-04 14:40:19",6
"2019-02-04 15:40:19",7
"2019-02-04 16:40:19",7
"2019-02-04 17:40:17",7
"2019-02-04 18:40:19",7
"2019-02-04 19:40:18",7
"2019-02-04 20:40:20",7
"2019-02-04 21:40:18",7
"2019-02-04 22:40:19",7
"2019-02-04 23:40:20",7
"2019-02-05 00:40:20",7
"2019-02-05 01:40:20",7
"2019-02-05 02:40:19",7
"2019-02-05 03:40:18",7
"2019-02-05 04:40:18",7
"2019-02-05 05:40:19",7
"2019-02-05 06:40:19",7
"2019-02-05 07:40:18",7
"2019-02-05 08:40:18",7
"2019-02-05 09:40:17",7
"2019-02-05 10:40:19",7
"2019-02-05 11:40:18",7
"2019-02-05 12:40:17",7
"2019-02-05 13:40:18",7
"2019-02-05 14:40:18",7
"2019-02-05 15:40:18",7
"2019-02-05 16:40:19",7
"2019-02-05 17:40:18",7
"2019-02-05 18:40:19",7
"2019-02-05 19:40:19",7
"2019-02-05 20:40:18",7
"2019-02-05 21:40:17",6
"2019-02-05 22:40:19",6
"2019-02-05 23:40:22",6
"2019-02-06 00:40:20",6
"2019-02-06 01:40:17",6
"2019-02-06 02:40:18",6
"2019-02-06 03:40:18",6
"2019-02-06 04:40:18",6
"2019-02-06 05:40:18",6
"2019-02-06 06:40:19",6
"2019-02-06 07:40:19",6
"2019-02-06 08:40:15",6
"2019-02-06 09:40:15",6
"2019-02-07 02:40:20",6
"2019-02-07 03:40:18",6
"2019-02-07 04:40:19",6
"2019-02-07 05:40:20",6
"2019-02-07 06:40:18",6
"2019-02-07 07:40:18",6
"2019-02-07 08:40:19",6
"2019-02-07 09:40:18",6
"2019-02-07 10:40:20",6
"2019-02-07 11:40:20",6
"2019-02-07 12:40:20",6
"2019-02-07 13:40:18",6
"2019-02-07 15:03:51",6
"2019-02-07 15:40:20",6
"2019-02-07 16:40:23",6
"2019-02-07 17:40:20",6
"2019-02-07 18:40:22",6
"2019-02-07 19:40:22",6
"2019-02-07 20:40:20",6
"2019-02-07 21:40:20",6
"2019-02-07 22:40:19",6
"2019-02-07 23:40:21",6
"2019-02-08 00:40:21",6
"2019-02-08 01:40:21",6
"2019-02-08 02:40:21",6
"2019-02-08 03:40:23",6
"2019-02-08 04:40:20",6
"2019-02-08 05:40:19",6
"2019-02-08 06:40:19",6
"2019-02-08 07:40:20",6
"2019-02-08 08:40:19",6
"2019-02-08 09:40:20",6
"2019-02-08 10:40:20",6
"2019-02-08 11:40:20",6
"2019-02-08 12:40:21",6
"2019-02-08 13:40:21",6
"2019-02-08 15:04:53",6
"2019-02-08 15:40:19",6
"2019-02-08 16:40:19",6
"2019-02-08 17:40:21",6
"2019-02-08 18:40:23",6
"2019-02-08 19:40:21",6
"2019-02-08 20:40:21",6
"2019-02-08 21:40:21",6
"2019-02-08 22:40:19",6
"2019-02-08 23:40:19",6
"2019-02-09 00:40:21",6
"2019-02-09 01:40:20",6
"2019-02-09 02:40:20",6
"2019-02-09 03:40:18",6
"2019-02-09 04:40:20",6
"2019-02-09 05:40:20",6
"2019-02-09 06:40:20",6
"2019-02-09 07:40:19",6
"2019-02-09 08:40:19",6
"2019-02-09 09:40:20",6
"2019-02-09 10:40:20",6
"2019-02-09 11:40:19",6
"2019-02-09 12:40:21",6
"2019-02-09 13:40:19",6
"2019-02-09 14:40:19",6
"2019-02-09 15:40:21",6
"2019-02-09 16:40:20",6
"2019-02-09 17:40:21",6
"2019-02-09 18:40:20",6
"2019-02-09 19:40:20",6
"2019-02-09 20:40:19",6
"2019-02-09 21:40:22",6
"2019-02-09 22:40:20",6
"2019-02-09 23:40:21",6
"2019-02-10 00:40:19",6
"2019-02-10 01:40:21",6
"2019-02-10 02:40:20",6
"2019-02-10 03:40:19",6
"2019-02-10 04:40:21",6
"2019-02-10 05:40:22",6
"2019-02-10 06:40:20",6
"2019-02-10 07:40:18",6
"2019-02-10 08:40:19",6
"2019-02-10 09:40:19",6
"2019-02-10 10:40:20",6
"2019-02-10 11:40:19",6
"2019-02-10 12:40:20",6
"2019-02-10 13:40:21",6
"2019-02-10 14:40:20",6
"2019-02-10 15:40:21",6
"2019-02-10 16:40:22",6
"2019-02-10 17:40:19",6
"2019-02-10 18:40:19",6
"2019-02-10 19:40:21",6
"2019-02-10 20:40:20",6
"2019-02-10 21:40:18",6
"2019-02-10 22:40:21",6
"2019-02-10 23:40:22",6
"2019-02-11 00:40:20",6
"2019-02-11 01:40:21",6
"2019-02-11 02:40:21",6
"2019-02-11 03:40:20",6
"2019-02-11 04:40:23",6
"2019-02-11 05:40:19",6
"2019-02-11 06:40:21",6
"2019-02-11 07:40:19",6
"2019-02-11 08:40:20",6
"2019-02-11 09:40:21",6
"2019-02-11 10:40:21",6
"2019-02-11 11:40:19",6
"2019-02-11 12:40:20",6
"2019-02-11 13:40:20",6
"2019-02-11 14:40:19",6
"2019-02-11 15:40:19",6
"2019-02-11 16:40:20",7
"2019-02-11 17:40:20",7
"2019-02-11 18:40:20",7
"2019-02-11 19:40:20",7
"2019-02-11 20:40:20",7
"2019-02-11 21:40:19",7
"2019-02-11 22:40:19",7
"2019-02-11 23:40:21",7
"2019-02-12 00:40:19",7
"2019-02-12 01:40:19",7
"2019-02-12 02:40:23",7
"2019-02-12 03:40:19",7
"2019-02-12 04:40:21",7
"2019-02-12 05:40:19",7
"2019-02-12 06:40:20",7
"2019-02-12 07:40:18",7
"2019-02-12 08:40:18",7
"2019-02-12 09:40:19",7
"2019-02-12 10:40:19",7
"2019-02-12 11:40:19",7
"2019-02-12 12:40:19",7
"2019-02-12 13:40:19",7
"2019-02-12 14:40:19",7
"2019-02-12 15:40:21",7
"2019-02-12 16:40:19",7
"2019-02-12 17:40:18",7
"2019-02-12 18:40:20",7
"2019-02-12 19:40:19",7
"2019-02-12 20:40:19",7
"2019-02-12 21:40:20",7
"2019-02-12 22:40:19",7
"2019-02-12 23:40:19",7
"2019-02-13 00:40:19",7
"2019-02-13 01:40:21",7
"2019-02-13 02:40:19",7
"2019-02-13 03:40:19",7
"2019-02-13 04:40:20",7
"2019-02-13 05:40:20",7
"2019-02-13 06:40:19",7
"2019-02-13 07:40:20",7
"2019-02-13 08:40:20",7
"2019-02-13 09:40:19",7
"2019-02-13 10:40:20",7
"2019-02-13 11:40:19",7
"2019-02-13 12:40:21",7
"2019-02-13 13:40:19",7
"2019-02-13 14:40:18",7
"2019-02-13 15:40:19",7
"2019-02-13 16:40:19",7
"2019-02-13 17:40:21",7
"2019-02-13 18:40:19",7
"2019-02-13 19:40:19",7
"2019-02-13 20:40:20",7
"2019-02-13 21:40:20",6
"2019-02-13 22:40:19",6
"2019-02-13 23:40:20",6
"2019-02-14 00:40:19",6
"2019-02-14 01:40:20",6
"2019-02-14 02:40:20",6
"2019-02-14 03:40:22",6
"2019-02-14 04:40:19",6
"2019-02-14 05:40:22",6
"2019-02-14 06:40:18",6
"2019-02-14 07:40:18",6
"2019-02-14 08:40:19",6
"2019-02-14 09:40:19",6
"2019-02-14 10:40:20",6
"2019-02-14 11:40:19",6
"2019-02-14 12:40:19",6
"2019-02-14 13:40:20",6
"2019-02-14 14:40:20",6
"2019-02-14 15:40:21",6
"2019-02-14 16:40:18",6
"2019-02-14 17:40:20",6
"2019-02-14 18:40:20",6
"2019-02-14 19:40:19",6
"2019-02-14 20:40:21",6
"2019-02-14 21:40:19",6
"2019-02-14 22:40:20",6
"2019-02-15 00:40:20",6
"2019-02-15 01:40:19",6
"2019-02-15 02:40:21",6
"2019-02-15 03:40:22",6
"2019-02-15 04:40:23",6
"2019-02-15 05:40:19",6
"2019-02-15 06:40:19",6
"2019-02-15 07:40:20",6
"2019-02-15 08:40:21",6
"2019-02-15 09:40:19",6
"2019-02-15 10:40:21",6
"2019-02-15 11:40:20",6
"2019-02-15 12:40:19",6
"2019-02-15 14:05:21",6
"2019-02-15 14:40:21",6
"2019-02-15 15:40:24",6
"2019-02-15 16:40:22",6
"2019-02-15 17:40:19",6
"2019-02-15 18:40:22",6
"2019-02-15 19:40:20",6
"2019-02-15 20:40:20",6
"2019-02-15 21:40:21",6
"2019-02-15 22:40:19",6
"2019-02-15 23:40:21",6
"2019-02-16 00:40:21",6
"2019-02-16 01:40:26",6
"2019-02-16 02:40:24",6
"2019-02-16 03:40:22",6
"2019-02-16 04:40:19",6
"2019-02-16 05:40:21",6
"2019-02-16 06:40:20",6
"2019-02-16 07:40:19",6
"2019-02-16 08:40:20",6
"2019-02-16 09:40:22",6
"2019-02-16 10:40:21",6
"2019-02-16 11:40:19",6
"2019-02-16 12:40:21",6
"2019-02-16 13:40:21",6
"2019-02-16 14:40:19",6
"2019-02-16 15:40:23",6
"2019-02-16 16:40:19",6
"2019-02-16 17:40:19",6
"2019-02-16 18:40:21",6
"2019-02-16 19:40:19",6
"2019-02-16 20:40:20",6
"2019-02-16 21:40:21",6
"2019-02-16 22:40:20",6
"2019-02-16 23:40:19",6
"2019-02-17 00:40:21",6
"2019-02-17 01:40:21",6
"2019-02-17 02:40:18",6
"2019-02-17 03:40:20",6
"2019-02-17 04:40:18",6
"2019-02-17 05:40:19",6
"2019-02-17 06:40:19",6
"2019-02-17 07:40:20",6
"2019-02-17 08:40:20",6
"2019-02-17 09:40:19",6
"2019-02-17 10:40:19",6
"2019-02-17 11:40:21",6
"2019-02-17 12:40:18",6
"2019-02-17 13:40:21",6
"2019-02-17 14:40:19",6
"2019-02-17 15:40:20",6
"2019-02-17 16:40:21",6
"2019-02-17 17:40:20",6
"2019-02-17 18:40:21",6
"2019-02-17 19:40:20",6
"2019-02-17 20:40:20",6
"2019-02-17 21:40:19",6
"2019-02-17 22:40:20",6
"2019-02-17 23:40:21",6
"2019-02-18 00:40:20",6
"2019-02-18 01:40:21",6
"2019-02-18 02:40:22",6
"2019-02-18 03:40:21",6
"2019-02-18 04:40:19",6
"2019-02-18 05:40:20",6
"2019-02-18 06:40:19",6
"2019-02-18 07:40:20",6
"2019-02-18 08:40:20",6
"2019-02-18 09:40:22",6
"2019-02-18 10:40:20",6
"2019-02-18 11:40:20",6
"2019-02-18 12:40:21",6
"2019-02-18 13:40:24",6
"2019-02-18 14:40:19",6
"2019-02-18 15:40:20",6
"2019-02-18 16:40:20",6
"2019-02-18 17:40:21",6
"2019-02-18 18:40:20",6
"2019-02-18 19:40:20",6
"2019-02-18 20:40:20",6
"2019-02-18 21:40:19",6
"2019-02-18 22:40:18",6
"2019-02-18 23:40:20",6
"2019-02-19 00:40:19",6
"2019-02-19 01:40:22",6
"2019-02-19 02:40:20",6
"2019-02-19 03:40:20",6
"2019-02-19 04:40:20",6
"2019-02-19 05:40:19",6
"2019-02-19 06:40:20",6
"2019-02-19 07:40:20",6
"2019-02-19 08:40:20",6
"2019-02-19 09:40:19",6
"2019-02-19 10:40:19",6
"2019-02-19 11:40:18",6
"2019-02-19 12:40:18",6
"2019-02-19 14:04:52",6
"2019-02-19 14:40:21",6
"2019-02-19 15:40:22",6
"2019-02-19 16:40:21",6
"2019-02-19 17:40:21",6
"2019-02-19 18:40:23",6
"2019-02-19 19:40:20",6
"2019-02-19 20:40:22",6
"2019-02-19 21:40:21",6
"2019-02-19 22:40:20",6
"2019-02-19 23:40:19",6
"2019-02-20 00:40:25",6
"2019-02-20 01:40:20",6
"2019-02-20 02:40:21",6
"2019-02-20 03:40:24",6
"2019-02-20 04:40:22",6
"2019-02-20 05:40:20",6
"2019-02-20 06:40:22",6
"2019-02-20 07:40:19",6
"2019-02-20 08:40:21",6
"2019-02-20 09:40:20",6
"2019-02-20 10:40:21",6
"2019-02-20 11:40:22",6
"2019-02-20 12:40:20",6
"2019-02-20 13:40:21",6
"2019-02-20 14:40:22",6
"2019-02-20 15:40:22",6
"2019-02-20 16:40:21",6
"2019-02-20 17:40:22",6
"2019-02-20 18:40:21",6
"2019-02-20 19:40:22",6
"2019-02-20 20:40:22",6
"2019-02-20 21:40:23",6
"2019-02-20 22:40:22",6
"2019-02-20 23:40:20",6
"2019-02-21 00:40:22",6
"2019-02-21 01:40:23",6
"2019-02-21 02:40:23",6
"2019-02-21 03:40:21",6
"2019-02-21 04:40:20",6
"2019-02-21 05:40:23",6
"2019-02-21 06:40:21",6
"2019-02-21 07:40:21",6
"2019-02-21 08:40:20",6
"2019-02-21 09:40:21",6
"2019-02-21 10:40:21",6
"2019-02-21 11:40:22",6
"2019-02-21 12:40:19",6
"2019-02-21 13:40:21",6
"2019-02-21 14:40:21",6
"2019-02-21 15:40:23",6
"2019-02-21 17:04:23",6
"2019-02-21 17:40:20",6
"2019-02-21 18:40:20",6
"2019-02-21 19:40:20",6
"2019-02-21 20:40:23",6
"2019-02-21 21:40:20",6
"2019-02-21 22:40:20",6
"2019-02-21 23:40:19",6
"2019-02-22 00:40:21",6
"2019-02-22 01:40:23",6
"2019-02-22 02:40:21",6
"2019-02-22 03:40:22",6
"2019-02-22 04:40:20",6
"2019-02-22 05:40:20",6
"2019-02-22 06:40:20",6
"2019-02-22 07:40:23",6
"2019-02-22 08:40:23",6
"2019-02-22 09:40:21",6
"2019-02-22 10:40:20",6
"2019-02-22 11:40:21",6
"2019-02-22 12:40:20",6
"2019-02-22 13:40:20",6
"2019-02-22 14:40:21",6
"2019-02-22 15:40:22",6
"2019-02-22 16:40:20",6
"2019-02-22 17:40:21",7
"2019-02-22 18:40:21",7
"2019-02-22 19:40:19",7
"2019-02-22 20:40:19",7
"2019-02-22 21:40:23",7
"2019-02-22 22:40:20",7
"2019-02-22 23:40:23",7
"2019-02-23 00:40:20",7
"2019-02-23 01:40:22",7
"2019-02-23 02:40:23",7
"2019-02-23 03:40:22",7
"2019-02-23 04:40:20",7
"2019-02-23 05:40:21",7
"2019-02-23 06:40:19",7
"2019-02-23 07:40:19",7
"2019-02-23 08:40:21",7
"2019-02-23 09:40:20",7
"2019-02-23 10:40:21",7
"2019-02-23 11:40:22",7
"2019-02-23 12:40:20",7
"2019-02-23 13:40:19",7
"2019-02-23 14:40:21",7
"2019-02-23 15:40:21",7
"2019-02-23 16:40:20",7
"2019-02-23 17:40:20",7
"2019-02-23 18:40:20",7
"2019-02-23 19:40:20",7
"2019-02-23 20:40:21",7
"2019-02-23 21:40:22",7
"2019-02-23 22:40:20",7
"2019-02-23 23:40:20",7
"2019-02-24 00:40:22",7
"2019-02-24 01:40:21",7
"2019-02-24 02:40:21",7
"2019-02-24 03:40:21",7
"2019-02-24 04:40:21",7
"2019-02-24 05:40:21",7
"2019-02-24 06:40:20",7
"2019-02-24 07:40:22",7
"2019-02-24 08:40:20",7
"2019-02-24 09:40:21",7
"2019-02-24 10:40:20",7
"2019-02-24 11:40:20",7
"2019-02-24 12:40:20",7
"2019-02-24 13:40:20",7
"2019-02-24 14:40:20",7
"2019-02-24 15:40:22",7
"2019-02-24 16:40:21",7
"2019-02-24 17:40:22",7
"2019-02-24 18:40:23",7
"2019-02-24 19:40:21",7
"2019-02-24 20:40:20",7
"2019-02-24 21:40:20",7
"2019-02-24 22:40:21",7
"2019-02-24 23:37:22",7
"2019-02-24 23:40:20",7
"2019-02-25 00:40:22",7
"2019-02-25 01:40:20",7
"2019-02-25 02:40:20",7
"2019-02-25 03:40:21",7
"2019-02-25 04:40:20",7
"2019-02-25 05:40:20",7
"2019-02-25 06:40:20",7
"2019-02-25 07:40:21",7
"2019-02-25 08:40:19",7
"2019-02-25 09:40:21",7
"2019-02-25 10:40:21",7
"2019-02-25 11:40:22",7
"2019-02-25 12:40:19",7
"2019-02-25 14:05:24",7
"2019-02-25 14:40:21",7
"2019-02-25 15:40:21",8
"2019-02-25 16:40:21",8
"2019-02-25 17:40:22",8
"2019-02-25 18:40:23",8
"2019-02-25 19:40:20",8
"2019-02-25 20:40:21",8
"2019-02-25 21:40:21",8
"2019-02-25 22:40:21",8
"2019-02-25 23:40:22",8
"2019-02-26 00:40:22",8
"2019-02-26 01:40:21",8
"2019-02-26 02:40:22",8
"2019-02-26 03:40:22",8
"2019-02-26 04:40:23",8
"2019-02-26 05:40:20",8
"2019-02-26 06:40:21",8
"2019-02-26 07:40:22",8
"2019-02-26 08:40:21",8
"2019-02-26 09:40:22",8
"2019-02-26 10:40:20",8
"2019-02-26 11:40:22",8
"2019-02-26 12:40:20",8
"2019-02-26 13:40:20",8
"2019-02-26 14:40:21",8
"2019-02-26 15:40:23",8
"2019-02-26 16:40:21",9
"2019-02-26 17:40:21",9
"2019-02-26 18:40:20",9
"2019-02-26 19:40:23",9
"2019-02-26 20:40:22",10
"2019-02-26 21:40:20",10
"2019-02-26 22:40:23",10
"2019-02-26 23:40:22",10
"2019-02-27 00:40:24",10
"2019-02-27 01:40:23",10
"2019-02-27 02:40:21",10
"2019-02-27 03:40:28",10
"2019-02-27 04:40:23",10
"2019-02-27 05:40:22",10
"2019-02-27 06:40:24",10
"2019-02-27 07:40:23",10
"2019-02-27 08:40:23",10
"2019-02-27 09:40:20",10
"2019-02-27 10:40:21",10
"2019-02-27 11:40:24",10
"2019-02-27 12:40:26",10
"2019-02-27 13:40:22",10
"2019-02-27 14:40:22",10
"2019-02-27 15:40:24",11
"2019-02-27 16:40:21",11
"2019-02-27 17:40:21",11
"2019-02-27 18:40:23",11
"2019-02-27 19:40:24",11
"2019-02-27 20:40:22",11
"2019-02-27 21:40:22",11
"2019-02-27 22:40:24",11
"2019-02-27 23:40:21",11
"2019-02-28 00:40:22",11
"2019-02-28 01:40:20",11
"2019-02-28 02:40:22",11
"2019-02-28 03:40:27",11
"2019-02-28 04:40:22",11
"2019-02-28 05:40:21",11
"2019-02-28 06:40:20",11
"2019-02-28 07:40:22",11
"2019-02-28 08:40:21",11
"2019-02-28 09:40:20",11
"2019-02-28 10:40:21",11
"2019-02-28 11:40:21",11
"2019-02-28 12:40:22",11
"2019-02-28 13:40:22",11
"2019-02-28 15:04:25",11
"2019-02-28 15:40:20",11
"2019-02-28 16:40:24",11
"2019-02-28 17:40:20",11
"2019-02-28 18:40:23",11
"2019-02-28 19:40:22",11
"2019-02-28 20:40:20",11
"2019-02-28 21:40:21",11
"2019-02-28 22:40:22",11
"2019-02-28 23:40:20",11
"2019-03-01 00:40:22",11
"2019-03-01 01:40:22",11
"2019-03-01 02:40:23",11
"2019-03-01 03:40:23",11
"2019-03-01 04:40:22",11
"2019-03-01 05:40:23",11
"2019-03-01 06:40:21",11
"2019-03-01 07:40:23",11
"2019-03-01 08:40:22",11
"2019-03-01 09:40:20",11
"2019-03-01 10:40:22",11
"2019-03-01 11:40:21",11
"2019-03-01 12:40:20",11
"2019-03-01 13:40:25",11
"2019-03-01 14:40:23",11
"2019-03-01 15:40:21",11
"2019-03-01 16:40:21",11
"2019-03-01 17:40:22",11
"2019-03-01 18:40:22",11
"2019-03-01 19:40:23",11
"2019-03-01 20:40:24",11
"2019-03-01 21:40:22",11
"2019-03-01 22:40:23",11
"2019-03-01 23:40:22",11
"2019-03-02 07:40:20",11
"2019-03-02 08:40:23",11
"2019-03-02 09:40:21",11
"2019-03-02 10:40:22",11
"2019-03-02 11:40:22",11
"2019-03-02 15:40:24",11
"2019-03-02 16:40:22",11
"2019-03-02 17:40:22",11
"2019-03-04 02:40:21",11
"2019-03-04 07:40:22",11
"2019-03-04 10:40:19",11
"2019-03-04 11:40:21",11
"2019-03-04 12:40:20",11
"2019-03-04 13:40:20",11
"2019-03-04 14:40:22",11
"2019-03-04 15:40:20",11
"2019-03-04 16:40:22",11
"2019-03-04 17:40:23",11
"2019-03-04 18:40:21",11
"2019-03-04 19:40:21",11
"2019-03-04 20:40:21",11
"2019-03-04 21:40:21",11
"2019-03-04 22:40:22",11
"2019-03-04 23:40:21",11
"2019-03-05 00:40:23",11
"2019-03-05 01:40:22",11
"2019-03-05 02:40:23",11
"2019-03-05 03:40:23",11
"2019-03-05 04:40:21",11
"2019-03-05 05:40:21",11
"2019-03-05 06:40:21",11
"2019-03-05 07:40:21",11
"2019-03-05 08:40:21",11
"2019-03-05 09:40:23",11
"2019-03-05 10:40:21",11
"2019-03-05 11:40:19",11
"2019-03-05 12:40:21",11
"2019-03-05 14:05:27",11
"2019-03-05 14:40:22",11
"2019-03-05 15:40:23",12
"2019-03-05 16:40:22",12
"2019-03-05 17:40:23",12
"2019-03-05 18:40:23",12
"2019-03-05 19:40:22",12
"2019-03-05 20:40:24",12
"2019-03-05 21:40:22",12
"2019-03-05 22:40:25",12
"2019-03-05 23:40:24",12
"2019-03-06 00:40:23",12
"2019-03-06 01:40:23",12
"2019-03-06 02:40:22",12
"2019-03-06 03:40:23",12
"2019-03-06 04:40:24",12
"2019-03-06 05:40:22",12
"2019-03-06 06:40:26",12
"2019-03-06 07:40:22",12
"2019-03-06 08:40:21",12
"2019-03-06 09:40:21",12
"2019-03-06 10:40:22",12
"2019-03-06 11:40:42",12
"2019-03-06 12:40:26",12
"2019-03-06 14:05:02",12
"2019-03-06 14:40:36",12
"2019-03-06 15:40:31",13
"2019-03-06 16:40:22",13
"2019-03-06 17:40:26",13
"2019-03-06 18:40:25",13
"2019-03-06 19:40:24",13
"2019-03-06 20:40:23",13
"2019-03-06 21:40:24",13
"2019-03-06 22:40:22",13
"2019-03-06 23:40:24",13
"2019-03-07 00:40:23",13
"2019-03-07 01:40:24",13
"2019-03-07 02:40:23",13
"2019-03-07 03:40:24",13
"2019-03-07 04:40:27",13
"2019-03-07 05:40:24",13
"2019-03-07 06:40:23",13
"2019-03-07 07:40:22",13
"2019-03-07 08:40:24",13
"2019-03-07 09:40:23",13
"2019-03-07 10:40:23",13
"2019-03-07 11:40:22",13
"2019-03-07 12:40:22",13
"2019-03-07 13:40:24",13
"2019-03-07 14:40:26",13
"2019-03-07 15:40:22",14
"2019-03-07 16:40:23",15
"2019-03-07 17:40:24",15
"2019-03-07 18:40:25",15
"2019-03-07 20:04:56",15
"2019-03-07 20:40:23",15
"2019-03-07 21:40:24",15
"2019-03-07 22:40:27",15
"2019-03-07 23:40:22",15
"2019-03-08 00:40:23",15
"2019-03-08 01:40:23",15
"2019-03-08 02:40:23",15
"2019-03-08 03:40:24",15
"2019-03-08 04:40:22",15
"2019-03-08 05:40:22",15
"2019-03-08 06:40:23",15
"2019-03-08 07:40:24",15
"2019-03-08 08:40:23",15
"2019-03-08 09:40:22",15
"2019-03-08 10:40:23",15
"2019-03-08 11:40:24",15
"2019-03-08 12:40:22",15
"2019-03-08 14:05:26",15
"2019-03-08 14:40:22",15
"2019-03-08 15:40:24",16
"2019-03-08 16:40:23",16
"2019-03-08 17:40:22",16
"2019-03-08 18:40:25",16
"2019-03-08 19:40:25",16
"2019-03-08 20:40:22",16
"2019-03-08 21:40:27",16
"2019-03-08 22:40:21",16
"2019-03-08 23:40:25",16
"2019-03-09 00:40:26",16
"2019-03-09 01:40:23",16
"2019-03-09 02:40:23",16
"2019-03-09 03:40:24",16
"2019-03-09 04:40:24",16
"2019-03-09 05:40:23",16
"2019-03-09 06:40:23",16
"2019-03-09 07:40:22",16
"2019-03-09 08:40:22",16
"2019-03-09 09:40:21",16
"2019-03-09 10:40:23",16
"2019-03-09 11:40:23",16
"2019-03-09 12:40:22",16
"2019-03-09 13:40:22",16
"2019-03-09 14:40:22",16
"2019-03-09 15:40:25",16
"2019-03-09 16:40:22",16
"2019-03-09 17:40:24",16
"2019-03-09 18:40:23",16
"2019-03-09 19:40:22",16
"2019-03-09 20:40:22",16
"2019-03-09 21:40:22",16
"2019-03-09 22:40:23",16
"2019-03-09 23:40:23",16
"2019-03-10 00:40:22",16
"2019-03-10 01:40:23",16
"2019-03-10 02:40:25",16
"2019-03-10 03:40:23",16
"2019-03-10 04:40:24",16
"2019-03-10 05:40:23",16
"2019-03-10 06:40:24",16
"2019-03-10 07:40:22",16
"2019-03-10 08:40:22",16
"2019-03-10 09:40:21",16
"2019-03-10 10:40:22",16
"2019-03-10 11:40:23",16
"2019-03-10 12:40:24",16
"2019-03-10 13:40:21",16
"2019-03-10 14:40:23",16
"2019-03-10 15:40:23",16
"2019-03-10 16:40:22",16
"2019-03-10 17:40:25",16
"2019-03-10 18:40:24",16
"2019-03-10 19:40:23",16
"2019-03-10 20:40:22",16
"2019-03-10 21:40:22",16
"2019-03-10 22:40:21",16
"2019-03-10 23:40:24",16
"2019-03-11 00:40:24",16
"2019-03-11 01:40:24",16
"2019-03-11 02:40:22",16
"2019-03-11 03:40:22",16
"2019-03-11 04:40:23",16
"2019-03-11 05:40:23",16
"2019-03-11 06:40:22",16
"2019-03-11 07:40:22",16
"2019-03-11 08:40:21",16
"2019-03-11 09:40:23",16
"2019-03-11 10:40:23",16
"2019-03-11 11:40:22",16
"2019-03-11 12:40:25",16
"2019-03-11 13:40:23",16
"2019-03-11 14:40:24",16
"2019-03-11 15:40:23",16
"2019-03-11 16:40:23",16
"2019-03-11 17:40:22",16
"2019-03-11 18:40:23",16
"2019-03-11 19:40:22",16
"2019-03-11 20:40:22",16
"2019-03-11 21:40:25",16
"2019-03-11 22:40:23",16
"2019-03-11 23:40:24",16
"2019-03-12 00:40:25",16
"2019-03-12 01:40:21",16
"2019-03-12 02:40:22",16
"2019-03-12 03:40:23",16
"2019-03-12 04:40:22",16
"2019-03-12 05:40:23",16
"2019-03-12 06:40:24",16
"2019-03-12 07:40:21",16
"2019-03-12 08:40:23",16
"2019-03-12 09:40:22",16
"2019-03-12 10:40:26",16
"2019-03-12 11:40:22",16
"2019-03-12 12:40:23",16
"2019-03-12 13:40:23",16
"2019-03-12 14:40:21",16
"2019-03-12 15:40:22",16
"2019-03-12 16:40:23",16
"2019-03-12 17:40:21",16
"2019-03-12 18:40:23",16
"2019-03-12 19:40:21",16
"2019-03-12 20:40:23",16
"2019-03-12 21:40:23",16
"2019-03-12 22:40:22",16
"2019-03-12 23:40:24",16
"2019-03-13 00:40:22",16
"2019-03-13 01:40:23",16
"2019-03-13 02:40:22",16
"2019-03-13 03:40:24",16
"2019-03-13 04:40:23",16
"2019-03-13 05:40:22",16
"2019-03-13 06:40:21",16
"2019-03-13 07:40:25",16
"2019-03-13 08:40:21",16
"2019-03-13 09:40:22",16
"2019-03-13 10:40:21",16
"2019-03-13 11:40:21",16
"2019-03-13 13:04:25",16
"2019-03-13 13:40:22",16
"2019-03-13 14:40:23",16
"2019-03-13 15:40:23",16
"2019-03-13 16:40:23",16
"2019-03-13 17:40:25",16
"2019-03-13 18:40:22",17
"2019-03-13 19:40:23",17
"2019-03-13 20:40:23",17
"2019-03-13 21:40:25",17
"2019-03-13 22:40:22",17
"2019-03-13 23:40:24",17
"2019-03-14 00:40:22",17
"2019-03-14 01:40:25",17
"2019-03-14 02:40:25",17
"2019-03-14 03:40:22",17
"2019-03-14 04:40:24",17
"2019-03-14 05:40:22",17
"2019-03-14 06:40:24",17
"2019-03-14 07:40:23",17
"2019-03-14 08:40:22",17
"2019-03-14 09:40:22",17
"2019-03-14 10:40:24",17
"2019-03-14 11:40:23",17
"2019-03-14 13:04:57",17
"2019-03-14 13:40:22",17
"2019-03-14 14:40:24",17
"2019-03-14 15:40:23",17
"2019-03-14 16:40:24",17
"2019-03-14 17:40:24",17
"2019-03-14 18:40:23",17
"2019-03-14 19:40:27",17
"2019-03-14 20:40:23",17
"2019-03-14 21:40:24",17
"2019-03-14 22:40:27",17
"2019-03-14 23:40:26",17
"2019-03-15 00:40:25",17
"2019-03-15 01:40:23",17
"2019-03-15 02:40:26",17
"2019-03-15 03:40:24",17
"2019-03-15 04:40:24",17
"2019-03-15 05:40:23",17
"2019-03-15 06:40:22",17
"2019-03-15 07:40:23",17
"2019-03-15 08:40:24",17
"2019-03-15 09:40:24",17
"2019-03-15 10:40:25",17
"2019-03-15 11:40:25",17
"2019-03-15 12:40:25",17
"2019-03-15 13:40:24",17
"2019-03-15 14:40:24",17
"2019-03-15 15:40:27",17
"2019-03-15 16:40:25",17
"2019-03-15 17:40:27",17
"2019-03-15 18:40:25",17
"2019-03-15 19:40:24",17
"2019-03-15 20:40:24",17
"2019-03-15 21:40:23",17
"2019-03-15 22:40:23",17
"2019-03-15 23:40:26",17
"2019-03-16 00:40:24",17
"2019-03-16 01:40:23",17
"2019-03-16 02:40:25",17
"2019-03-16 03:40:24",17
"2019-03-16 04:40:25",17
"2019-03-16 05:40:26",17
"2019-03-16 06:40:25",17
"2019-03-16 07:40:25",17
"2019-03-16 08:40:27",17
"2019-03-16 09:40:24",17
"2019-03-16 10:40:24",17
"2019-03-16 11:40:24",17
"2019-03-16 12:40:24",17
"2019-03-16 13:40:24",17
"2019-03-16 14:40:24",17
"2019-03-16 15:40:25",17
"2019-03-16 16:40:24",17
"2019-03-16 17:40:23",17
"2019-03-16 18:40:24",17
"2019-03-16 19:40:24",17
"2019-03-16 20:40:25",17
"2019-03-16 21:40:25",17
"2019-03-16 22:40:26",17
"2019-03-16 23:40:24",17
"2019-03-17 00:40:26",17
"2019-03-17 01:40:25",17
"2019-03-17 02:40:26",17
"2019-03-17 03:40:25",17
"2019-03-17 04:40:24",17
"2019-03-17 05:40:26",17
"2019-03-17 06:40:23",17
"2019-03-17 07:40:24",17
"2019-03-17 08:40:23",17
"2019-03-17 09:40:26",17
"2019-03-17 10:40:24",17
"2019-03-17 11:40:24",17
"2019-03-17 12:40:25",17
"2019-03-17 13:40:24",17
"2019-03-17 14:40:23",17
"2019-03-17 15:40:23",17
"2019-03-17 16:40:23",17
"2019-03-17 17:40:22",17
"2019-03-17 18:40:23",17
"2019-03-17 19:40:23",17
"2019-03-17 20:40:23",17
"2019-03-17 21:40:22",17
"2019-03-17 22:40:22",17
"2019-03-17 23:40:24",17
"2019-03-18 00:40:23",17
"2019-03-18 01:40:23",17
"2019-03-18 02:40:25",17
"2019-03-18 03:40:24",17
"2019-03-18 04:40:23",17
"2019-03-18 05:40:23",17
"2019-03-18 06:40:23",17
"2019-03-18 07:40:24",17
"2019-03-18 08:40:22",17
"2019-03-18 09:40:25",17
"2019-03-18 10:40:24",17
"2019-03-18 11:40:22",17
"2019-03-18 12:40:25",17
"2019-03-18 13:40:25",17
"2019-03-18 14:40:25",17
"2019-03-18 15:40:29",17
"2019-03-18 16:40:23",17
"2019-03-18 17:40:26",17
"2019-03-18 18:40:26",17
"2019-03-18 19:40:26",17
"2019-03-18 20:40:24",17
"2019-03-18 21:40:25",17
"2019-03-18 22:40:27",17
"2019-03-18 23:40:25",17
"2019-03-19 00:40:29",17
"2019-03-19 01:40:26",17
"2019-03-19 02:40:27",17
"2019-03-19 03:40:23",17
"2019-03-19 04:40:24",17
"2019-03-19 05:40:22",17
"2019-03-19 06:40:27",17
"2019-03-19 07:40:25",17
"2019-03-19 08:40:24",17
"2019-03-19 09:40:25",17
"2019-03-19 10:40:23",17
"2019-03-19 11:40:24",17
"2019-03-19 12:40:26",17
"2019-03-19 13:40:23",17
"2019-03-19 14:40:25",17
"2019-03-19 15:40:26",17
"2019-03-19 16:40:24",17
"2019-03-19 17:40:27",17
"2019-03-19 18:40:25",17
"2019-03-19 19:40:25",17
"2019-03-19 20:40:25",17
"2019-03-19 21:40:28",17
"2019-03-19 22:40:26",17
"2019-03-19 23:40:26",17
"2019-03-20 00:40:27",17
"2019-03-20 01:40:27",17
"2019-03-20 02:40:25",17
"2019-03-20 03:40:26",17
"2019-03-20 04:40:25",17
"2019-03-20 05:40:25",17
"2019-03-20 06:40:29",17
"2019-03-20 07:40:27",17
"2019-03-20 08:40:28",17
"2019-03-20 09:40:26",17
"2019-03-20 10:40:26",17
"2019-03-20 11:40:26",17
"2019-03-20 13:04:32",17
"2019-03-20 13:40:25",17
"2019-03-20 14:40:27",17
"2019-03-20 15:40:30",17
"2019-03-20 16:40:27",17
"2019-03-20 17:40:27",18
"2019-03-20 18:40:26",18
"2019-03-20 19:40:25",18
"2019-03-20 20:40:24",18
"2019-03-20 21:40:23",18
"2019-03-20 22:40:24",18
"2019-03-20 23:40:23",18
"2019-03-21 00:40:24",18
"2019-03-21 01:40:24",18
"2019-03-21 02:40:26",18
"2019-03-21 03:40:25",18
"2019-03-21 04:40:24",18
"2019-03-21 05:40:27",18
"2019-03-21 06:40:23",18
"2019-03-21 07:40:23",18
"2019-03-21 08:40:22",18
"2019-03-21 09:40:24",18
"2019-03-21 10:40:24",18
"2019-03-21 11:40:24",18
"2019-03-21 13:05:28",18
"2019-03-21 13:40:23",18
"2019-03-21 14:40:24",18
"2019-03-21 15:40:25",18
"2019-03-21 16:40:24",18
"2019-03-21 17:40:24",18
"2019-03-21 18:40:24",18
"2019-03-21 19:40:24",18
"2019-03-21 20:40:21",18
"2019-03-21 21:40:22",18
"2019-03-21 22:40:23",18
"2019-03-21 23:40:24",18
"2019-03-22 00:40:23",18
"2019-03-22 01:40:22",18
"2019-03-22 02:40:27",18
"2019-03-22 03:40:23",18
"2019-03-22 04:40:22",18
"2019-03-22 05:40:24",18
"2019-03-22 06:40:22",18
"2019-03-22 07:40:23",18
"2019-03-22 08:40:31",18
"2019-03-22 09:40:24",18
"2019-03-22 10:40:23",18
"2019-03-22 11:40:22",18
"2019-03-22 12:40:27",18
"2019-03-22 13:40:22",18
"2019-03-22 14:40:22",18
"2019-03-22 15:40:23",18
"2019-03-22 16:40:23",18
"2019-03-22 17:40:25",18
"2019-03-22 18:40:24",18
"2019-03-22 19:40:24",18
"2019-03-22 20:40:24",19
"2019-03-22 21:40:23",19
"2019-03-22 22:40:23",19
"2019-03-22 23:40:22",19
"2019-03-23 00:40:23",19
"2019-03-23 01:40:28",19
"2019-03-23 02:40:24",19
"2019-03-23 03:40:23",19
"2019-03-23 04:40:22",19
"2019-03-23 05:40:23",19
"2019-03-23 06:40:23",19
"2019-03-23 07:40:26",19
"2019-03-23 08:40:23",19
"2019-03-23 09:40:23",19
"2019-03-23 10:40:22",19
"2019-03-23 11:40:23",19
"2019-03-23 12:40:22",19
"2019-03-23 13:40:25",19
"2019-03-23 14:40:23",19
"2019-03-23 15:40:23",19
"2019-03-23 16:40:22",19
"2019-03-23 17:40:22",19
"2019-03-23 18:40:23",19
"2019-03-23 19:40:26",19
"2019-03-23 20:40:23",19
"2019-03-23 21:40:23",19
"2019-03-23 22:40:23",19
"2019-03-23 23:40:23",19
"2019-03-24 00:40:23",19
"2019-03-24 01:40:24",19
"2019-03-24 02:40:23",19
"2019-03-24 03:40:25",19
"2019-03-24 04:40:28",19
"2019-03-24 05:40:24",19
"2019-03-24 06:40:24",19
"2019-03-24 07:40:24",19
"2019-03-24 08:40:23",19
"2019-03-24 09:40:29",19
"2019-03-24 10:40:25",19
"2019-03-24 11:40:23",19
"2019-03-24 12:40:23",19
"2019-03-24 13:40:26",19
"2019-03-24 14:40:23",19
"2019-03-24 15:40:24",19
"2019-03-24 16:40:23",19
"2019-03-24 17:40:24",19
"2019-03-24 18:40:24",19
"2019-03-24 19:40:23",19
"2019-03-24 20:40:23",19
"2019-03-24 21:40:29",19
"2019-03-24 22:40:24",19
"2019-03-24 23:40:24",19
"2019-03-25 00:40:24",19
"2019-03-25 01:40:24",19
"2019-03-25 02:40:24",19
"2019-03-25 03:40:29",19
"2019-03-25 04:40:24",19
"2019-03-25 05:40:25",19
"2019-03-25 06:40:23",19
"2019-03-25 07:40:24",19
"2019-03-25 08:40:26",19
"2019-03-25 09:40:23",19
"2019-03-25 10:40:24",19
"2019-03-25 11:40:30",19
"2019-03-25 13:04:27",19
"2019-03-25 13:40:26",19
"2019-03-25 14:40:25",19
"2019-03-25 15:40:24",19
"2019-03-25 16:40:25",19
"2019-03-25 17:40:25",19
"2019-03-25 18:40:26",19
"2019-03-25 19:40:27",19
"2019-03-25 20:40:24",19
"2019-03-25 21:40:24",19
"2019-03-25 22:40:31",19
"2019-03-25 23:40:26",19
"2019-03-26 00:40:27",19
"2019-03-26 01:40:26",19
"2019-03-26 02:40:23",19
"2019-03-26 03:40:24",19
"2019-03-26 04:40:24",19
"2019-03-26 05:40:24",19
"2019-03-26 06:40:25",19
"2019-03-26 07:40:23",19
"2019-03-26 08:40:23",19
"2019-03-26 09:40:24",19
"2019-03-26 10:40:26",19
"2019-03-26 11:40:24",19
"2019-03-26 12:40:25",19
"2019-03-26 13:40:29",19
"2019-03-26 14:40:23",19
"2019-03-26 15:40:31",19
"2019-03-26 16:40:28",19
"2019-03-26 17:40:24",19
"2019-03-26 18:40:27",19
"2019-03-26 19:40:28",19
"2019-03-26 20:40:26",19
"2019-03-26 21:40:26",19
"2019-03-26 22:40:25",19
"2019-03-26 23:40:23",19
"2019-03-27 00:40:26",19
"2019-03-27 01:40:24",19
"2019-03-27 02:40:23",19
"2019-03-27 03:40:27",19
"2019-03-27 04:40:25",19
"2019-03-27 05:40:26",19
"2019-03-27 06:40:27",19
"2019-03-27 07:40:24",19
"2019-03-27 08:40:23",19
"2019-03-27 09:40:24",19
"2019-03-27 10:40:27",19
"2019-03-27 11:40:22",19
"2019-03-27 13:05:01",19
"2019-03-27 13:40:25",19
"2019-03-27 14:40:29",19
"2019-03-27 15:40:24",19
"2019-03-27 16:40:25",19
"2019-03-27 17:40:32",19
"2019-03-27 18:40:23",19
"2019-03-27 19:40:23",19
"2019-03-27 20:40:27",19
"2019-03-27 21:40:24",19
"2019-03-27 22:40:30",19
"2019-03-27 23:40:26",19
"2019-03-28 00:40:25",19
"2019-03-28 01:40:23",19
"2019-03-28 02:40:30",19
"2019-03-28 03:40:25",19
"2019-03-28 04:40:27",19
"2019-03-28 05:40:23",19
"2019-03-28 06:40:23",19
"2019-03-28 07:40:23",19
"2019-03-28 08:40:22",19
"2019-03-28 09:40:23",19
"2019-03-28 10:40:23",19
"2019-03-28 11:40:23",19
"2019-03-28 13:04:56",19
"2019-03-28 13:40:25",19
"2019-03-28 14:40:24",19
"2019-03-28 15:40:25",19
"2019-03-28 16:40:25",19
"2019-03-28 17:40:24",19
"2019-03-28 18:40:24",19
"2019-03-28 19:40:23",19
"2019-03-28 20:40:25",20
"2019-03-28 21:40:25",20
"2019-03-28 22:40:22",20
"2019-03-28 23:40:24",20
"2019-03-29 00:40:22",20
"2019-03-29 01:40:33",20
"2019-03-29 02:40:27",20
"2019-03-29 03:40:27",20
"2019-03-29 04:40:26",20
"2019-03-29 05:40:22",20
"2019-03-29 06:40:23",20
"2019-03-29 07:40:23",20
"2019-03-29 08:40:28",20
"2019-03-29 09:40:24",20
"2019-03-29 10:40:24",20
"2019-03-29 11:40:27",20
"2019-03-29 13:05:27",20
"2019-03-29 13:40:25",20
"2019-03-29 14:40:27",19
"2019-03-29 15:40:28",19
"2019-03-29 16:40:23",19
"2019-03-29 17:40:27",19
"2019-03-29 18:40:33",19
"2019-03-29 19:40:27",19
"2019-03-29 20:40:27",19
"2019-03-29 21:40:25",19
"2019-03-29 22:40:28",19
"2019-03-29 23:40:30",19
"2019-03-30 00:40:28",19
"2019-03-30 01:40:26",19
"2019-03-30 02:40:30",19
"2019-03-30 03:40:28",19
"2019-03-30 04:40:30",19
"2019-03-30 05:40:26",19
"2019-03-30 06:40:26",19
"2019-03-30 07:40:25",19
"2019-03-30 08:40:39",19
"2019-03-30 09:40:28",19
"2019-03-30 10:40:26",19
"2019-03-30 11:40:27",19
"2019-03-30 12:40:31",19
"2019-03-30 13:40:23",19
"2019-03-30 14:40:25",19
"2019-03-30 15:40:24",19
"2019-03-30 16:40:25",19
"2019-03-30 17:40:28",19
"2019-03-30 18:40:24",19
"2019-03-30 19:40:26",19
"2019-03-30 20:40:23",19
"2019-03-30 21:40:23",19
"2019-03-30 22:40:30",19
"2019-03-30 23:40:25",19
"2019-03-31 00:40:25",19
"2019-03-31 01:40:25",19
"2019-03-31 02:40:28",19
"2019-03-31 03:40:25",19
"2019-03-31 04:40:25",19
"2019-03-31 05:40:25",19
"2019-03-31 06:40:29",19
"2019-03-31 07:40:26",19
"2019-03-31 08:40:24",19
"2019-03-31 09:40:23",19
"2019-03-31 10:40:29",19
"2019-03-31 11:40:26",19
"2019-03-31 12:40:24",19
"2019-03-31 13:40:26",19
"2019-03-31 14:40:24",19
"2019-03-31 15:40:25",19
"2019-03-31 16:40:25",19
"2019-03-31 17:40:30",19
"2019-03-31 18:40:24",19
"2019-03-31 19:40:25",19
"2019-03-31 20:40:25",19
"2019-03-31 21:40:25",19
"2019-03-31 22:40:24",19
"2019-03-31 23:40:28",19
"2019-04-01 00:40:28",19
"2019-04-01 01:40:27",19
"2019-04-01 02:40:29",19
"2019-04-01 03:40:32",19
"2019-04-01 04:40:26",19
"2019-04-01 05:40:25",19
"2019-04-01 06:40:23",19
"2019-04-01 07:40:30",19
"2019-04-01 08:40:25",19
"2019-04-01 09:40:26",19
"2019-04-01 10:40:30",19
"2019-04-01 11:40:28",19
"2019-04-01 13:40:26",19
"2019-04-01 14:40:29",19
"2019-04-01 15:40:33",19
"2019-04-01 16:40:30",19
"2019-04-01 17:40:30",19
"2019-04-01 18:40:26",18
"2019-04-01 19:40:36",18
"2019-04-01 20:40:26",18
"2019-04-01 21:40:25",18
"2019-04-01 22:40:28",18
"2019-04-01 23:40:27",18
"2019-04-02 00:40:30",18
"2019-04-02 01:40:26",18
"2019-04-02 02:40:27",18
"2019-04-02 03:40:32",18
"2019-04-02 04:40:24",18
"2019-04-02 05:40:25",18
"2019-04-02 06:40:26",18
"2019-04-02 07:40:29",18
"2019-04-02 08:40:27",18
"2019-04-02 09:40:29",18
"2019-04-02 10:40:25",18
"2019-04-02 11:40:26",18
"2019-04-02 13:05:01",18
"2019-04-02 13:40:28",18
"2019-04-02 14:40:24",18
"2019-04-02 15:40:34",18
"2019-04-02 16:40:25",18
"2019-04-02 17:40:30",18
"2019-04-02 18:40:25",18
"2019-04-02 19:40:25",18
"2019-04-02 20:40:30",18
"2019-04-02 21:40:28",18
"2019-04-02 22:40:27",18
"2019-04-02 23:40:27",18
"2019-04-03 00:40:34",18
"2019-04-03 01:40:27",18
"2019-04-03 02:40:25",18
"2019-04-03 03:40:26",18
"2019-04-03 04:40:29",18
"2019-04-03 05:40:28",18
"2019-04-03 06:40:29",18
"2019-04-03 07:40:26",18
"2019-04-03 08:40:26",18
"2019-04-03 09:40:33",18
"2019-04-03 10:40:28",18
"2019-04-03 11:40:27",18
"2019-04-03 13:05:02",18
"2019-04-03 13:40:25",18
"2019-04-03 14:40:31",18
"2019-04-03 15:40:31",18
"2019-04-03 16:40:26",18
"2019-04-03 17:40:24",18
"2019-04-03 18:40:24",18
"2019-04-03 19:40:25",18
"2019-04-03 20:40:28",18
"2019-04-03 21:40:26",18
"2019-04-03 22:40:25",18
"2019-04-03 23:40:31",18
"2019-04-04 00:40:24",18
"2019-04-04 01:40:25",18
"2019-04-04 02:40:26",18
"2019-04-04 03:40:29",18
"2019-04-04 04:40:24",18
"2019-04-04 05:40:24",18
"2019-04-04 06:40:24",18
"2019-04-04 07:40:26",18
"2019-04-04 08:40:28",18
"2019-04-04 09:40:25",18
"2019-04-04 10:40:26",18
"2019-04-04 11:40:29",18
"2019-04-04 12:40:26",18
"2019-04-04 13:40:26",18
"2019-04-04 14:40:32",18
"2019-04-04 15:40:27",18
"2019-04-04 16:40:31",18
"2019-04-04 17:40:25",18
"2019-04-04 18:40:27",18
"2019-04-04 19:40:27",18
"2019-04-04 20:40:26",18
"2019-04-04 21:40:28",18
"2019-04-04 22:40:33",18
"2019-04-04 23:40:26",18
"2019-04-05 00:40:28",18
"2019-04-05 01:40:25",18
"2019-04-05 02:40:26",18
"2019-04-05 03:40:34",18
"2019-04-05 04:40:27",18
"2019-04-05 05:40:25",18
"2019-04-05 06:40:24",18
"2019-04-05 07:40:26",18
"2019-04-05 08:40:31",18
"2019-04-05 09:40:28",18
"2019-04-05 10:40:31",18
"2019-04-05 11:40:27",18
"2019-04-05 13:04:30",18
"2019-04-05 13:40:29",18
"2019-04-05 14:40:28",18
"2019-04-05 15:40:32",18
"2019-04-05 16:40:26",18
"2019-04-05 17:40:26",18
"2019-04-05 18:40:28",18
"2019-04-05 19:40:26",18
"2019-04-05 20:40:26",18
"2019-04-05 21:40:27",18
"2019-04-05 22:40:28",18
"2019-04-05 23:40:30",18
"2019-04-06 00:40:27",18
"2019-04-06 01:40:35",18
"2019-04-06 02:40:30",18
"2019-04-06 03:40:27",18
"2019-04-06 04:40:29",18
"2019-04-06 05:40:28",18
"2019-04-06 06:40:26",18
"2019-04-06 07:40:27",18
"2019-04-06 08:40:34",18
"2019-04-06 09:40:28",18
"2019-04-06 10:40:27",18
"2019-04-06 11:40:26",18
"2019-04-06 12:40:28",18
"2019-04-06 13:40:25",18
"2019-04-06 14:40:26",18
"2019-04-06 15:40:29",18
"2019-04-06 16:40:25",18
"2019-04-06 17:40:26",18
"2019-04-06 18:40:28",18
"2019-04-06 19:40:27",18
"2019-04-06 20:40:25",18
"2019-04-06 21:40:33",18
"2019-04-06 22:40:26",18
"2019-04-06 23:40:26",18
"2019-04-07 00:40:26",18
"2019-04-07 01:40:24",18
"2019-04-07 02:40:28",18
"2019-04-07 03:40:30",18
"2019-04-07 04:40:27",18
"2019-04-07 05:40:27",18
"2019-04-07 06:40:27",18
"2019-04-07 07:40:32",18
"2019-04-07 08:40:28",18
"2019-04-07 09:40:30",18
"2019-04-07 10:40:27",18
"2019-04-07 11:40:30",18
"2019-04-07 12:40:27",18
"2019-04-07 13:40:30",18
"2019-04-07 14:40:26",18
"2019-04-07 15:40:27",18
"2019-04-07 16:40:30",18
"2019-04-07 17:40:27",18
"2019-04-07 18:40:26",18
"2019-04-07 19:40:27",18
"2019-04-07 20:40:33",18
"2019-04-07 21:40:27",18
"2019-04-07 22:40:26",18
"2019-04-07 23:40:25",18
"2019-04-08 00:40:34",18
"2019-04-08 01:40:27",18
"2019-04-08 02:40:27",18
"2019-04-08 03:40:27",18
"2019-04-08 04:40:25",18
"2019-04-08 05:40:35",18
"2019-04-08 06:40:25",18
"2019-04-08 07:40:26",18
"2019-04-08 08:40:27",18
"2019-04-08 09:40:28",18
"2019-04-08 10:40:26",18
"2019-04-08 11:40:34",18
"2019-04-08 12:40:25",18
"2019-04-08 13:40:30",18
"2019-04-08 14:40:26",18
"2019-04-08 15:40:29",18
"2019-04-08 16:40:32",18
"2019-04-08 17:40:27",18
"2019-04-08 18:40:26",18
"2019-04-08 19:40:27",18
"2019-04-08 20:40:27",18
"2019-04-08 21:40:28",18
"2019-04-08 22:40:28",18
"2019-04-08 23:40:26",18
"2019-04-09 00:40:31",18
"2019-04-09 01:40:27",18
"2019-04-09 02:40:29",18
"2019-04-09 03:40:29",18
"2019-04-09 04:40:27",18
"2019-04-09 05:40:30",18
"2019-04-09 06:40:27",18
"2019-04-09 07:40:26",18
"2019-04-09 08:40:30",18
"2019-04-09 09:40:34",18
"2019-04-09 10:40:27",18
"2019-04-09 11:40:27",18
"2019-04-09 13:05:40",18
"2019-04-09 13:40:28",18
"2019-04-09 14:40:28",18
"2019-04-09 15:40:38",18
"2019-04-09 16:40:29",18
"2019-04-09 17:40:29",18
"2019-04-09 18:40:27",18
"2019-04-09 19:40:28",18
"2019-04-09 20:40:28",18
"2019-04-09 21:40:29",18
"2019-04-09 22:40:27",18
"2019-04-09 23:40:32",18
"2019-04-10 00:40:29",18
"2019-04-10 01:40:27",18
"2019-04-10 02:40:29",18
"2019-04-10 03:40:31",18
"2019-04-10 04:40:32",18
"2019-04-10 05:40:28",18
"2019-04-10 06:40:28",18
"2019-04-10 07:40:27",18
"2019-04-10 08:40:30",18
"2019-04-10 09:40:29",18
"2019-04-10 10:40:28",18
"2019-04-10 11:40:29",18
"2019-04-10 12:40:36",18
"2019-04-10 13:40:34",18
"2019-04-10 14:40:28",18
"2019-04-10 15:40:29",18
"2019-04-10 16:40:29",18
"2019-04-10 17:40:29",18
"2019-04-10 18:40:30",18
"2019-04-10 19:40:30",18
"2019-04-10 20:40:27",18
"2019-04-10 21:40:27",18
"2019-04-10 22:40:26",18
"2019-04-10 23:40:34",18
"2019-04-11 00:40:28",18
"2019-04-11 01:40:26",18
"2019-04-11 02:40:28",18
"2019-04-11 03:40:30",18
"2019-04-11 04:40:30",18
"2019-04-11 05:40:29",18
"2019-04-11 06:40:25",18
"2019-04-11 18:40:30",18
"2019-04-11 19:40:36",18
"2019-04-11 20:40:28",18
"2019-04-11 21:40:29",18
"2019-04-11 22:40:28",18
"2019-04-11 23:40:28",18
"2019-04-12 00:40:27",18
"2019-04-12 01:40:28",18
"2019-04-12 02:40:32",18
"2019-04-12 03:40:29",18
"2019-04-12 04:40:29",18
"2019-04-12 05:40:29",18
"2019-04-12 06:40:26",18
"2019-04-12 07:40:28",18
"2019-04-12 08:40:27",18
"2019-04-12 09:40:31",18
"2019-04-12 10:40:27",18
"2019-04-12 11:40:27",18
"2019-04-12 13:04:07",18
"2019-04-12 13:40:30",18
"2019-04-12 14:40:26",18
"2019-04-12 15:40:28",18
"2019-04-12 16:40:29",18
"2019-04-12 17:40:28",18
"2019-04-12 18:40:28",18
"2019-04-12 19:40:27",18
"2019-04-12 20:40:27",18
"2019-04-12 21:40:26",18
"2019-04-12 22:40:34",18
"2019-04-12 23:40:28",18
"2019-04-13 00:40:30",18
"2019-04-13 01:40:27",18
"2019-04-13 02:40:28",18
"2019-04-13 03:40:35",18
"2019-04-13 04:40:29",18
"2019-04-13 05:40:30",18
"2019-04-13 06:40:29",18
"2019-04-13 07:40:26",18
"2019-04-13 08:40:27",18
"2019-04-13 09:40:30",18
"2019-04-13 10:40:27",18
"2019-04-13 11:40:28",18
"2019-04-13 12:40:27",18
"2019-04-13 13:40:27",18
"2019-04-13 14:40:30",18
"2019-04-13 15:40:29",18
"2019-04-13 16:40:29",18
"2019-04-13 17:40:26",18
"2019-04-13 18:40:28",18
"2019-04-13 19:40:28",18
"2019-04-13 20:40:28",18
"2019-04-13 21:40:31",18
"2019-04-13 22:40:27",18
"2019-04-13 23:40:27",18
"2019-04-14 00:40:30",18
"2019-04-14 01:40:31",18
"2019-04-14 02:40:27",18
"2019-04-14 03:40:26",18
"2019-04-14 04:40:33",18
"2019-04-14 05:40:28",18
"2019-04-14 06:40:28",18
"2019-04-14 07:40:31",18
"2019-04-14 08:40:28",18
"2019-04-14 09:40:30",18
"2019-04-14 10:40:26",18
"2019-04-14 11:40:30",18
"2019-04-14 12:40:26",18
"2019-04-14 13:40:28",18
"2019-04-14 14:40:32",18
"2019-04-14 15:40:31",18
"2019-04-14 16:40:29",18
"2019-04-14 17:40:28",18
"2019-04-14 18:40:28",18
"2019-04-14 19:40:29",18
"2019-04-14 20:40:30",18
"2019-04-14 21:40:33",18
"2019-04-14 22:40:27",18
"2019-04-14 23:40:29",18
"2019-04-15 00:40:27",18
"2019-04-15 01:40:27",18
"2019-04-15 02:40:28",18
"2019-04-15 03:40:35",18
"2019-04-15 04:40:27",18
"2019-04-15 05:40:29",18
"2019-04-15 06:40:26",18
"2019-04-15 07:40:27",18
"2019-04-15 08:40:30",18
"2019-04-15 09:40:27",18
"2019-04-15 10:40:27",18
"2019-04-15 11:40:28",18
"2019-04-15 13:06:06",18
"2019-04-15 13:40:27",18
"2019-04-15 14:40:29",18
"2019-04-15 15:40:32",18
"2019-04-15 16:40:28",18
"2019-04-15 17:40:31",18
"2019-04-15 18:40:31",18
"2019-04-15 19:40:40",18
"2019-04-15 20:40:28",18
"2019-04-15 21:40:29",18
"2019-04-15 22:40:31",18
"2019-04-15 23:40:31",18
"2019-04-16 00:40:31",18
"2019-04-16 01:40:29",18
"2019-04-16 02:40:30",18
"2019-04-16 03:40:33",18
"2019-04-16 04:40:28",18
"2019-04-16 05:40:29",18
"2019-04-16 06:40:29",18
"2019-04-16 07:40:27",18
"2019-04-16 08:40:39",18
"2019-04-16 09:40:27",18
"2019-04-16 10:40:33",18
"2019-04-16 11:40:30",18
"2019-04-16 13:04:32",18
"2019-04-16 13:40:29",18
"2019-04-16 14:40:32",18
"2019-04-16 15:40:28",18
"2019-04-16 16:40:28",18
"2019-04-16 17:40:27",18
"2019-04-16 18:40:32",18
"2019-04-16 19:40:30",18
"2019-04-16 20:40:30",18
"2019-04-16 21:40:27",18
"2019-04-16 22:40:28",18
"2019-04-16 23:40:28",18
"2019-04-17 00:40:28",18
"2019-04-17 01:40:29",18
"2019-04-17 02:40:32",18
"2019-04-17 03:40:28",18
"2019-04-17 04:40:30",18
"2019-04-17 05:40:29",18
"2019-04-17 06:40:39",18
"2019-04-17 07:40:30",18
"2019-04-17 08:40:27",18
"2019-04-17 09:40:32",18
"2019-04-17 10:40:27",18
"2019-04-17 11:40:29",18
"2019-04-17 13:05:32",18
"2019-04-17 13:40:30",18
"2019-04-17 14:40:28",19
"2019-04-17 15:40:31",19
"2019-04-17 16:40:27",19
"2019-04-17 17:40:32",19
"2019-04-17 18:40:29",19
"2019-04-17 19:40:28",19
"2019-04-17 20:40:29",19
"2019-04-17 21:40:28",19
"2019-04-17 22:40:28",19
"2019-04-17 23:40:33",19
"2019-04-18 00:40:27",19
"2019-04-18 01:40:29",19
"2019-04-18 02:40:28",19
"2019-04-18 03:40:35",19
"2019-04-18 04:40:28",19
"2019-04-18 05:40:34",19
"2019-04-18 06:40:28",19
"2019-04-18 07:40:28",19
"2019-04-18 08:40:31",19
"2019-04-18 09:40:29",19
"2019-04-18 10:40:30",19
"2019-04-18 11:40:30",19
"2019-04-18 13:05:32",19
"2019-04-18 13:40:29",19
"2019-04-18 14:40:33",19
"2019-04-18 15:40:30",19
"2019-04-18 16:40:30",19
"2019-04-18 17:40:35",19
"2019-04-18 18:40:29",19
"2019-04-18 19:40:28",19
"2019-04-18 20:40:30",19
"2019-04-18 21:40:31",19
"2019-04-18 22:40:30",19
"2019-04-18 23:40:32",19
"2019-04-19 00:40:29",19
"2019-04-19 01:42:30",19
"2019-04-19 02:40:29",19
"2019-04-19 03:40:34",19
"2019-04-19 04:40:29",19
"2019-04-19 05:40:28",19
"2019-04-19 06:40:31",19
"2019-04-19 07:40:33",19
"2019-04-19 08:40:30",19
"2019-04-19 09:40:31",19
"2019-04-19 10:40:32",19
"2019-04-19 11:40:28",19
"2019-04-19 12:40:30",19
"2019-04-19 13:40:32",19
"2019-04-19 14:40:33",19
"2019-04-19 15:40:28",19
"2019-04-19 16:40:29",19
"2019-04-19 17:40:33",19
"2019-04-19 18:40:29",19
"2019-04-19 19:40:29",19
"2019-04-19 20:40:29",19
"2019-04-19 21:40:29",19
"2019-04-19 22:40:29",19
"2019-04-19 23:40:30",19
"2019-04-20 00:40:33",19
"2019-04-20 01:40:32",19
"2019-04-20 02:40:30",19
"2019-04-20 03:40:29",19
"2019-04-20 04:40:33",19
"2019-04-20 05:40:29",19
"2019-04-20 06:40:29",19
"2019-04-20 07:40:32",19
"2019-04-20 08:40:30",19
"2019-04-20 09:40:33",19
"2019-04-20 10:40:30",19
"2019-04-20 11:40:28",19
"2019-04-20 12:40:36",19
"2019-04-20 13:40:50",19
"2019-04-20 14:40:30",19
"2019-04-20 15:40:27",19
"2019-04-20 16:40:31",19
"2019-04-20 17:40:32",19
"2019-04-20 18:40:29",19
"2019-04-20 19:40:29",19
"2019-04-20 20:40:30",19
"2019-04-20 21:40:28",19
"2019-04-20 22:40:29",19
"2019-04-20 23:40:34",19
"2019-04-21 00:40:29",19
"2019-04-21 01:40:28",19
"2019-04-21 02:40:31",19
"2019-04-21 03:40:30",19
"2019-04-21 04:40:31",19
"2019-04-21 05:40:29",19
"2019-04-21 06:40:29",19
"2019-04-21 07:40:34",19
"2019-04-21 08:40:28",19
"2019-04-21 09:40:28",19
"2019-04-21 10:40:30",19
"2019-04-21 11:40:29",19
"2019-04-21 12:40:29",19
"2019-04-21 13:40:29",19
"2019-04-21 14:40:32",19
"2019-04-21 15:40:29",19
"2019-04-21 16:40:31",19
"2019-04-21 17:40:30",19
"2019-04-21 18:40:28",19
"2019-04-21 19:40:34",19
"2019-04-21 20:40:28",19
"2019-04-21 21:40:30",19
"2019-04-21 22:40:29",19
"2019-04-21 23:40:28",19
"2019-04-22 00:40:29",19
"2019-04-22 01:40:31",19
"2019-04-22 02:40:35",19
"2019-04-22 03:40:30",19
"2019-04-22 04:40:28",19
"2019-04-22 05:40:27",19
"2019-04-22 06:40:30",19
"2019-04-22 07:40:31",19
"2019-04-22 08:40:30",19
"2019-04-22 09:40:28",19
"2019-04-22 10:40:33",19
"2019-04-22 11:40:32",19
"2019-04-22 13:06:04",19
"2019-04-22 13:40:30",19
"2019-04-22 14:40:31",19
"2019-04-22 15:40:29",19
"2019-04-22 16:40:29",19
"2019-04-22 17:40:30",19
"2019-04-22 18:40:31",19
"2019-04-22 19:40:32",19
"2019-04-22 20:40:31",19
"2019-04-22 21:40:30",19
"2019-04-22 22:40:31",19
"2019-04-22 23:40:32",19
"2019-04-23 00:40:31",19
"2019-04-23 01:40:28",19
"2019-04-23 02:40:29",19
"2019-04-23 03:40:32",19
"2019-04-23 04:40:31",19
"2019-04-23 05:40:30",19
"2019-04-23 06:40:33",19
"2019-04-23 07:40:29",19
"2019-04-23 08:40:27",19
"2019-04-23 09:40:30",19
"2019-04-23 10:40:31",19
"2019-04-23 11:40:33",19
"2019-04-23 13:06:33",19
"2019-04-23 13:40:30",19
"2019-04-23 14:40:27",19
"2019-04-23 15:40:31",19
"2019-04-23 16:40:30",19
"2019-04-23 17:40:29",19
"2019-04-23 18:40:28",19
"2019-04-23 19:40:29",19
"2019-04-23 20:40:35",19
"2019-04-23 21:40:32",19
"2019-04-23 22:40:29",19
"2019-04-23 23:40:30",19
"2019-04-24 00:40:29",19
"2019-04-24 01:40:30",19
"2019-04-24 02:40:33",19
"2019-04-24 03:40:30",19
"2019-04-24 04:40:29",19
"2019-04-24 05:40:28",19
"2019-04-24 06:40:31",19
"2019-04-24 07:40:32",19
"2019-04-24 08:40:28",19
"2019-04-24 09:40:31",19
"2019-04-24 10:40:32",19
"2019-04-24 11:40:32",19
"2019-04-24 12:40:28",19
"2019-04-24 13:40:36",19
"2019-04-24 14:40:31",19
"2019-04-24 15:40:30",19
"2019-04-24 16:40:29",19
"2019-04-24 17:40:31",19
"2019-04-24 18:40:36",19
"2019-04-24 19:40:30",19
"2019-04-24 20:40:31",19
"2019-04-24 21:40:30",19
"2019-04-24 22:40:29",19
"2019-04-24 23:40:36",19
"2019-04-25 00:40:32",19
"2019-04-25 01:40:31",19
"2019-04-25 02:40:30",19
"2019-04-25 03:40:34",19
"2019-04-25 04:40:30",19
"2019-04-25 05:40:30",19
"2019-04-25 06:40:32",19
"2019-04-25 07:40:28",19
"2019-04-25 08:40:31",19
"2019-04-25 09:40:30",19
"2019-04-25 10:40:33",19
"2019-04-25 11:40:31",19
"2019-04-25 13:05:03",19
"2019-04-25 13:40:32",19
"2019-04-25 14:40:33",19
"2019-04-25 15:40:29",19
"2019-04-25 16:40:32",19
"2019-04-25 17:40:29",19
"2019-04-25 18:40:29",19
"2019-04-25 19:40:31",19
"2019-04-25 20:40:30",19
"2019-04-25 21:40:35",19
"2019-04-25 22:40:30",19
"2019-04-25 23:40:29",19
"2019-04-26 00:40:31",19
"2019-04-26 01:40:32",19
"2019-04-26 02:40:30",19
"2019-04-26 03:40:31",19
"2019-04-26 04:40:30",19
"2019-04-26 05:40:31",19
"2019-04-26 06:40:31",19
"2019-04-26 07:40:29",19
"2019-04-26 08:40:33",19
"2019-04-26 09:40:28",19
"2019-04-26 10:40:34",19
"2019-04-26 11:40:29",19
"2019-04-26 12:40:30",19
"2019-04-26 13:40:33",19
"2019-04-26 14:40:29",19
"2019-04-26 15:40:33",19
"2019-04-26 16:40:28",19
"2019-04-26 17:40:30",19
"2019-04-26 18:40:31",19
"2019-04-26 19:40:28",19
"2019-04-26 20:40:33",19
"2019-04-26 21:40:29",19
"2019-04-26 22:40:29",19
"2019-04-26 23:40:29",19
"2019-04-27 00:40:30",19
"2019-04-27 01:40:32",19
"2019-04-27 02:40:28",19
"2019-04-27 03:40:29",19
"2019-04-27 04:40:28",19
"2019-04-27 05:40:30",19
"2019-04-27 06:40:32",19
"2019-04-27 07:40:28",19
"2019-04-27 08:40:29",19
"2019-04-27 09:40:31",19
"2019-04-27 10:40:30",19
"2019-04-27 11:40:28",19
"2019-04-27 12:40:29",19
"2019-04-27 13:40:30",19
"2019-04-27 14:40:28",19
"2019-04-27 15:40:27",19
"2019-04-27 16:40:29",19
"2019-04-27 17:40:36",19
"2019-04-27 18:40:29",19
"2019-04-27 19:40:28",19
"2019-04-27 20:40:29",19
"2019-04-27 21:40:30",19
"2019-04-27 22:40:28",19
"2019-04-27 23:40:28",19
"2019-04-28 00:40:28",19
"2019-04-28 01:40:29",19
"2019-04-28 02:40:29",19
"2019-04-28 03:40:27",19
"2019-04-28 04:40:33",19
"2019-04-28 05:40:29",19
"2019-04-28 06:40:28",19
"2019-04-28 07:40:28",19
"2019-04-28 08:40:32",19
"2019-04-28 09:40:29",19
"2019-04-28 10:40:32",19
"2019-04-28 11:40:30",19
"2019-04-28 12:40:29",19
"2019-04-28 13:40:28",19
"2019-04-28 14:40:31",19
"2019-04-28 15:40:29",19
"2019-04-28 16:40:27",19
"2019-04-28 17:40:29",19
"2019-04-28 18:40:29",19
"2019-04-28 19:40:33",19
"2019-04-28 20:40:28",19
"2019-04-28 21:40:30",19
"2019-04-28 22:40:29",19
"2019-04-28 23:40:30",19
"2019-04-29 00:40:31",19
"2019-04-29 01:40:28",19
"2019-04-29 02:40:28",19
"2019-04-29 03:40:30",19
"2019-04-29 04:40:32",19
"2019-04-29 05:40:28",19
"2019-04-29 06:40:29",19
"2019-04-29 07:40:30",19
"2019-04-29 08:40:33",19
"2019-04-29 09:40:30",19
"2019-04-29 10:40:29",19
"2019-04-29 11:40:29",19
"2019-04-29 12:40:34",19
"2019-04-29 13:40:29",19
"2019-04-29 14:40:32",19
"2019-04-29 15:40:29",19
"2019-04-29 16:40:32",19
"2019-04-29 17:40:31",19
"2019-04-29 18:40:31",19
"2019-04-29 19:40:31",19
"2019-04-29 20:40:36",19
"2019-04-29 21:40:30",19
"2019-04-29 22:40:29",19
"2019-04-29 23:40:31",19
"2019-04-30 00:40:29",19
"2019-04-30 01:40:30",19
"2019-04-30 02:40:32",19
"2019-04-30 03:40:34",19
"2019-04-30 04:40:32",19
"2019-04-30 05:40:31",19
"2019-04-30 06:40:30",19
"2019-04-30 07:40:31",19
"2019-04-30 08:40:31",19
"2019-04-30 09:40:35",19
"2019-04-30 10:40:30",19
"2019-04-30 11:40:32",19
"2019-04-30 13:04:34",19
"2019-04-30 13:40:34",19
"2019-04-30 14:40:31",19
"2019-04-30 15:40:34",19
"2019-04-30 16:40:33",19
"2019-04-30 17:40:36",19
"2019-04-30 18:40:31",19
"2019-04-30 19:40:33",19
"2019-04-30 20:40:32",19
"2019-04-30 21:40:31",19
"2019-04-30 22:40:29",19
"2019-04-30 23:40:33",19
"2019-05-01 00:40:28",19
"2019-05-01 01:40:36",19
"2019-05-01 02:40:32",19
"2019-05-01 03:40:35",19
"2019-05-01 04:40:34",19
"2019-05-01 05:40:32",19
"2019-05-01 06:40:29",19
"2019-05-01 07:40:33",19
"2019-05-01 08:40:33",19
"2019-05-01 09:40:34",19
"2019-05-01 10:40:30",19
"2019-05-01 11:40:30",19
"2019-05-01 13:04:34",19
"2019-05-01 13:40:34",19
"2019-05-01 14:40:28",19
"2019-05-01 15:40:33",19
"2019-05-01 16:40:32",19
"2019-05-01 17:40:30",19
"2019-05-01 18:40:32",19
"2019-05-01 19:40:36",19
"2019-05-01 20:40:33",19
"2019-05-01 21:40:31",19
"2019-05-01 22:40:33",19
"2019-05-01 23:40:33",19
"2019-05-02 00:40:33",19
"2019-05-02 01:40:31",19
"2019-05-02 02:40:34",19
"2019-05-02 03:40:31",19
"2019-05-02 04:40:34",19
"2019-05-02 05:40:35",19
"2019-05-02 06:40:35",19
"2019-05-02 07:40:32",19
"2019-05-02 08:40:32",19
"2019-05-02 09:40:31",19
"2019-05-02 10:40:33",19
"2019-05-02 11:40:30",19
"2019-05-02 13:04:41",19
"2019-05-02 13:40:35",19
"2019-05-02 14:40:29",19
"2019-05-02 15:40:31",19
"2019-05-02 16:40:35",19
"2019-05-02 17:40:30",18
"2019-05-02 18:40:30",18
"2019-05-02 19:40:35",18
"2019-05-02 20:40:31",18
"2019-05-02 21:40:32",18
"2019-05-02 22:40:36",18
"2019-05-02 23:40:29",18
"2019-05-03 00:40:31",18
"2019-05-03 01:40:35",18
"2019-05-03 02:40:31",18
"2019-05-03 03:40:36",18
"2019-05-03 04:40:30",18
"2019-05-03 05:40:42",18
"2019-05-03 06:40:33",18
"2019-05-03 07:40:33",18
"2019-05-03 08:40:32",18
"2019-05-03 09:40:33",18
"2019-05-03 10:40:36",18
"2019-05-03 11:40:33",18
"2019-05-03 13:03:37",18
"2019-05-03 13:40:40",18
"2019-05-03 14:40:36",18
"2019-05-03 15:40:34",18
"2019-05-03 16:40:35",18
"2019-05-03 17:40:36",18
"2019-05-03 18:40:38",18
"2019-05-03 19:40:38",18
"2019-05-03 20:40:31",18
"2019-05-03 21:40:40",18
"2019-05-03 22:40:33",18
"2019-05-03 23:40:37",18
"2019-05-04 00:40:35",18
"2019-05-04 01:40:34",18
"2019-05-04 02:40:36",18
"2019-05-04 03:40:40",18
"2019-05-04 04:40:35",18
"2019-05-04 05:40:36",18
"2019-05-04 06:40:37",18
"2019-05-04 07:40:36",18
"2019-05-04 08:40:32",18
"2019-05-04 09:40:35",18
"2019-05-04 10:40:31",18
"2019-05-04 11:40:35",18
"2019-05-04 12:40:37",18
"2019-05-04 13:40:36",18
"2019-05-04 14:40:32",18
"2019-05-04 15:40:32",18
"2019-05-04 16:40:36",18
"2019-05-04 17:40:32",18
"2019-05-04 18:40:32",18
"2019-05-04 19:40:35",18
"2019-05-04 20:40:31",18
"2019-05-04 21:40:33",18
"2019-05-04 22:40:32",18
"2019-05-04 23:40:37",18
"2019-05-05 00:40:34",18
"2019-05-05 01:40:35",18
"2019-05-05 02:40:32",18
"2019-05-05 03:40:33",18
"2019-05-05 04:40:36",18
"2019-05-05 05:40:36",18
"2019-05-05 06:40:37",18
"2019-05-05 07:40:34",18
"2019-05-05 08:40:32",18
"2019-05-05 09:40:32",18
"2019-05-05 10:40:35",18
"2019-05-05 11:40:34",18
"2019-05-05 12:40:34",18
"2019-05-05 13:40:34",18
"2019-05-05 14:40:35",18
"2019-05-05 15:40:33",18
"2019-05-05 16:40:32",18
"2019-05-05 17:40:36",18
"2019-05-05 18:40:33",18
"2019-05-05 19:40:31",18
"2019-05-05 20:40:34",18
"2019-05-05 21:40:31",18
"2019-05-05 22:40:34",18
"2019-05-05 23:40:36",18
"2019-05-06 00:40:33",18
"2019-05-06 01:40:32",18
"2019-05-06 02:40:33",18
"2019-05-06 03:40:35",18
"2019-05-06 04:40:31",18
"2019-05-06 05:40:31",18
"2019-05-06 06:40:31",18
"2019-05-06 07:40:36",18
"2019-05-06 08:40:33",18
"2019-05-06 09:40:30",18
"2019-05-06 10:40:35",18
"2019-05-06 11:40:34",18
"2019-05-06 13:05:39",18
"2019-05-06 13:40:36",18
"2019-05-06 14:40:35",17
"2019-05-06 15:40:31",17
"2019-05-06 16:40:33",17
"2019-05-06 17:32:23",17
"2019-05-06 17:40:32",17
"2019-05-06 18:40:33",17
"2019-05-06 19:40:35",17
"2019-05-06 20:40:31",17
"2019-05-06 21:40:31",17
"2019-05-06 22:40:33",17
"2019-05-06 23:40:31",17
"2019-05-07 00:40:32",17
"2019-05-07 01:40:37",17
"2019-05-07 02:40:32",17
"2019-05-07 03:40:34",17
"2019-05-07 04:40:33",17
"2019-05-07 05:40:32",17
"2019-05-07 06:40:31",17
"2019-05-07 07:40:32",17
"2019-05-07 08:40:30",17
"2019-05-07 09:40:34",17
"2019-05-07 10:40:32",17
"2019-05-07 11:40:31",17
"2019-05-07 12:40:36",17
"2019-05-07 13:40:34",17
"2019-05-07 14:40:30",17
"2019-05-07 15:40:30",17
"2019-05-07 16:40:32",17
"2019-05-07 17:40:34",17
"2019-05-07 18:40:32",17
"2019-05-07 19:40:35",17
"2019-05-07 20:40:33",17
"2019-05-07 21:40:32",17
"2019-05-07 22:40:31",17
"2019-05-07 23:40:34",17
"2019-05-08 00:40:31",17
"2019-05-08 01:40:32",17
"2019-05-08 02:40:32",17
"2019-05-08 03:40:36",17
"2019-05-08 04:40:33",17
"2019-05-08 05:40:33",17
"2019-05-08 06:40:34",17
"2019-05-08 07:40:31",17
"2019-05-08 08:40:31",17
"2019-05-08 09:40:36",17
"2019-05-08 10:40:31",17
"2019-05-08 11:40:34",17
"2019-05-08 13:04:36",17
"2019-05-08 13:40:32",17
"2019-05-08 14:40:33",17
"2019-05-08 15:40:35",17
"2019-05-08 16:40:33",17
"2019-05-08 17:40:34",17
"2019-05-08 18:40:36",17
"2019-05-08 19:40:32",17
"2019-05-08 20:40:31",17
"2019-05-08 21:40:32",17
"2019-05-08 22:40:30",17
"2019-05-08 23:40:38",17
"2019-05-09 00:40:31",17
"2019-05-09 01:40:34",17
"2019-05-09 02:40:33",17
"2019-05-09 03:40:37",17
"2019-05-09 04:40:36",17
"2019-05-09 05:40:33",17
"2019-05-09 06:40:34",17
"2019-05-09 07:40:34",17
"2019-05-09 08:40:33",17
"2019-05-09 09:40:37",17
"2019-05-09 10:40:31",17
"2019-05-09 11:40:35",17
"2019-05-09 13:04:04",17
"2019-05-09 13:40:33",17
"2019-05-09 14:40:32",18
"2019-05-09 15:40:35",18
"2019-05-09 16:40:32",18
"2019-05-09 17:40:36",18
"2019-05-09 18:40:33",18
"2019-05-09 19:40:33",18
"2019-05-09 20:40:33",18
"2019-05-09 21:40:32",18
"2019-05-09 22:40:36",18
"2019-05-09 23:40:31",18
"2019-05-10 00:40:31",18
"2019-05-10 01:40:35",18
"2019-05-10 02:40:36",18
"2019-05-10 03:40:31",18
"2019-05-10 04:40:37",18
"2019-05-10 05:40:31",18
"2019-05-10 06:40:31",18
"2019-05-10 07:40:30",18
"2019-05-10 08:40:35",18
"2019-05-10 09:40:32",18
"2019-05-10 10:40:33",18
"2019-05-10 11:40:32",18
"2019-05-10 12:40:38",18
"2019-05-10 13:40:33",18
"2019-05-10 14:40:35",18
"2019-05-10 15:40:33",18
"2019-05-10 16:40:33",18
"2019-05-10 17:40:33",18
"2019-05-10 18:40:37",18
"2019-05-10 19:40:32",18
"2019-05-10 20:40:32",18
"2019-05-10 21:40:32",18
"2019-05-10 22:40:33",18
"2019-05-10 23:40:33",18
"2019-05-11 00:40:38",18
"2019-05-11 01:40:32",18
"2019-05-11 02:40:36",18
"2019-05-11 03:40:32",18
"2019-05-11 04:40:33",18
"2019-05-11 05:40:41",18
"2019-05-11 06:40:32",18
"2019-05-11 07:40:32",18
"2019-05-11 08:40:36",18
"2019-05-11 09:40:32",18
"2019-05-11 10:40:38",18
"2019-05-11 11:40:33",18
"2019-05-11 12:40:32",18
"2019-05-11 13:40:35",18
"2019-05-11 14:40:32",18
"2019-05-11 15:40:33",18
"2019-05-11 16:40:38",18
"2019-05-11 17:40:34",18
"2019-05-11 18:40:34",18
"2019-05-11 19:40:34",18
"2019-05-11 20:40:32",18
"2019-05-11 21:40:33",18
"2019-05-11 22:40:35",18
"2019-05-11 23:40:34",18
"2019-05-12 00:40:32",18
"2019-05-12 01:40:33",18
"2019-05-12 02:40:33",18
"2019-05-12 03:40:36",18
"2019-05-12 04:40:32",18
"2019-05-12 05:40:34",18
"2019-05-12 06:40:33",18
"2019-05-12 07:40:36",18
"2019-05-12 08:40:33",18
"2019-05-12 09:40:36",18
"2019-05-12 10:40:32",18
"2019-05-12 11:40:32",18
"2019-05-12 12:40:32",18
"2019-05-12 13:40:37",18
"2019-05-12 14:40:32",18
"2019-05-12 15:40:34",18
"2019-05-12 16:40:35",18
"2019-05-12 17:40:37",18
"2019-05-12 18:40:32",18
"2019-05-12 19:40:33",18
"2019-05-12 20:40:32",18
"2019-05-12 21:40:31",18
"2019-05-12 22:40:37",18
"2019-05-12 23:40:32",18
"2019-05-13 00:40:34",18
"2019-05-13 01:40:32",18
"2019-05-13 02:40:32",18
"2019-05-13 03:40:36",18
"2019-05-13 04:40:32",18
"2019-05-13 05:40:31",18
"2019-05-13 06:40:35",18
"2019-05-13 07:40:31",18
"2019-05-13 08:40:32",18
"2019-05-13 09:40:33",18
"2019-05-13 10:40:36",18
"2019-05-13 11:40:33",18
"2019-05-13 13:04:06",18
"2019-05-13 13:40:33",18
"2019-05-13 14:40:32",18
"2019-05-13 15:40:36",18
"2019-05-13 16:40:32",18
"2019-05-13 17:40:33",18
"2019-05-13 18:40:35",18
"2019-05-13 19:40:35",18
"2019-05-13 20:40:32",18
"2019-05-13 21:40:34",18
"2019-05-13 22:40:32",18
"2019-05-13 23:40:32",18
"2019-05-14 00:40:44",18
"2019-05-14 01:40:31",18
"2019-05-14 02:40:33",18
"2019-05-14 03:40:35",18
"2019-05-14 04:40:33",18
"2019-05-14 05:40:32",18
"2019-05-14 06:40:32",18
"2019-05-14 07:40:35",18
"2019-05-14 08:40:34",18
"2019-05-14 09:40:36",18
"2019-05-14 10:40:33",18
"2019-05-14 11:40:33",18
"2019-05-14 13:03:37",18
"2019-05-14 13:40:36",18
"2019-05-14 14:40:33",18
"2019-05-14 15:40:36",18
"2019-05-14 16:40:35",18
"2019-05-14 17:40:32",18
"2019-05-14 18:40:35",18
"2019-05-14 19:40:33",19
"2019-05-14 20:40:33",19
"2019-05-14 21:40:33",19
"2019-05-14 22:40:36",19
"2019-05-14 23:40:35",19
"2019-05-15 00:40:34",19
"2019-05-15 01:40:34",19
"2019-05-15 02:40:32",19
"2019-05-15 03:40:36",19
"2019-05-15 04:40:34",19
"2019-05-15 05:40:35",19
"2019-05-15 06:40:36",19
"2019-05-15 07:40:35",19
"2019-05-15 08:40:35",19
"2019-05-15 09:40:37",19
"2019-05-15 10:40:39",19
"2019-05-15 11:40:33",19
"2019-05-15 13:04:38",19
"2019-05-15 13:40:34",19
"2019-05-15 14:40:34",20
"2019-05-15 15:40:33",20
"2019-05-15 16:40:36",20
"2019-05-15 17:40:35",20
"2019-05-15 18:40:36",20
"2019-05-15 19:40:34",20
"2019-05-15 20:40:34",20
"2019-05-15 21:40:35",20
"2019-05-15 22:40:34",20
"2019-05-15 23:40:34",20
"2019-05-16 00:40:34",20
"2019-05-16 01:40:36",20
"2019-05-16 02:40:37",20
"2019-05-16 03:40:33",20
"2019-05-16 04:40:34",20
"2019-05-16 05:40:36",20
"2019-05-16 06:40:35",20
"2019-05-16 07:40:37",20
"2019-05-16 08:40:35",20
"2019-05-16 09:40:36",20
"2019-05-16 10:40:42",20
"2019-05-16 11:40:34",20
"2019-05-16 13:03:37",20
"2019-05-16 13:40:42",20
"2019-05-16 14:40:35",20
"2019-05-16 15:40:33",20
"2019-05-16 16:40:37",20
"2019-05-16 17:40:35",20
"2019-05-16 18:40:37",20
"2019-05-16 19:40:37",20
"2019-05-16 20:40:34",20
"2019-05-16 21:40:36",20
"2019-05-16 22:40:35",20
"2019-05-16 23:40:34",20
"2019-05-17 00:40:40",20
"2019-05-17 01:40:35",20
"2019-05-17 02:40:34",20
"2019-05-17 03:40:34",20
"2019-05-17 04:40:34",20
"2019-05-17 05:40:35",20
"2019-05-17 06:40:40",20
"2019-05-17 07:40:36",20
"2019-05-17 08:40:40",20
"2019-05-17 09:40:38",20
"2019-05-17 10:40:34",20
"2019-05-17 11:40:37",20
"2019-05-17 13:05:08",20
"2019-05-17 13:40:40",20
"2019-05-17 14:40:36",20
"2019-05-17 15:40:34",20
"2019-05-17 16:40:36",20
"2019-05-17 17:40:35",20
"2019-05-17 18:40:34",20
"2019-05-17 19:40:37",20
"2019-05-17 20:40:34",20
"2019-05-17 21:40:35",20
"2019-05-17 22:40:34",20
"2019-05-17 23:40:35",20
"2019-05-18 00:40:35",20
"2019-05-18 01:40:36",20
"2019-05-18 02:40:35",20
"2019-05-18 04:40:32",20
"2019-05-18 05:40:31",20
"2019-05-18 06:40:33",20
"2019-05-18 07:40:31",20
"2019-05-18 08:40:31",20
"2019-05-18 09:40:31",20
"2019-05-18 10:40:30",20
"2019-05-18 11:40:32",20
"2019-05-18 12:40:31",20
"2019-05-18 13:40:32",20
"2019-05-18 14:40:31",20
"2019-05-18 15:40:32",20
"2019-05-18 16:40:31",20
"2019-05-18 17:40:32",20
"2019-05-18 18:40:30",20
"2019-05-18 19:40:31",20
"2019-05-18 20:40:31",20
"2019-05-18 21:40:32",20
"2019-05-18 22:40:31",20
"2019-05-18 23:40:31",20
"2019-05-19 00:40:30",20
"2019-05-19 01:40:30",20
"2019-05-19 02:40:31",20
"2019-05-19 03:40:30",20
"2019-05-19 04:40:32",20
"2019-05-19 05:40:31",20
"2019-05-19 06:40:31",20
"2019-05-19 07:40:31",20
"2019-05-19 08:40:30",20
"2019-05-19 09:40:31",20
"2019-05-19 10:40:30",20
"2019-05-19 11:40:31",20
"2019-05-19 12:40:31",20
"2019-05-19 13:40:32",20
"2019-05-19 14:40:31",20
"2019-05-19 15:40:31",20
"2019-05-19 16:40:32",20
"2019-05-19 17:40:31",20
"2019-05-19 18:40:31",20
"2019-05-19 19:40:31",20
"2019-05-19 20:40:31",20
"2019-05-19 21:40:32",20
"2019-05-19 22:40:31",20
"2019-05-19 23:40:31",20
"2019-05-20 00:40:32",20
"2019-05-20 01:40:31",20
"2019-05-20 02:40:33",20
"2019-05-20 03:40:31",20
"2019-05-20 04:40:32",20
"2019-05-20 05:40:33",20
"2019-05-20 06:40:32",20
"2019-05-20 07:40:32",20
"2019-05-20 08:40:31",20
"2019-05-20 09:40:31",20
"2019-05-20 10:40:31",20
"2019-05-20 11:40:32",20
"2019-05-20 12:40:33",20
"2019-05-20 13:40:32",20
"2019-05-20 14:40:32",20
"2019-05-20 15:40:30",20
"2019-05-20 16:40:33",20
"2019-05-20 17:40:32",20
"2019-05-20 18:40:30",20
"2019-05-20 19:40:31",20
"2019-05-20 20:40:31",20
"2019-05-20 21:40:31",20
"2019-05-20 22:40:31",20
"2019-05-20 23:40:34",20
"2019-05-21 00:40:31",20
"2019-05-21 01:40:32",20
"2019-05-21 02:40:31",20
"2019-05-21 03:40:31",20
"2019-05-21 04:40:32",20
"2019-05-21 05:40:31",20
"2019-05-21 06:40:30",20
"2019-05-21 07:40:32",20
"2019-05-21 08:40:31",20
"2019-05-21 09:40:30",20
"2019-05-21 10:40:31",20
"2019-05-21 11:40:31",20
"2019-05-21 13:04:34",20
"2019-05-21 13:40:31",20
"2019-05-21 14:40:32",20
"2019-05-21 15:40:30",20
"2019-05-21 16:40:30",20
"2019-05-21 17:40:30",20
"2019-05-21 18:40:31",20
"2019-05-21 19:40:31",20
"2019-05-21 20:40:31",20
"2019-05-21 21:40:31",20
"2019-05-21 22:40:33",20
"2019-05-21 23:40:31",20
"2019-05-22 00:40:31",20
"2019-05-22 01:40:31",20
"2019-05-22 02:40:30",20
"2019-05-22 03:40:31",20
"2019-05-22 04:40:32",20
"2019-05-22 05:40:32",20
"2019-05-22 06:40:31",20
"2019-05-22 07:40:31",20
"2019-05-22 08:40:32",20
"2019-05-22 09:40:34",20
"2019-05-22 10:40:31",20
"2019-05-22 11:40:31",20
"2019-05-22 12:40:31",20
"2019-05-22 13:40:31",20
"2019-05-22 14:40:31",20
"2019-05-22 15:40:33",20
"2019-05-22 16:40:31",20
"2019-05-22 17:40:30",20
"2019-05-22 18:40:31",20
"2019-05-22 19:40:30",20
"2019-05-22 20:40:30",20
"2019-05-22 21:40:32",20
"2019-05-22 22:40:31",20
"2019-05-22 23:40:30",20
"2019-05-23 00:40:31",20
"2019-05-23 01:40:31",20
"2019-05-23 02:40:31",20
"2019-05-23 03:40:30",20
"2019-05-23 04:40:34",20
"2019-05-23 05:40:30",20
"2019-05-23 06:40:31",20
"2019-05-23 07:40:31",20
"2019-05-23 08:40:31",20
"2019-05-23 09:40:31",20
"2019-05-23 10:40:31",20
"2019-05-23 11:40:30",20
"2019-05-23 12:40:33",20
"2019-05-23 13:40:31",20
"2019-05-23 14:40:32",20
"2019-05-23 15:40:32",20
"2019-05-23 16:40:32",20
"2019-05-23 17:40:32",20
"2019-05-23 18:40:32",20
"2019-05-23 19:40:33",20
"2019-05-23 20:40:32",20
"2019-05-23 21:40:32",20
"2019-05-23 22:40:32",20
"2019-05-23 23:40:32",20
"2019-05-24 00:40:32",20
"2019-05-24 01:40:32",20
"2019-05-24 02:40:31",20
"2019-05-24 03:40:31",20
"2019-05-24 04:40:32",20
"2019-05-24 05:40:33",20
"2019-05-24 06:40:32",20
"2019-05-24 07:40:31",20
"2019-05-24 08:40:32",20
"2019-05-24 09:40:33",20
"2019-05-24 10:40:32",20
"2019-05-24 11:40:32",20
"2019-05-24 13:04:35",20
"2019-05-24 13:40:32",20
"2019-05-24 14:40:33",20
"2019-05-24 15:40:32",20
"2019-05-24 16:40:31",20
"2019-05-24 17:40:33",20
"2019-05-24 18:40:33",20
"2019-05-24 19:40:33",20
"2019-05-24 20:40:33",20
"2019-05-24 21:40:33",20
"2019-05-24 22:40:33",20
"2019-05-24 23:40:34",20
"2019-05-25 00:40:32",20
"2019-05-25 01:40:32",20
"2019-05-25 04:40:32",20
"2019-05-26 04:40:33",20
"2019-05-26 05:40:33",20
"2019-05-26 06:40:32",20
"2019-05-26 07:40:33",20
"2019-05-26 08:40:32",20
"2019-05-26 09:40:31",20
"2019-05-26 10:40:32",20
"2019-05-26 11:40:32",20
"2019-05-26 12:40:31",20
"2019-05-26 13:40:32",20
"2019-05-26 14:40:32",20
"2019-05-26 15:40:31",20
"2019-05-26 16:40:32",20
"2019-05-26 17:40:33",20
"2019-05-26 18:40:32",20
"2019-05-26 19:40:32",20
"2019-05-26 20:40:32",20
"2019-05-26 21:40:32",20
"2019-05-26 22:40:31",20
"2019-05-26 23:40:31",20
"2019-05-27 00:40:31",20
"2019-05-27 01:40:32",20
"2019-05-27 02:40:31",20
"2019-05-27 03:40:33",20
"2019-05-27 04:40:33",20
"2019-05-27 05:40:32",20
"2019-05-27 06:40:32",20
"2019-05-27 07:40:36",20
"2019-05-27 08:40:34",20
"2019-05-27 09:40:33",20
"2019-05-27 10:40:32",20
"2019-05-27 11:40:31",20
"2019-05-27 12:40:31",20
"2019-05-27 13:40:32",20
"2019-05-27 14:40:32",20
"2019-05-27 15:40:32",20
"2019-05-27 16:40:32",20
"2019-05-27 17:40:33",20
"2019-05-27 18:40:32",20
"2019-05-27 19:40:31",20
"2019-05-27 20:40:31",20
"2019-05-27 21:40:32",20
"2019-05-27 22:40:31",20
"2019-05-27 23:40:31",20
"2019-05-28 00:40:32",20
"2019-05-28 01:40:32",20
"2019-05-28 02:40:32",20
"2019-05-28 03:40:32",20
"2019-05-28 04:40:32",20
"2019-05-28 05:40:31",20
"2019-05-28 06:40:36",20
"2019-05-28 07:40:33",20
"2019-05-28 08:40:32",20
"2019-05-28 09:40:33",20
"2019-05-28 10:40:32",20
"2019-05-28 11:40:31",20
"2019-05-28 12:40:32",20
"2019-05-28 13:40:34",20
"2019-05-28 14:40:33",20
"2019-05-28 15:40:33",20
"2019-05-28 16:40:33",20
"2019-05-28 17:40:35",20
"2019-05-28 18:40:33",20
"2019-05-28 19:40:33",20
"2019-05-28 20:40:33",20
"2019-05-28 21:40:33",20
"2019-05-28 22:40:32",20
"2019-05-28 23:40:33",20
"2019-05-29 00:40:33",20
"2019-05-29 01:40:33",20
"2019-05-29 02:40:32",20
"2019-05-29 03:40:32",20
"2019-05-29 04:40:33",20
"2019-05-29 05:40:35",20
"2019-05-29 06:40:33",20
"2019-05-29 07:40:35",20
"2019-05-29 08:40:33",20
"2019-05-29 09:40:35",20
"2019-05-29 10:40:33",20
"2019-05-29 11:40:32",20
"2019-05-29 13:03:36",20
"2019-05-29 13:40:34",20
"2019-05-29 14:40:35",20
"2019-05-29 15:40:33",20
"2019-05-29 16:40:34",20
"2019-05-29 17:40:34",20
"2019-05-29 18:40:33",20
"2019-05-29 19:40:34",20
"2019-05-29 20:40:32",20
"2019-05-29 21:40:33",20
"2019-05-29 22:40:33",20
"2019-05-29 23:40:33",20
"2019-05-30 00:40:33",20
"2019-05-30 01:40:33",20
"2019-05-30 02:40:34",20
"2019-05-30 03:40:33",20
"2019-05-30 04:40:33",20
"2019-05-30 05:40:34",20
"2019-05-30 06:40:33",20
"2019-05-30 07:40:33",20
"2019-05-30 08:40:34",20
"2019-05-30 09:40:34",20
"2019-05-30 10:40:32",20
"2019-05-30 11:40:33",20
"2019-05-30 12:40:35",20
"2019-05-30 13:40:32",20
"2019-05-30 14:40:34",20
"2019-05-30 15:40:34",20
"2019-05-30 16:40:32",20
"2019-05-30 17:40:33",20
"2019-05-30 18:40:34",20
"2019-05-30 19:40:33",20
"2019-05-30 20:40:32",20
"2019-05-30 21:40:33",20
"2019-05-30 22:40:34",20
"2019-05-30 23:40:33",20
"2019-05-31 00:40:32",20
"2019-05-31 01:40:33",20
"2019-05-31 02:40:32",20
"2019-05-31 03:40:32",20
"2019-05-31 04:40:32",20
"2019-05-31 05:40:33",20
"2019-05-31 06:40:34",20
"2019-05-31 07:40:32",20
"2019-05-31 08:40:32",20
"2019-05-31 09:40:34",20
"2019-05-31 10:40:33",20
"2019-05-31 11:40:32",20
"2019-05-31 12:41:17",20
"2019-05-31 13:40:33",20
"2019-05-31 14:40:33",20
"2019-05-31 15:40:33",20
"2019-05-31 16:40:32",20
"2019-05-31 17:40:35",20
"2019-05-31 18:40:33",20
"2019-05-31 19:40:33",20
"2019-05-31 20:40:33",20
"2019-05-31 21:40:33",20
"2019-05-31 22:40:32",20
"2019-05-31 23:40:32",20
"2019-06-01 00:40:32",20
"2019-06-01 01:40:32",20
"2019-06-01 02:40:33",20
"2019-06-01 03:40:33",20
"2019-06-01 04:40:32",20
"2019-06-01 05:40:33",20
"2019-06-01 06:40:35",20
"2019-06-01 07:40:32",20
"2019-06-01 08:40:32",20
"2019-06-01 09:40:33",20
"2019-06-01 10:40:33",20
"2019-06-01 11:40:32",20
"2019-06-01 12:40:33",20
"2019-06-01 13:40:33",20
"2019-06-01 14:40:33",20
"2019-06-01 15:40:34",20
"2019-06-01 16:40:33",20
"2019-06-01 17:40:33",20
"2019-06-01 18:40:33",20
"2019-06-01 19:40:34",20
"2019-06-01 20:40:32",20
"2019-06-01 21:40:33",20
"2019-06-01 22:40:33",20
"2019-06-01 23:40:33",20
"2019-06-02 00:40:33",20
"2019-06-02 01:40:35",20
"2019-06-02 02:40:33",20
"2019-06-02 03:40:33",20
"2019-06-02 04:40:33",20
"2019-06-02 05:40:35",20
"2019-06-02 06:40:33",20
"2019-06-02 07:40:33",20
"2019-06-02 08:40:33",20
"2019-06-02 09:40:32",20
"2019-06-02 10:40:33",20
"2019-06-02 11:40:33",20
"2019-06-02 12:40:35",20
"2019-06-02 13:40:34",20
"2019-06-02 14:40:33",20
"2019-06-02 15:40:32",20
"2019-06-02 16:40:32",20
"2019-06-02 17:40:33",20
"2019-06-02 18:40:33",20
"2019-06-02 19:40:33",20
"2019-06-02 20:40:33",20
"2019-06-02 21:40:33",20
"2019-06-02 22:40:33",20
"2019-06-02 23:40:32",20
"2019-06-03 00:40:33",20
"2019-06-03 01:40:34",20
"2019-06-03 02:40:33",20
"2019-06-03 03:40:33",20
"2019-06-03 04:40:32",20
"2019-06-03 05:40:33",20
"2019-06-03 06:40:33",20
"2019-06-03 07:40:33",20
"2019-06-03 08:40:34",20
"2019-06-03 09:40:33",20
"2019-06-03 10:40:34",20
"2019-06-03 11:40:34",20
"2019-06-03 12:40:34",20
"2019-06-03 13:40:35",20
"2019-06-03 14:40:35",20
"2019-06-03 15:40:34",20
"2019-06-03 16:40:34",20
"2019-06-03 17:40:33",20
"2019-06-03 18:40:36",20
"2019-06-03 19:40:35",20
"2019-06-03 20:40:33",20
"2019-06-03 21:40:35",20
"2019-06-03 22:40:34",20
"2019-06-03 23:40:36",20
"2019-06-04 00:40:34",20
"2019-06-04 01:40:34",20
"2019-06-04 02:40:34",20
"2019-06-04 03:40:34",20
"2019-06-04 04:40:34",20
"2019-06-04 05:40:34",20
"2019-06-04 06:40:34",20
"2019-06-04 07:40:33",20
"2019-06-04 08:40:36",20
"2019-06-04 09:40:33",20
"2019-06-04 10:40:35",20
"2019-06-04 11:40:34",20
"2019-06-04 13:03:06",20
"2019-06-04 13:40:34",20
"2019-06-04 14:40:36",20
"2019-06-04 15:40:35",20
"2019-06-04 16:40:34",20
"2019-06-04 17:40:34",20
"2019-06-04 18:40:34",20
"2019-06-04 19:40:34",20
"2019-06-04 20:40:34",20
"2019-06-04 21:40:33",20
"2019-06-04 22:40:34",20
"2019-06-04 23:40:36",20
"2019-06-05 00:40:33",20
"2019-06-05 01:40:35",20
"2019-06-05 02:40:35",20
"2019-06-05 03:40:35",20
"2019-06-05 04:40:37",20
"2019-06-05 05:40:34",20
"2019-06-05 06:40:34",20
"2019-06-05 07:40:35",20
"2019-06-05 08:40:37",20
"2019-06-05 09:40:34",20
"2019-06-05 10:40:34",20
"2019-06-05 11:40:36",20
"2019-06-05 13:04:37",20
"2019-06-05 13:40:33",20
"2019-06-05 14:40:34",20
"2019-06-05 15:40:34",20
"2019-06-05 16:40:34",20
"2019-06-05 17:40:35",20
"2019-06-05 18:40:35",20
"2019-06-05 19:40:36",20
"2019-06-05 20:40:34",20
"2019-06-05 21:40:34",20
"2019-06-05 22:40:34",20
"2019-06-05 23:40:34",20
"2019-06-06 00:40:34",20
"2019-06-06 01:40:33",20
"2019-06-06 02:40:34",20
"2019-06-06 03:40:34",20
"2019-06-06 04:40:37",20
"2019-06-06 05:40:34",20
"2019-06-06 06:40:35",20
"2019-06-06 07:40:34",20
"2019-06-06 08:40:36",20
"2019-06-06 09:40:35",20
"2019-06-06 10:40:38",20
"2019-06-06 11:40:34",20
"2019-06-06 13:04:37",20
"2019-06-06 13:40:34",20
"2019-06-06 14:40:34",20
"2019-06-06 15:40:36",20
"2019-06-06 16:40:34",20
"2019-06-06 17:40:35",20
"2019-06-06 18:40:35",20
"2019-06-06 19:40:35",20
"2019-06-06 20:40:33",20
"2019-06-06 21:40:34",20
"2019-06-06 22:40:34",20
"2019-06-06 23:40:33",20
"2019-06-07 00:40:35",20
"2019-06-07 01:40:34",20
"2019-06-07 02:40:34",20
"2019-06-07 03:40:34",20
"2019-06-07 04:40:36",20
"2019-06-07 05:40:33",20
"2019-06-07 06:40:35",20
"2019-06-07 07:40:35",20
"2019-06-07 08:40:35",20
"2019-06-07 09:40:35",20
"2019-06-07 10:40:35",20
"2019-06-07 11:40:34",20
"2019-06-07 13:04:40",20
"2019-06-07 13:40:36",20
"2019-06-07 14:40:36",20
"2019-06-07 15:40:35",20
"2019-06-07 16:40:36",20
"2019-06-07 17:40:35",20
"2019-06-07 18:40:35",20
"2019-06-07 19:40:35",20
"2019-06-07 20:40:36",20
"2019-06-07 21:40:35",20
"2019-06-07 22:40:35",20
"2019-06-07 23:40:36",20
"2019-06-08 00:40:35",20
"2019-06-08 01:40:37",20
"2019-06-08 02:40:36",20
"2019-06-08 03:40:37",20
"2019-06-08 04:40:35",20
"2019-06-08 05:40:40",20
"2019-06-08 06:40:37",20
"2019-06-08 07:40:37",20
"2019-06-08 08:40:36",20
"2019-06-08 09:40:36",20
"2019-06-08 10:40:34",20
"2019-06-08 11:40:37",20
"2019-06-08 12:40:36",20
"2019-06-08 13:40:35",20
"2019-06-08 14:40:34",20
"2019-06-08 15:40:36",20
"2019-06-08 16:40:35",20
"2019-06-08 17:40:36",20
"2019-06-08 18:40:35",20
"2019-06-08 19:40:35",20
"2019-06-08 20:40:36",20
"2019-06-08 21:40:35",20
"2019-06-08 22:40:35",20
"2019-06-08 23:40:37",20
"2019-06-09 00:40:35",20
"2019-06-09 01:40:35",20
"2019-06-09 02:40:38",20
"2019-06-09 03:40:39",20
"2019-06-09 04:40:35",20
"2019-06-09 05:40:38",20
"2019-06-09 06:40:35",20
"2019-06-09 07:40:37",20
"2019-06-09 08:40:35",20
"2019-06-09 09:40:36",20
"2019-06-09 10:40:35",20
"2019-06-09 11:40:36",20
"2019-06-09 12:40:36",20
"2019-06-09 13:40:35",20
"2019-06-09 14:40:34",20
"2019-06-09 15:40:37",20
"2019-06-09 16:40:35",20
"2019-06-09 17:40:36",20
"2019-06-09 18:40:35",20
"2019-06-09 19:40:35",20
"2019-06-09 20:40:35",20
"2019-06-09 21:40:35",20
"2019-06-09 22:40:37",20
"2019-06-09 23:40:36",20
"2019-06-10 00:40:36",20
"2019-06-10 01:40:37",20
"2019-06-10 02:40:35",20
"2019-06-10 03:40:36",20
"2019-06-10 04:40:36",20
"2019-06-10 05:40:37",20
"2019-06-10 06:40:35",20
"2019-06-10 07:40:37",20
"2019-06-10 08:40:36",20
"2019-06-10 09:40:35",20
"2019-06-10 10:40:38",20
"2019-06-10 11:40:36",20
"2019-06-10 12:40:40",20
"2019-06-10 13:40:37",20
"2019-06-10 14:40:36",20
"2019-06-10 15:40:37",20
"2019-06-10 16:40:39",20
"2019-06-10 17:40:36",19
"2019-06-10 18:40:37",19
"2019-06-10 19:40:38",19
"2019-06-10 20:40:37",19
"2019-06-10 21:40:36",19
"2019-06-10 22:40:36",19
"2019-06-10 23:40:36",19
"2019-06-11 00:40:37",19
"2019-06-11 01:40:39",19
"2019-06-11 02:40:38",19
"2019-06-11 03:40:36",19
"2019-06-11 04:40:37",19
"2019-06-11 05:40:37",19
"2019-06-11 06:40:37",19
"2019-06-11 07:40:36",19
"2019-06-11 08:40:36",19
"2019-06-11 09:40:37",19
"2019-06-11 10:40:36",19
"2019-06-11 11:40:36",19
"2019-06-11 13:04:10",19
"2019-06-11 13:40:37",19
"2019-06-11 14:40:36",19
"2019-06-11 15:40:36",19
"2019-06-11 16:40:38",19
"2019-06-11 17:40:37",19
"2019-06-11 18:40:39",19
"2019-06-11 19:40:36",19
"2019-06-11 20:40:37",19
"2019-06-11 21:40:36",19
"2019-06-11 22:40:36",19
"2019-06-11 23:40:36",19
"2019-06-12 00:40:38",19
"2019-06-12 01:40:36",19
"2019-06-12 02:40:37",19
"2019-06-12 03:40:41",19
"2019-06-12 04:40:38",19
"2019-06-12 05:40:38",19
"2019-06-12 06:40:38",19
"2019-06-12 07:40:38",19
"2019-06-12 08:40:38",19
"2019-06-12 09:40:41",19
"2019-06-12 10:40:38",19
"2019-06-12 11:40:37",19
"2019-06-12 13:03:41",19
"2019-06-12 13:40:37",19
"2019-06-12 14:40:37",19
"2019-06-12 15:40:38",19
"2019-06-12 16:40:37",19
"2019-06-12 17:40:36",19
"2019-06-12 18:40:37",19
"2019-06-12 19:40:37",19
"2019-06-12 20:40:37",19
"2019-06-12 21:40:37",19
"2019-06-12 22:40:37",19
"2019-06-12 23:40:37",19
"2019-06-13 00:40:37",19
"2019-06-13 01:40:37",19
"2019-06-13 02:40:37",19
"2019-06-13 03:40:37",19
"2019-06-13 04:40:38",19
"2019-06-13 05:40:38",19
"2019-06-13 06:40:36",19
"2019-06-13 07:40:37",19
"2019-06-13 08:40:36",19
"2019-06-13 09:40:37",19
"2019-06-13 10:40:37",19
"2019-06-13 11:40:36",19
"2019-06-13 13:04:39",19
"2019-06-13 13:40:39",19
"2019-06-13 14:40:38",19
"2019-06-13 15:40:38",19
"2019-06-13 16:40:37",19
"2019-06-13 17:40:36",19
"2019-06-13 18:40:37",19
"2019-06-13 19:40:37",19
"2019-06-13 20:40:35",19
"2019-06-13 21:40:36",19
"2019-06-13 22:40:36",19
"2019-06-13 23:40:37",19
"2019-06-14 00:40:37",19
"2019-06-14 01:40:37",19
"2019-06-14 02:40:38",19
"2019-06-14 03:40:36",19
"2019-06-14 04:40:37",19
"2019-06-14 05:40:37",19
"2019-06-14 06:40:41",19
"2019-06-14 07:40:38",19
"2019-06-14 08:40:38",19
"2019-06-14 09:40:36",19
"2019-06-14 10:40:36",19
"2019-06-14 11:40:37",19
"2019-06-14 12:40:37",19
"2019-06-14 13:40:37",19
"2019-06-14 14:40:39",19
"2019-06-14 15:40:40",19
"2019-06-14 16:40:40",19
"2019-06-14 17:40:38",19
"2019-06-14 18:40:38",19
"2019-06-14 19:40:38",19
"2019-06-14 20:40:38",19
"2019-06-14 21:40:39",19
"2019-06-14 22:40:38",19
"2019-06-14 23:40:39",19
"2019-06-15 00:40:38",19
"2019-06-15 01:40:40",19
"2019-06-15 02:40:38",19
"2019-06-15 03:40:39",19
"2019-06-15 04:40:39",19
"2019-06-15 05:40:40",19
"2019-06-15 06:40:37",19
"2019-06-15 07:40:37",19
"2019-06-15 08:40:38",19
"2019-06-15 09:40:40",19
"2019-06-15 10:40:38",19
"2019-06-15 11:40:37",19
"2019-06-15 12:40:40",19
"2019-06-15 13:40:38",19
"2019-06-15 14:40:39",19
"2019-06-15 15:40:38",19
"2019-06-15 16:40:38",19
"2019-06-15 17:40:37",19
"2019-06-15 18:40:38",19
"2019-06-15 19:40:38",19
"2019-06-15 20:40:39",19
"2019-06-15 21:40:41",19
"2019-06-15 22:40:39",19
"2019-06-15 23:40:38",19
"2019-06-16 00:40:37",19
"2019-06-16 01:40:39",19
"2019-06-16 02:40:40",19
"2019-06-16 03:40:38",19
"2019-06-16 04:40:39",19
"2019-06-16 05:40:39",19
"2019-06-16 06:40:40",19
"2019-06-16 07:40:39",19
"2019-06-16 08:40:39",19
"2019-06-16 09:40:38",19
"2019-06-16 10:40:37",19
"2019-06-16 11:40:38",19
"2019-06-16 12:40:39",19
"2019-06-16 13:40:38",19
"2019-06-16 14:40:38",19
"2019-06-16 15:40:38",19
"2019-06-16 16:40:38",19
"2019-06-16 17:40:39",19
"2019-06-16 18:40:40",19
"2019-06-16 19:40:38",19
"2019-06-16 20:40:39",19
"2019-06-16 21:40:39",19
"2019-06-16 22:40:37",19
"2019-06-16 23:40:38",19
"2019-06-17 00:40:38",19
"2019-06-17 01:40:38",19
"2019-06-17 02:40:40",19
"2019-06-17 03:40:39",19
"2019-06-17 04:40:39",19
"2019-06-17 05:40:39",19
"2019-06-17 06:40:39",19
"2019-06-17 07:40:38",19
"2019-06-17 08:40:38",19
"2019-06-17 09:40:37",19
"2019-06-17 10:40:39",19
"2019-06-17 11:40:40",19
"2019-06-17 13:05:11",19
"2019-06-17 13:40:38",19
"2019-06-17 14:40:38",19
"2019-06-17 15:40:39",19
"2019-06-17 16:40:41",19
"2019-06-17 17:40:40",19
"2019-06-17 18:40:40",19
"2019-06-17 19:40:38",19
"2019-06-17 20:40:39",19
"2019-06-17 21:40:38",19
"2019-06-17 22:40:40",19
"2019-06-17 23:40:38",19
"2019-06-18 00:40:37",19
"2019-06-18 01:40:38",19
"2019-06-18 02:40:44",19
"2019-06-18 03:40:40",19
"2019-06-18 04:40:39",19
"2019-06-18 05:40:40",19
"2019-06-18 06:40:39",19
"2019-06-18 07:40:40",19
"2019-06-18 08:40:42",19
"2019-06-18 09:40:37",19
"2019-06-18 10:40:38",19
"2019-06-18 11:40:38",19
"2019-06-18 13:03:12",19
"2019-06-18 13:40:38",19
"2019-06-18 14:40:38",19
"2019-06-18 15:40:38",19
"2019-06-18 16:40:38",19
"2019-06-18 17:40:38",19
"2019-06-18 18:40:40",19
"2019-06-18 19:40:40",19
"2019-06-18 20:40:38",19
"2019-06-18 21:40:37",19
"2019-06-18 22:40:38",19
"2019-06-18 23:40:39",19
"2019-06-19 00:40:38",19
"2019-06-19 01:40:39",19
"2019-06-19 02:40:39",19
"2019-06-19 03:40:39",19
"2019-06-19 04:40:38",19
"2019-06-19 05:40:41",19
"2019-06-19 06:40:46",19
"2019-06-19 07:40:40",19
"2019-06-19 08:40:40",19
"2019-06-19 09:40:38",19
"2019-06-19 10:40:39",19
"2019-06-19 11:40:38",19
"2019-06-19 13:03:12",19
"2019-06-19 13:40:38",19
"2019-06-19 14:40:38",19
"2019-06-19 15:40:39",19
"2019-06-19 16:40:47",19
"2019-06-19 17:40:40",19
"2019-06-19 18:40:38",19
"2019-06-19 19:40:39",19
"2019-06-19 20:40:39",19
"2019-06-19 21:40:39",19
"2019-06-19 22:40:38",19
"2019-06-19 23:40:38",19
"2019-06-20 00:40:39",19
"2019-06-20 01:40:38",19
"2019-06-20 02:40:38",19
"2019-06-20 03:40:38",19
"2019-06-20 04:40:40",19
"2019-06-20 05:40:37",19
"2019-06-20 06:40:38",19
"2019-06-20 07:40:38",19
"2019-06-20 08:40:39",19
"2019-06-20 09:40:40",19
"2019-06-20 10:40:39",19
"2019-06-20 11:40:37",19
"2019-06-20 13:04:50",19
"2019-06-20 13:40:40",19
"2019-06-20 14:40:39",19
"2019-06-20 15:40:39",19
"2019-06-20 16:40:39",18
"2019-06-20 17:40:40",18
"2019-06-20 18:40:38",18
"2019-06-20 19:40:38",18
"2019-06-20 20:40:43",18
"2019-06-20 21:40:38",18
"2019-06-20 22:40:39",18
"2019-06-20 23:40:40",18
"2019-06-21 00:40:39",18
"2019-06-21 01:40:39",18
"2019-06-21 02:40:39",18
"2019-06-21 03:40:39",18
"2019-06-21 04:40:39",18
"2019-06-21 05:40:39",18
"2019-06-21 06:40:39",18
"2019-06-21 07:40:40",18
"2019-06-21 08:40:38",18
"2019-06-21 09:40:38",18
"2019-06-21 10:40:38",18
"2019-06-21 11:40:37",18
"2019-06-21 12:40:39",18
"2019-06-21 13:40:40",18
"2019-06-21 14:40:38",18
"2019-06-21 15:40:38",18
"2019-06-21 16:40:39",18
"2019-06-21 17:40:38",18
"2019-06-21 18:40:39",18
"2019-06-21 19:40:38",18
"2019-06-21 20:40:37",18
"2019-06-21 21:40:39",18
"2019-06-21 22:40:39",18
"2019-06-21 23:40:38",18
"2019-06-22 00:40:39",18
"2019-06-22 01:40:40",18
"2019-06-22 02:40:40",18
"2019-06-22 03:40:38",18
"2019-06-22 04:40:37",18
"2019-06-22 05:40:40",18
"2019-06-22 06:40:40",18
"2019-06-22 07:40:39",18
"2019-06-22 08:40:39",18
"2019-06-22 09:40:39",18
"2019-06-22 10:40:40",18
"2019-06-22 11:40:37",18
"2019-06-22 12:40:42",18
"2019-06-22 13:40:39",18
"2019-06-22 14:40:40",18
"2019-06-22 15:40:46",18
"2019-06-22 16:40:45",18
"2019-06-22 17:40:38",18
"2019-06-22 18:40:42",18
"2019-06-22 19:40:39",18
"2019-06-22 20:40:39",18
"2019-06-22 21:40:38",18
"2019-06-22 22:40:43",18
"2019-06-22 23:40:40",18
"2019-06-23 00:40:50",18
"2019-06-23 01:40:40",18
"2019-06-23 02:40:41",18
"2019-06-23 03:40:39",18
"2019-06-23 04:40:39",18
"2019-06-23 05:40:39",18
"2019-06-23 06:40:40",18
"2019-06-23 07:40:38",18
"2019-06-23 08:40:38",18
"2019-06-23 09:40:39",18
"2019-06-23 10:40:39",18
"2019-06-23 11:40:39",18
"2019-06-23 12:40:37",18
"2019-06-23 13:40:40",18
"2019-06-23 14:40:38",18
"2019-06-23 15:40:37",18
"2019-06-23 16:40:40",18
"2019-06-23 17:40:39",18
"2019-06-23 18:40:37",18
"2019-06-23 19:40:38",18
"2019-06-23 20:40:40",18
"2019-06-23 21:40:38",18
"2019-06-23 22:40:38",18
"2019-06-23 23:40:38",18
"2019-06-24 00:40:40",18
"2019-06-24 01:40:38",18
"2019-06-24 02:40:39",18
"2019-06-24 03:40:40",18
"2019-06-24 04:40:38",18
"2019-06-24 05:40:40",18
"2019-06-24 06:40:41",18
"2019-06-24 07:40:38",18
"2019-06-24 08:40:38",18
"2019-06-24 09:40:41",18
"2019-06-24 10:40:38",18
"2019-06-24 11:40:42",18
"2019-06-24 12:40:42",18
"2019-06-24 13:40:39",18
"2019-06-24 14:40:40",18
"2019-06-24 15:40:40",18
"2019-06-24 16:40:42",18
"2019-06-24 17:40:41",18
"2019-06-24 18:40:41",18
"2019-06-24 19:40:41",18
"2019-06-24 20:40:40",18
"2019-06-24 21:40:41",18
"2019-06-24 22:40:39",18
"2019-06-24 23:40:40",18
"2019-06-25 00:40:39",18
"2019-06-25 01:40:40",18
"2019-06-25 02:40:40",18
"2019-06-25 03:40:40",18
"2019-06-25 04:40:39",18
"2019-06-25 05:40:40",18
"2019-06-25 06:40:40",18
"2019-06-25 07:40:40",18
"2019-06-25 08:40:40",18
"2019-06-25 09:40:43",18
"2019-06-25 10:40:39",18
"2019-06-25 11:40:38",18
"2019-06-25 13:04:12",18
"2019-06-25 13:40:40",18
"2019-06-25 14:40:40",18
"2019-06-25 15:40:39",18
"2019-06-25 16:40:40",18
"2019-06-25 17:40:42",18
"2019-06-25 18:40:42",18
"2019-06-25 19:40:39",18
"2019-06-25 20:40:40",18
"2019-06-25 21:40:38",18
"2019-06-25 22:40:38",18
"2019-06-25 23:40:42",18
"2019-06-26 00:40:39",18
"2019-06-26 01:40:40",18
"2019-06-26 02:40:39",18
"2019-06-26 03:40:48",18
"2019-06-26 04:40:40",18
"2019-06-26 05:40:40",18
"2019-06-26 06:40:40",18
"2019-06-26 07:40:40",18
"2019-06-26 08:40:39",18
"2019-06-26 09:40:38",18
"2019-06-26 10:40:39",18
"2019-06-26 11:40:39",18
"2019-06-26 13:03:12",18
"2019-06-26 13:40:41",18
"2019-06-26 14:40:40",18
"2019-06-26 15:40:40",18
"2019-06-26 16:40:41",18
"2019-06-26 17:40:39",18
"2019-06-26 18:40:40",18
"2019-06-26 19:40:39",18
"2019-06-26 20:40:38",18
"2019-06-26 21:40:39",18
"2019-06-26 22:40:39",18
"2019-06-26 23:40:39",18
"2019-06-27 00:40:40",18
"2019-06-27 01:40:39",18
"2019-06-27 02:40:40",18
"2019-06-27 03:40:38",18
"2019-06-27 04:40:39",18
"2019-06-27 05:40:39",18
"2019-06-27 06:40:40",18
"2019-06-27 07:40:38",18
"2019-06-27 08:40:39",18
"2019-06-27 09:40:39",18
"2019-06-27 10:40:39",18
"2019-06-27 11:40:38",18
"2019-06-27 13:03:12",18
"2019-06-27 13:40:38",18
"2019-06-27 14:40:39",18
"2019-06-27 15:40:39",18
"2019-06-27 16:40:38",18
"2019-06-27 17:40:38",18
"2019-06-27 18:40:39",18
"2019-06-27 19:40:38",18
"2019-06-27 20:40:39",18
"2019-06-27 21:40:41",18
"2019-06-27 22:40:38",18
"2019-06-27 23:40:53",18
"2019-06-28 00:40:39",18
"2019-06-28 01:40:39",18
"2019-06-28 02:40:39",18
"2019-06-28 03:40:41",18
"2019-06-28 04:40:43",18
"2019-06-28 05:40:40",18
"2019-06-28 06:40:38",18
"2019-06-28 07:40:38",18
"2019-06-28 08:40:37",18
"2019-06-28 09:40:38",18
"2019-06-28 10:40:38",18
"2019-06-28 11:40:39",18
"2019-06-28 13:04:13",18
"2019-06-28 13:40:39",18
"2019-06-28 14:40:39",18
"2019-06-28 15:40:40",18
"2019-06-28 16:40:40",18
"2019-06-28 17:40:39",18
"2019-06-28 18:40:39",18
"2019-06-28 19:40:39",18
"2019-06-28 20:40:39",18
"2019-06-28 21:40:41",18
"2019-06-28 22:40:40",18
"2019-06-28 23:40:39",18
"2019-06-29 00:40:40",18
"2019-06-29 01:40:43",18
"2019-06-29 02:40:40",18
"2019-06-29 03:40:39",18
"2019-06-29 04:40:39",18
"2019-06-29 05:40:40",18
"2019-06-29 06:40:39",18
"2019-06-29 07:40:40",18
"2019-06-29 08:40:40",18
"2019-06-29 09:40:40",18
"2019-06-29 10:40:40",18
"2019-06-29 11:40:43",18
"2019-06-29 12:40:41",18
"2019-06-29 13:40:40",18
"2019-06-29 14:40:41",18
"2019-06-29 15:40:41",18
"2019-06-29 16:40:42",18
"2019-06-29 17:40:40",18
"2019-06-29 18:40:40",18
"2019-06-29 19:40:41",18
"2019-06-29 20:40:41",18
"2019-06-29 21:40:40",18
"2019-06-29 22:40:39",18
"2019-06-29 23:40:40",18
"2019-06-30 00:40:40",18
"2019-06-30 01:40:44",18
"2019-06-30 02:40:41",18
"2019-06-30 03:40:41",18
"2019-06-30 04:40:41",18
"2019-06-30 05:40:40",18
"2019-06-30 06:40:41",18
"2019-06-30 07:40:41",18
"2019-06-30 08:40:40",18
"2019-06-30 09:40:41",18
"2019-06-30 10:40:40",18
"2019-06-30 11:40:39",18
"2019-06-30 12:40:40",18
"2019-06-30 13:40:41",18
"2019-06-30 14:40:39",18
"2019-06-30 15:40:41",18
"2019-06-30 16:40:40",18
"2019-06-30 17:40:40",18
"2019-06-30 18:40:41",18
"2019-06-30 19:40:41",18
"2019-06-30 20:40:40",18
"2019-06-30 21:40:40",18
"2019-06-30 22:40:40",18
"2019-06-30 23:40:40",18
"2019-07-01 00:40:41",18
"2019-07-01 01:40:40",18
"2019-07-01 02:40:41",18
"2019-07-01 03:40:40",18
"2019-07-01 04:40:40",18
"2019-07-01 05:40:44",18
"2019-07-01 06:40:41",18
"2019-07-01 07:40:41",18
"2019-07-01 08:40:47",18
"2019-07-01 09:40:40",18
"2019-07-01 10:40:40",18
"2019-07-01 11:40:40",18
"2019-07-01 13:04:12",18
"2019-07-01 13:40:42",18
"2019-07-01 14:40:50",18
"2019-07-01 15:40:41",18
"2019-07-01 16:40:41",18
"2019-07-01 17:40:41",18
"2019-07-01 18:40:41",18
"2019-07-01 19:40:43",18
"2019-07-01 20:40:41",18
"2019-07-01 21:40:40",18
"2019-07-01 22:40:42",18
"2019-07-01 23:40:41",18
"2019-07-02 00:40:42",18
"2019-07-02 01:40:40",18
"2019-07-02 02:40:47",18
"2019-07-02 03:40:47",18
"2019-07-02 04:40:40",18
"2019-07-02 05:40:53",18
"2019-07-02 06:40:41",18
"2019-07-02 07:40:42",18
"2019-07-02 08:40:40",18
"2019-07-02 09:40:40",18
"2019-07-02 10:40:40",18
"2019-07-02 11:40:40",18
"2019-07-02 12:40:44",18
"2019-07-02 13:40:41",18
"2019-07-02 14:40:43",18
"2019-07-02 15:40:42",18
"2019-07-02 16:40:41",18
"2019-07-02 17:40:42",18
"2019-07-02 18:40:42",18
"2019-07-02 19:40:42",18
"2019-07-02 20:40:41",18
"2019-07-02 21:40:42",18
"2019-07-02 22:40:44",18
"2019-07-03 00:40:42",18
"2019-07-03 01:40:40",18
"2019-07-03 02:40:43",18
"2019-07-03 03:40:42",18
"2019-07-03 04:40:41",18
"2019-07-03 05:40:42",18
"2019-07-03 06:40:43",18
"2019-07-03 07:40:42",18
"2019-07-03 08:40:50",18
"2019-07-03 09:40:42",18
"2019-07-03 10:40:43",18
"2019-07-03 11:40:42",18
"2019-07-03 13:05:15",18
"2019-07-03 13:40:42",18
"2019-07-03 14:40:45",18
"2019-07-03 15:40:42",18
"2019-07-03 16:40:42",18
"2019-07-03 17:40:43",18
"2019-07-03 18:40:42",18
"2019-07-03 19:40:42",18
"2019-07-03 20:40:42",18
"2019-07-03 21:40:42",18
"2019-07-03 22:40:41",18
"2019-07-03 23:40:42",18
"2019-07-04 00:40:42",18
"2019-07-04 01:40:41",18
"2019-07-04 02:40:45",18
"2019-07-04 03:40:42",18
"2019-07-04 04:40:41",18
"2019-07-04 05:40:42",18
"2019-07-04 06:40:41",18
"2019-07-04 07:40:41",18
"2019-07-04 08:40:40",18
"2019-07-04 09:40:41",18
"2019-07-04 10:40:41",18
"2019-07-04 11:40:41",18
"2019-07-04 12:40:43",18
"2019-07-04 13:40:43",18
"2019-07-04 14:40:44",18
"2019-07-04 15:40:42",18
"2019-07-04 16:40:41",18
"2019-07-04 17:40:41",18
"2019-07-04 18:40:41",18
"2019-07-04 19:40:41",18
"2019-07-04 20:40:41",18
"2019-07-04 21:40:42",18
"2019-07-04 22:40:41",18
"2019-07-04 23:40:41",18
"2019-07-05 00:40:43",18
"2019-07-05 01:40:41",18
"2019-07-05 02:40:42",18
"2019-07-05 03:40:42",18
"2019-07-05 04:40:41",18
"2019-07-05 05:40:43",18
"2019-07-05 06:40:44",18
"2019-07-05 07:40:41",18
"2019-07-05 08:40:41",18
"2019-07-05 09:40:41",18
"2019-07-05 10:40:43",18
"2019-07-05 11:40:46",18
"2019-07-05 12:40:41",18
"2019-07-05 13:40:46",18
"2019-07-05 14:40:42",18
"2019-07-05 15:40:42",18
"2019-07-05 16:40:44",18
"2019-07-05 17:40:42",18
"2019-07-05 18:40:42",18
"2019-07-05 19:40:41",18
"2019-07-05 20:40:43",18
"2019-07-05 21:40:43",18
"2019-07-05 22:40:44",18
"2019-07-05 23:40:41",18
"2019-07-06 00:40:41",18
"2019-07-06 01:40:43",18
"2019-07-06 02:40:45",18
"2019-07-06 03:40:42",18
"2019-07-06 04:40:42",18
"2019-07-06 05:40:43",18
"2019-07-06 06:40:43",18
"2019-07-06 07:40:41",18
"2019-07-06 08:40:42",18
"2019-07-06 09:40:41",18
"2019-07-06 10:40:42",18
"2019-07-06 11:40:51",18
"2019-07-06 12:40:43",18
"2019-07-06 13:40:41",18
"2019-07-06 14:40:41",18
"2019-07-06 15:40:40",18
"2019-07-06 16:40:43",18
"2019-07-06 17:40:44",18
"2019-07-06 18:40:41",18
"2019-07-06 19:40:43",18
"2019-07-06 20:40:41",18
"2019-07-06 21:40:42",18
"2019-07-06 22:40:41",18
"2019-07-06 23:40:42",18
"2019-07-07 00:40:42",18
"2019-07-07 01:40:41",18
"2019-07-07 02:40:43",18
"2019-07-07 03:40:42",18
"2019-07-07 04:40:43",18
"2019-07-07 05:40:45",18
"2019-07-07 06:40:41",18
"2019-07-07 07:40:41",18
"2019-07-07 08:40:43",18
"2019-07-07 09:40:41",18
"2019-07-07 10:40:41",18
"2019-07-07 11:40:40",18
"2019-07-07 12:40:40",18
"2019-07-07 13:40:40",18
"2019-07-07 14:40:40",18
"2019-07-07 15:40:41",18
"2019-07-07 16:40:42",18
"2019-07-07 17:40:41",18
"2019-07-07 18:40:41",18
"2019-07-07 19:40:40",18
"2019-07-07 20:40:40",18
"2019-07-07 21:40:41",18
"2019-07-07 22:40:42",18
"2019-07-07 23:40:41",18
"2019-07-08 00:40:41",18
"2019-07-08 01:40:43",18
"2019-07-08 02:40:41",18
"2019-07-08 03:40:41",18
"2019-07-08 04:40:42",18
"2019-07-08 05:40:40",18
"2019-07-08 06:40:42",18
"2019-07-08 07:40:44",18
"2019-07-08 08:40:43",18
"2019-07-08 09:40:46",18
"2019-07-08 10:40:45",18
"2019-07-08 11:40:49",18
"2019-07-08 12:40:41",18
"2019-07-08 13:40:41",18
"2019-07-08 14:40:41",18
"2019-07-08 15:40:41",18
"2019-07-08 16:40:42",18
"2019-07-08 17:40:40",18
"2019-07-08 18:40:42",18
"2019-07-08 19:40:41",18
"2019-07-08 20:40:41",18
"2019-07-08 21:40:41",18
"2019-07-08 22:40:42",18
"2019-07-08 23:40:41",18
"2019-07-09 00:40:40",18
"2019-07-09 01:40:41",18
"2019-07-09 02:40:47",18
"2019-07-09 03:40:42",18
"2019-07-09 04:40:42",18
"2019-07-09 05:40:46",18
"2019-07-09 06:40:42",18
"2019-07-09 07:40:44",18
"2019-07-09 08:40:41",18
"2019-07-09 09:40:41",18
"2019-07-09 10:40:41",18
"2019-07-09 11:40:41",18
"2019-07-09 13:03:44",18
"2019-07-09 13:40:40",18
"2019-07-09 14:40:41",18
"2019-07-09 15:40:42",18
"2019-07-09 16:40:40",18
"2019-07-09 17:40:41",18
"2019-07-09 18:40:41",18
"2019-07-09 19:40:41",18
"2019-07-09 20:40:41",18
"2019-07-09 21:40:41",18
"2019-07-09 22:40:40",18
"2019-07-09 23:40:41",18
"2019-07-10 00:40:41",18
"2019-07-10 01:40:42",18
"2019-07-10 02:40:41",18
"2019-07-10 03:40:40",18
"2019-07-10 04:40:41",18
"2019-07-10 05:40:43",18
"2019-07-10 06:40:43",18
"2019-07-10 07:40:39",18
"2019-07-10 08:40:40",18
"2019-07-10 09:40:40",18
"2019-07-10 10:40:41",18
"2019-07-10 11:40:41",18
"2019-07-10 12:40:44",18
"2019-07-10 13:40:41",18
"2019-07-10 14:40:41",19
"2019-07-10 15:40:43",19
"2019-07-10 16:40:43",19
"2019-07-10 17:40:40",19
"2019-07-10 18:40:40",19
"2019-07-10 19:40:41",19
"2019-07-10 20:40:40",19
"2019-07-10 21:40:40",19
"2019-07-10 22:40:43",19
"2019-07-10 23:40:40",19
"2019-07-11 00:40:40",19
"2019-07-11 01:40:41",19
"2019-07-11 02:40:45",19
"2019-07-11 03:40:43",19
"2019-07-11 04:40:43",19
"2019-07-11 05:40:42",19
"2019-07-11 06:40:42",19
"2019-07-11 07:40:41",19
"2019-07-11 08:40:43",19
"2019-07-11 09:40:40",19
"2019-07-11 10:40:41",19
"2019-07-11 11:40:41",19
"2019-07-11 12:40:40",19
"2019-07-11 13:40:40",19
"2019-07-11 14:40:41",19
"2019-07-11 15:40:41",19
"2019-07-11 16:40:41",19
"2019-07-11 17:40:41",19
"2019-07-11 18:40:42",19
"2019-07-11 19:40:41",19
"2019-07-11 20:40:40",19
"2019-07-11 21:40:46",19
"2019-07-11 22:40:40",19
"2019-07-11 23:40:41",19
"2019-07-12 00:40:40",19
"2019-07-12 01:40:41",19
"2019-07-12 02:40:41",19
"2019-07-12 03:40:40",19
"2019-07-12 04:40:40",19
"2019-07-12 05:40:43",19
"2019-07-12 06:40:43",19
"2019-07-12 07:40:40",19
"2019-07-12 08:40:40",19
"2019-07-12 09:40:43",19
"2019-07-12 10:40:42",19
"2019-07-12 11:40:40",19
"2019-07-12 13:04:14",19
"2019-07-12 13:40:41",19
"2019-07-12 14:40:40",19
"2019-07-12 15:40:52",19
"2019-07-12 16:40:41",19
"2019-07-12 17:40:43",19
"2019-07-12 18:40:41",19
"2019-07-12 19:40:40",19
"2019-07-12 20:40:40",19
"2019-07-12 21:40:41",19
"2019-07-12 22:40:48",19
"2019-07-12 23:40:41",19
"2019-07-13 00:40:41",19
"2019-07-13 01:40:42",19
"2019-07-13 02:40:42",19
"2019-07-13 03:40:40",19
"2019-07-13 04:40:41",19
"2019-07-13 05:40:41",19
"2019-07-13 06:40:41",19
"2019-07-13 07:40:41",19
"2019-07-13 08:40:39",19
"2019-07-13 09:40:41",19
"2019-07-13 10:40:41",19
"2019-07-13 11:40:43",19
"2019-07-13 12:40:42",19
"2019-07-13 13:40:41",19
"2019-07-13 14:40:40",19
"2019-07-13 15:40:42",19
"2019-07-13 16:40:50",19
"2019-07-13 17:40:43",19
"2019-07-13 18:40:43",19
"2019-07-13 19:40:43",19
"2019-07-13 20:40:44",19
"2019-07-13 21:40:42",19
"2019-07-13 22:40:41",19
"2019-07-13 23:40:42",19
"2019-07-14 00:40:40",19
"2019-07-14 01:40:47",19
"2019-07-14 02:40:41",19
"2019-07-14 03:40:42",19
"2019-07-14 04:40:41",19
"2019-07-14 05:40:42",19
"2019-07-14 06:40:42",19
"2019-07-14 07:40:41",19
"2019-07-14 08:40:41",19
"2019-07-14 09:40:40",19
"2019-07-14 10:40:41",19
"2019-07-14 11:40:41",19
"2019-07-14 12:40:41",19
"2019-07-14 13:40:42",19
"2019-07-14 14:40:40",19
"2019-07-14 15:40:42",19
"2019-07-14 16:40:44",19
"2019-07-14 17:40:41",19
"2019-07-14 18:40:41",19
"2019-07-14 19:40:41",19
"2019-07-14 20:40:46",19
"2019-07-14 21:40:40",19
"2019-07-14 22:40:40",19
"2019-07-14 23:40:41",19
"2019-07-15 00:40:41",19
"2019-07-15 01:40:40",19
"2019-07-15 02:40:41",19
"2019-07-15 03:40:41",19
"2019-07-15 04:40:41",19
"2019-07-15 05:40:42",19
"2019-07-15 06:40:45",19
"2019-07-15 07:40:42",19
"2019-07-15 08:40:40",19
"2019-07-15 09:40:41",19
"2019-07-15 10:40:40",19
"2019-07-15 11:40:40",19
"2019-07-15 13:04:44",19
"2019-07-15 13:40:41",19
"2019-07-15 14:40:40",19
"2019-07-15 15:40:41",19
"2019-07-15 16:40:48",19
"2019-07-15 17:40:41",19
"2019-07-15 18:40:40",19
"2019-07-15 19:40:41",19
"2019-07-15 20:40:42",19
"2019-07-15 21:40:41",19
"2019-07-15 22:40:44",19
"2019-07-15 23:40:41",19
"2019-07-16 00:40:40",19
"2019-07-16 01:40:40",19
"2019-07-16 02:40:46",19
"2019-07-16 03:40:41",19
"2019-07-16 04:40:40",19
"2019-07-16 05:40:44",19
"2019-07-16 06:40:42",19
"2019-07-16 07:40:40",19
"2019-07-16 08:40:41",19
"2019-07-16 09:40:41",19
"2019-07-16 10:40:41",19
"2019-07-16 11:40:40",19
"2019-07-16 13:04:44",19
"2019-07-16 13:40:42",19
"2019-07-16 14:40:41",19
"2019-07-16 15:40:46",20
"2019-07-16 16:40:42",20
"2019-07-16 17:40:43",20
"2019-07-16 18:40:41",20
"2019-07-16 19:40:41",20
"2019-07-16 20:40:47",20
"2019-07-16 21:40:41",20
"2019-07-16 22:40:41",20
"2019-07-16 23:40:41",20
"2019-07-17 00:40:40",20
"2019-07-17 01:40:41",20
"2019-07-17 02:40:42",20
"2019-07-17 03:40:41",20
"2019-07-17 04:40:41",20
"2019-07-17 05:40:53",20
"2019-07-17 06:40:44",20
"2019-07-17 07:40:44",20
"2019-07-17 08:40:41",20
"2019-07-17 09:40:41",20
"2019-07-17 10:40:41",20
"2019-07-17 11:40:41",20
"2019-07-17 13:04:16",20
"2019-07-17 13:40:43",20
"2019-07-17 14:40:43",20
"2019-07-17 15:40:46",20
"2019-07-17 16:40:44",20
"2019-07-17 17:40:42",20
"2019-07-17 18:40:42",20
"2019-07-17 19:40:41",20
"2019-07-17 20:40:42",20
"2019-07-17 21:40:41",20
"2019-07-17 22:40:42",20
"2019-07-17 23:40:42",20
"2019-07-18 00:40:41",20
"2019-07-18 01:40:42",20
"2019-07-18 02:40:42",20
"2019-07-18 03:40:42",20
"2019-07-18 04:40:42",20
"2019-07-18 05:40:43",20
"2019-07-18 06:40:44",20
"2019-07-18 07:40:41",20
"2019-07-18 08:40:45",20
"2019-07-18 09:40:42",20
"2019-07-18 10:40:42",20
"2019-07-18 11:40:41",20
"2019-07-18 13:04:46",20
"2019-07-18 13:40:41",20
"2019-07-18 14:40:42",20
"2019-07-18 15:40:41",20
"2019-07-18 16:40:45",20
"2019-07-18 17:40:42",20
"2019-07-18 18:40:43",20
"2019-07-18 19:40:43",20
"2019-07-18 20:40:42",20
"2019-07-18 21:40:43",20
"2019-07-18 22:40:42",20
"2019-07-18 23:40:44",20
"2019-07-19 00:40:42",20
"2019-07-19 01:40:42",20
"2019-07-19 02:40:43",20
"2019-07-19 03:40:42",20
"2019-07-19 04:40:42",20
"2019-07-19 05:40:56",20
"2019-07-19 06:40:43",20
"2019-07-19 07:40:44",20
"2019-07-19 08:40:42",20
"2019-07-19 09:40:42",20
"2019-07-19 10:40:42",20
"2019-07-19 11:40:42",20
"2019-07-19 13:04:14",20
"2019-07-19 13:40:42",20
"2019-07-19 14:40:41",20
"2019-07-19 15:40:42",20
"2019-07-19 16:40:42",20
"2019-07-19 17:40:43",20
"2019-07-19 18:40:43",20
"2019-07-19 19:40:42",20
"2019-07-19 20:40:42",20
"2019-07-19 21:40:41",20
"2019-07-19 22:40:43",20
"2019-07-19 23:40:42",20
"2019-07-20 00:40:42",20
"2019-07-20 01:40:48",20
"2019-07-20 02:40:48",20
"2019-07-20 03:40:42",20
"2019-07-20 04:40:50",20
"2019-07-20 05:40:45",20
"2019-07-20 06:40:42",20
"2019-07-20 07:40:41",20
"2019-07-20 08:40:41",20
"2019-07-20 09:40:41",20
"2019-07-20 10:40:41",20
"2019-07-20 11:40:41",20
"2019-07-20 12:40:42",20
"2019-07-20 13:40:41",20
"2019-07-20 14:40:41",20
"2019-07-20 15:40:41",20
"2019-07-20 16:40:42",20
"2019-07-20 17:40:42",20
"2019-07-20 18:40:42",20
"2019-07-20 19:40:43",20
"2019-07-20 20:40:41",20
"2019-07-20 21:40:42",20
"2019-07-20 22:40:40",20
"2019-07-20 23:40:42",20
"2019-07-21 00:40:43",20
"2019-07-21 01:40:42",20
"2019-07-21 02:40:42",20
"2019-07-21 03:40:42",20
"2019-07-21 04:40:41",20
"2019-07-21 05:40:47",20
"2019-07-21 06:40:47",20
"2019-07-21 07:40:40",20
"2019-07-21 08:40:42",20
"2019-07-21 09:40:43",20
"2019-07-21 10:40:47",20
"2019-07-21 11:40:42",20
"2019-07-21 12:40:41",20
"2019-07-21 13:40:43",20
"2019-07-21 14:40:42",20
"2019-07-21 15:40:41",20
"2019-07-21 16:40:42",20
"2019-07-21 17:40:42",20
"2019-07-21 18:40:42",20
"2019-07-21 19:40:42",20
"2019-07-21 20:40:42",20
"2019-07-21 21:40:43",20
"2019-07-21 22:40:41",20
"2019-07-21 23:40:42",20
"2019-07-22 00:40:41",20
"2019-07-22 01:40:42",20
"2019-07-22 02:40:41",20
"2019-07-22 03:40:42",20
"2019-07-22 04:40:42",20
"2019-07-22 05:40:45",20
"2019-07-22 06:40:47",20
"2019-07-22 07:40:41",20
"2019-07-22 08:40:41",20
"2019-07-22 09:40:42",20
"2019-07-22 10:40:41",20
"2019-07-22 11:40:42",20
"2019-07-22 12:40:44",20
"2019-07-22 13:40:42",20
"2019-07-22 14:40:43",20
"2019-07-22 15:40:41",20
"2019-07-22 16:40:43",20
"2019-07-22 17:40:42",20
"2019-07-22 18:40:46",20
"2019-07-22 19:40:43",20
"2019-07-22 20:40:43",20
"2019-07-22 21:40:44",20
"2019-07-22 22:40:42",20
"2019-07-22 23:40:42",20
"2019-07-23 00:40:41",20
"2019-07-23 01:40:41",20
"2019-07-23 02:40:43",20
"2019-07-23 03:40:43",20
"2019-07-23 04:40:43",20
"2019-07-23 05:40:44",20
"2019-07-23 06:40:46",20
"2019-07-23 07:40:42",20
"2019-07-23 08:40:41",20
"2019-07-23 09:40:42",20
"2019-07-23 10:40:43",20
"2019-07-23 11:40:43",20
"2019-07-23 13:03:47",20
"2019-07-23 13:40:43",20
"2019-07-23 14:40:43",20
"2019-07-23 15:40:48",20
"2019-07-23 16:40:43",20
"2019-07-23 17:40:43",20
"2019-07-23 18:40:44",20
"2019-07-23 19:40:43",20
"2019-07-23 20:40:43",20
"2019-07-23 21:40:44",20
"2019-07-23 22:40:45",20
"2019-07-23 23:40:43",20
"2019-07-24 00:40:43",20
"2019-07-24 01:40:43",20
"2019-07-24 02:40:48",20
"2019-07-24 03:40:43",20
"2019-07-24 04:40:43",20
"2019-07-24 05:40:44",20
"2019-07-24 06:40:42",20
"2019-07-24 07:40:42",20
"2019-07-24 08:40:43",20
"2019-07-24 09:40:44",20
"2019-07-24 10:40:44",20
"2019-07-24 11:40:43",20
"2019-07-24 13:03:16",20
"2019-07-24 13:40:44",20
"2019-07-24 14:40:42",20
"2019-07-24 15:40:44",20
"2019-07-24 16:40:44",20
"2019-07-24 17:40:42",20
"2019-07-24 18:40:44",20
"2019-07-24 19:40:42",20
"2019-07-24 20:40:43",21
"2019-07-24 21:40:43",21
"2019-07-24 22:40:42",21
"2019-07-24 23:40:43",21
"2019-07-25 00:40:43",21
"2019-07-25 01:40:47",21
"2019-07-25 02:40:49",21
"2019-07-25 03:40:43",21
"2019-07-25 04:40:42",21
"2019-07-25 05:40:48",21
"2019-07-25 06:40:44",21
"2019-07-25 07:40:43",21
"2019-07-25 08:40:44",21
"2019-07-25 09:40:43",21
"2019-07-25 10:40:51",21
"2019-07-25 11:40:43",21
"2019-07-25 13:03:47",21
"2019-07-25 13:40:44",21
"2019-07-25 14:40:44",21
"2019-07-25 15:40:43",21
"2019-07-25 16:40:46",21
"2019-07-25 17:40:44",21
"2019-07-25 18:40:50",21
"2019-07-25 19:40:46",21
"2019-07-25 20:40:45",21
"2019-07-25 21:40:45",21
"2019-07-25 22:40:43",21
"2019-07-25 23:40:43",21
"2019-07-26 00:40:51",21
"2019-07-26 01:40:44",21
"2019-07-26 02:40:45",21
"2019-07-26 03:40:44",21
"2019-07-26 04:40:48",21
"2019-07-26 05:40:47",21
"2019-07-26 06:40:53",21
"2019-07-26 07:40:48",21
"2019-07-26 08:40:42",21
"2019-07-26 09:40:43",21
"2019-07-26 10:40:44",21
"2019-07-26 11:40:46",21
"2019-07-26 13:05:46",21
"2019-07-26 13:40:43",21
"2019-07-26 14:40:44",21
"2019-07-26 15:40:43",21
"2019-07-26 16:40:45",21
"2019-07-26 17:40:45",21
"2019-07-26 18:40:44",21
"2019-07-26 19:40:43",21
"2019-07-26 20:40:43",21
"2019-07-26 21:40:43",21
"2019-07-26 22:40:43",21
"2019-07-26 23:40:42",21
"2019-07-27 00:40:42",21
"2019-07-27 01:40:44",21
"2019-07-27 02:40:45",21
"2019-07-27 03:40:43",21
"2019-07-27 04:40:42",21
"2019-07-27 05:40:43",21
"2019-07-27 06:40:43",21
"2019-07-27 07:40:42",21
"2019-07-27 08:40:42",21
"2019-07-27 09:40:43",21
"2019-07-27 10:40:44",21
"2019-07-27 11:40:42",21
"2019-07-27 12:40:43",21
"2019-07-27 13:40:42",21
"2019-07-27 14:40:43",21
"2019-07-27 15:40:45",21
"2019-07-27 16:40:48",21
"2019-07-27 17:40:46",21
"2019-07-27 18:40:43",21
"2019-07-27 19:40:44",21
"2019-07-27 20:40:44",21
"2019-07-27 21:40:44",21
"2019-07-27 22:40:42",21
"2019-07-27 23:40:43",21
"2019-07-28 00:40:42",21
"2019-07-28 01:40:42",21
"2019-07-28 02:40:42",21
"2019-07-28 03:40:42",21
"2019-07-28 04:40:43",21
"2019-07-28 05:40:42",21
"2019-07-28 06:40:42",21
"2019-07-28 07:40:42",21
"2019-07-28 08:40:42",21
"2019-07-28 09:40:42",21
"2019-07-28 10:40:42",21
"2019-07-28 11:40:42",21
"2019-07-28 12:40:42",21
"2019-07-28 13:40:42",21
"2019-07-28 14:40:43",21
"2019-07-28 15:40:41",21
"2019-07-28 16:40:44",21
"2019-07-28 17:40:43",21
"2019-07-28 18:40:42",21
"2019-07-28 19:40:42",21
"2019-07-28 20:40:42",21
"2019-07-28 21:40:42",21
"2019-07-28 22:40:43",21
"2019-07-28 23:40:43",21
"2019-07-29 00:40:43",21
"2019-07-29 01:40:42",21
"2019-07-29 02:40:43",21
"2019-07-29 03:40:42",21
"2019-07-29 04:40:43",21
"2019-07-29 05:40:46",21
"2019-07-29 06:40:48",21
"2019-07-29 07:40:43",21
"2019-07-29 08:40:42",21
"2019-07-29 09:40:43",21
"2019-07-29 10:40:43",21
"2019-07-29 11:40:42",21
"2019-07-29 13:04:46",21
"2019-07-29 13:40:44",21
"2019-07-29 14:40:42",21
"2019-07-29 15:40:43",21
"2019-07-29 16:40:44",21
"2019-07-29 17:40:44",21
"2019-07-29 18:40:45",21
"2019-07-29 19:40:43",21
"2019-07-29 20:40:44",21
"2019-07-29 21:40:43",21
"2019-07-29 22:40:44",21
"2019-07-29 23:40:44",21
"2019-07-30 00:40:44",21
"2019-07-30 01:40:44",21
"2019-07-30 02:40:44",21
"2019-07-30 03:40:43",21
"2019-07-30 04:40:43",21
"2019-07-30 05:40:43",21
"2019-07-30 06:40:44",21
"2019-07-30 07:40:49",21
"2019-07-30 08:40:43",21
"2019-07-30 09:40:44",21
"2019-07-30 10:40:43",21
"2019-07-30 11:40:46",21
"2019-07-30 12:40:44",21
"2019-07-30 13:40:44",21
"2019-07-30 14:40:45",21
"2019-07-30 15:40:45",21
"2019-07-30 16:40:45",21
"2019-07-30 17:40:46",21
"2019-07-30 18:40:47",21
"2019-07-30 19:40:46",21
"2019-07-30 20:40:45",21
"2019-07-30 21:40:44",21
"2019-07-30 22:40:45",21
"2019-07-30 23:40:44",21
"2019-07-31 00:40:44",21
"2019-07-31 01:40:44",21
"2019-07-31 02:40:44",21
"2019-07-31 03:40:44",21
"2019-07-31 04:40:45",21
"2019-07-31 05:40:48",21
"2019-07-31 06:40:45",21
"2019-07-31 07:40:44",21
"2019-07-31 08:40:45",21
"2019-07-31 09:40:44",21
"2019-07-31 10:40:44",21
"2019-07-31 11:40:43",21
"2019-07-31 13:04:49",21
"2019-07-31 13:40:45",21
"2019-07-31 14:40:45",21
"2019-07-31 15:40:44",21
"2019-07-31 16:40:47",21
"2019-07-31 17:40:45",21
"2019-07-31 18:40:44",21
"2019-07-31 19:40:44",21
"2019-07-31 20:40:45",21
"2019-07-31 21:40:45",21
"2019-07-31 22:40:44",21
"2019-07-31 23:40:45",21
"2019-08-01 00:40:44",21
"2019-08-01 01:40:51",21
"2019-08-01 02:40:46",21
"2019-08-01 03:40:45",21
"2019-08-01 04:40:44",21
"2019-08-01 05:40:46",21
"2019-08-01 06:40:46",21
"2019-08-01 07:40:47",21
"2019-08-01 08:40:44",21
"2019-08-01 09:40:45",21
"2019-08-01 10:40:44",21
"2019-08-01 11:40:43",21
"2019-08-01 13:03:17",21
"2019-08-01 13:40:45",21
"2019-08-01 14:40:45",22
"2019-08-01 15:40:48",22
"2019-08-01 16:40:49",22
"2019-08-01 17:40:47",22
"2019-08-01 18:40:44",22
"2019-08-01 19:40:44",23
"2019-08-01 20:40:44",23
"2019-08-01 21:40:45",23
"2019-08-01 22:40:43",23
"2019-08-01 23:40:45",23
"2019-08-02 00:40:44",23
"2019-08-02 01:40:44",23
"2019-08-02 02:40:44",23
"2019-08-02 03:40:43",23
"2019-08-02 04:40:44",23
"2019-08-02 05:40:47",23
"2019-08-02 06:40:44",23
"2019-08-02 07:40:43",23
"2019-08-02 08:40:44",23
"2019-08-02 09:40:45",23
"2019-08-02 10:40:48",23
"2019-08-02 11:40:44",23
"2019-08-02 13:04:48",23
"2019-08-02 13:40:45",23
"2019-08-02 14:40:45",23
"2019-08-02 15:40:44",23
"2019-08-02 16:40:44",22
"2019-08-02 17:40:43",22
"2019-08-02 18:40:44",22
"2019-08-02 19:40:45",22
"2019-08-02 20:40:44",22
"2019-08-02 21:40:44",22
"2019-08-02 22:40:44",22
"2019-08-02 23:40:44",22
"2019-08-03 00:40:44",22
"2019-08-03 01:40:44",22
"2019-08-03 02:40:45",22
"2019-08-03 03:40:44",22
"2019-08-03 04:40:43",22
"2019-08-03 05:40:47",22
"2019-08-03 06:40:44",22
"2019-08-03 07:40:43",22
"2019-08-03 08:40:45",22
"2019-08-03 09:40:44",22
"2019-08-03 10:40:44",22
"2019-08-03 11:40:44",22
"2019-08-03 12:40:44",22
"2019-08-03 13:40:44",22
"2019-08-03 14:40:43",22
"2019-08-03 15:40:43",22
"2019-08-03 16:40:44",22
"2019-08-03 17:40:44",22
"2019-08-03 18:40:45",22
"2019-08-03 19:40:44",22
"2019-08-03 20:40:43",22
"2019-08-03 21:40:43",22
"2019-08-03 22:40:44",22
"2019-08-03 23:40:44",22
"2019-08-04 00:40:44",22
"2019-08-04 01:40:43",22
"2019-08-04 02:40:48",22
"2019-08-04 03:40:44",22
"2019-08-04 04:40:44",22
"2019-08-04 05:40:46",22
"2019-08-04 06:40:43",22
"2019-08-04 07:40:44",22
"2019-08-04 08:40:44",22
"2019-08-04 09:40:44",22
"2019-08-04 10:40:44",22
"2019-08-04 11:40:42",22
"2019-08-04 12:40:44",22
"2019-08-04 13:40:44",22
"2019-08-04 14:40:43",22
"2019-08-04 15:40:44",22
"2019-08-04 16:40:44",22
"2019-08-04 17:40:44",22
"2019-08-04 18:40:45",22
"2019-08-04 19:40:44",22
"2019-08-04 20:40:44",22
"2019-08-04 21:40:45",22
"2019-08-04 22:40:45",22
"2019-08-04 23:40:44",22
"2019-08-05 00:40:43",22
"2019-08-05 01:40:44",22
"2019-08-05 02:40:46",22
"2019-08-05 03:40:44",22
"2019-08-05 04:40:45",22
"2019-08-05 05:40:44",22
"2019-08-05 06:40:44",22
"2019-08-05 07:40:46",22
"2019-08-05 08:40:44",22
"2019-08-05 09:40:45",22
"2019-08-05 10:40:44",22
"2019-08-05 11:40:44",22
"2019-08-05 13:05:18",22
"2019-08-05 13:40:44",22
"2019-08-05 14:40:45",22
"2019-08-05 15:40:44",22
"2019-08-05 16:40:45",22
"2019-08-05 17:40:45",22
"2019-08-05 18:40:45",22
"2019-08-05 19:40:45",22
"2019-08-05 20:40:44",22
"2019-08-05 21:40:44",22
"2019-08-05 22:40:45",22
"2019-08-05 23:40:45",22
"2019-08-06 00:40:53",22
"2019-08-06 01:40:46",22
"2019-08-06 02:40:45",22
"2019-08-06 03:40:44",22
"2019-08-06 04:40:45",22
"2019-08-06 05:40:46",22
"2019-08-06 06:40:44",22
"2019-08-06 07:40:44",22
"2019-08-06 08:40:44",22
"2019-08-06 09:40:48",22
"2019-08-06 10:40:43",22
"2019-08-06 11:40:43",22
"2019-08-06 12:40:44",22
"2019-08-06 13:40:44",22
"2019-08-06 14:40:44",22
"2019-08-06 15:40:45",22
"2019-08-06 16:40:46",22
"2019-08-06 17:40:44",22
"2019-08-06 18:40:43",22
"2019-08-06 19:40:43",22
"2019-08-06 20:40:45",22
"2019-08-06 21:40:44",22
"2019-08-06 22:40:43",22
"2019-08-06 23:40:44",22
"2019-08-07 00:40:45",22
"2019-08-07 01:40:45",22
"2019-08-07 02:40:46",22
"2019-08-07 03:40:44",22
"2019-08-07 04:40:44",22
"2019-08-07 05:40:45",22
"2019-08-07 06:40:47",22
"2019-08-07 07:40:43",22
"2019-08-07 08:40:45",22
"2019-08-07 09:40:44",22
"2019-08-07 10:40:51",22
"2019-08-07 11:40:44",22
"2019-08-07 12:40:45",22
"2019-08-07 13:40:46",22
"2019-08-07 14:40:46",22
"2019-08-07 15:40:45",22
"2019-08-07 16:40:46",22
"2019-08-07 17:40:45",22
"2019-08-07 18:40:45",22
"2019-08-07 19:40:45",22
"2019-08-07 20:40:45",22
"2019-08-07 21:40:45",22
"2019-08-07 22:40:44",22
"2019-08-07 23:40:45",22
"2019-08-08 00:40:46",22
"2019-08-08 01:40:45",22
"2019-08-08 02:40:50",22
"2019-08-08 03:40:45",22
"2019-08-08 04:40:45",22
"2019-08-08 05:40:44",22
"2019-08-08 06:40:47",22
"2019-08-08 07:40:45",22
"2019-08-08 08:40:45",22
"2019-08-08 09:40:45",22
"2019-08-08 10:40:47",22
"2019-08-08 11:40:44",22
"2019-08-08 12:40:46",22
"2019-08-08 13:40:46",22
"2019-08-08 14:40:46",22
"2019-08-08 15:40:45",23
"2019-08-08 16:40:46",23
"2019-08-08 17:40:45",23
"2019-08-08 18:40:46",23
"2019-08-08 19:40:46",23
"2019-08-08 20:40:46",23
"2019-08-08 21:40:46",23
"2019-08-08 22:40:46",23
"2019-08-08 23:40:46",23
"2019-08-09 00:40:46",23
"2019-08-09 01:40:47",23
"2019-08-09 02:40:46",23
"2019-08-09 03:40:45",23
"2019-08-09 04:40:47",23
"2019-08-09 05:40:48",23
"2019-08-09 06:40:47",23
"2019-08-09 07:40:46",23
"2019-08-09 08:40:47",23
"2019-08-09 09:40:52",23
"2019-08-09 10:40:47",23
"2019-08-09 11:40:46",23
"2019-08-09 13:04:50",23
"2019-08-09 13:40:47",23
"2019-08-09 14:40:49",23
"2019-08-09 15:40:46",22
"2019-08-09 16:40:50",22
"2019-08-09 17:40:46",22
"2019-08-09 18:40:46",22
"2019-08-09 19:40:46",22
"2019-08-09 20:40:45",22
"2019-08-09 21:40:47",22
"2019-08-09 22:40:46",22
"2019-08-09 23:40:48",22
"2019-08-10 00:40:47",22
"2019-08-10 01:40:46",22
"2019-08-10 02:40:54",22
"2019-08-10 03:40:46",22
"2019-08-10 04:40:46",22
"2019-08-10 05:40:47",22
"2019-08-10 06:40:46",22
"2019-08-10 07:40:46",22
"2019-08-10 08:40:45",22
"2019-08-10 09:40:47",22
"2019-08-10 10:40:47",22
"2019-08-10 11:40:45",22
"2019-08-10 12:40:47",22
"2019-08-10 13:40:47",22
"2019-08-10 14:40:45",22
"2019-08-10 15:40:45",22
"2019-08-10 16:40:52",22
"2019-08-10 17:40:46",22
"2019-08-10 18:40:45",22
"2019-08-10 19:40:46",22
"2019-08-10 20:40:46",22
"2019-08-10 21:40:44",22
"2019-08-10 22:40:45",22
"2019-08-10 23:40:45",22
"2019-08-11 00:40:44",22
"2019-08-11 01:40:45",22
"2019-08-11 02:40:54",22
"2019-08-11 03:40:46",22
"2019-08-11 04:40:46",22
"2019-08-11 05:40:47",22
"2019-08-11 06:40:45",22
"2019-08-11 07:40:46",22
"2019-08-11 08:40:45",22
"2019-08-11 09:40:45",22
"2019-08-11 10:40:46",22
"2019-08-11 11:40:46",22
"2019-08-11 12:40:46",22
"2019-08-11 13:40:46",22
"2019-08-11 14:40:46",22
"2019-08-11 15:40:45",22
"2019-08-11 16:40:46",22
"2019-08-11 17:40:46",22
"2019-08-11 18:40:46",22
"2019-08-11 19:40:46",22
"2019-08-11 20:40:47",22
"2019-08-11 21:40:46",22
"2019-08-11 22:40:47",22
"2019-08-11 23:40:47",22
"2019-08-12 00:40:47",22
"2019-08-12 01:40:48",22
"2019-08-12 02:40:47",22
"2019-08-12 03:40:47",22
"2019-08-12 04:40:47",22
"2019-08-12 05:40:51",22
"2019-08-12 06:40:52",22
"2019-08-12 07:40:46",22
"2019-08-12 08:40:46",22
"2019-08-12 09:40:46",22
"2019-08-12 10:40:51",22
"2019-08-12 11:40:46",22
"2019-08-12 12:40:49",22
"2019-08-12 13:40:52",22
"2019-08-12 14:40:46",22
"2019-08-12 15:40:46",22
"2019-08-12 16:40:55",22
"2019-08-12 17:40:48",22
"2019-08-12 18:40:46",22
"2019-08-12 19:40:46",22
"2019-08-12 20:40:46",22
"2019-08-12 21:40:46",22
"2019-08-12 22:40:47",22
"2019-08-12 23:40:47",22
"2019-08-13 00:40:45",22
"2019-08-13 01:40:48",22
"2019-08-13 02:40:48",22
"2019-08-13 03:40:47",22
"2019-08-13 04:40:45",22
"2019-08-13 05:40:48",22
"2019-08-13 06:40:46",22
"2019-08-13 07:40:47",22
"2019-08-13 08:40:45",22
"2019-08-13 09:40:47",22
"2019-08-13 10:40:47",22
"2019-08-13 11:40:47",22
"2019-08-13 12:40:47",22
"2019-08-13 13:40:47",22
"2019-08-13 14:40:46",23
"2019-08-13 15:40:51",23
"2019-08-13 16:40:48",23
"2019-08-13 17:40:46",23
"2019-08-13 18:40:48",23
"2019-08-13 19:40:46",23
"2019-08-13 20:40:47",23
"2019-08-13 21:40:45",23
"2019-08-13 22:40:51",23
"2019-08-13 23:40:46",23
"2019-08-14 00:40:49",23
"2019-08-14 01:40:48",23
"2019-08-14 02:40:47",23
"2019-08-14 03:40:46",23
"2019-08-14 04:40:46",23
"2019-08-14 05:40:52",23
"2019-08-14 06:40:47",23
"2019-08-14 07:40:46",23
"2019-08-14 08:40:45",23
"2019-08-14 09:40:47",23
"2019-08-14 10:40:45",23
"2019-08-14 11:40:46",23
"2019-08-14 13:03:51",23
"2019-08-14 13:40:47",23
"2019-08-14 14:40:48",23
"2019-08-14 15:40:48",23
"2019-08-14 16:40:47",23
"2019-08-14 17:40:46",23
"2019-08-14 18:40:47",23
"2019-08-14 19:40:48",23
"2019-08-14 20:40:46",23
"2019-08-14 21:40:49",23
"2019-08-14 22:40:46",23
"2019-08-14 23:40:45",23
"2019-08-15 00:40:46",23
"2019-08-15 01:40:46",23
"2019-08-15 02:40:47",23
"2019-08-15 03:40:47",23
"2019-08-15 04:40:47",23
"2019-08-15 05:40:49",23
"2019-08-15 06:40:45",23
"2019-08-15 07:40:45",23
"2019-08-15 08:41:01",23
"2019-08-15 09:40:47",23
"2019-08-15 10:40:46",23
"2019-08-15 11:40:45",23
"2019-08-15 13:03:50",23
"2019-08-15 13:40:51",23
"2019-08-15 14:40:46",23
"2019-08-15 15:40:45",23
"2019-08-15 16:40:49",23
"2019-08-15 17:40:45",23
"2019-08-15 18:40:47",23
"2019-08-15 19:40:45",23
"2019-08-15 20:40:47",23
"2019-08-15 21:40:45",23
"2019-08-15 22:40:44",23
"2019-08-15 23:40:48",23
"2019-08-16 00:40:45",23
"2019-08-16 01:40:52",23
"2019-08-16 02:40:48",23
"2019-08-16 03:40:47",23
"2019-08-16 04:40:44",23
"2019-08-16 05:40:58",23
"2019-08-16 06:40:45",23
"2019-08-16 07:40:46",23
"2019-08-16 08:40:46",23
"2019-08-16 09:40:45",23
"2019-08-16 10:40:45",23
"2019-08-16 11:40:45",23
"2019-08-16 12:40:45",23
"2019-08-16 13:40:46",23
"2019-08-16 14:40:46",23
"2019-08-16 15:40:47",23
"2019-08-16 16:40:47",23
"2019-08-16 18:40:46",23
"2019-08-16 19:40:47",23
"2019-08-16 20:40:48",23
"2019-08-16 21:40:47",23
"2019-08-16 22:40:49",23
"2019-08-16 23:40:46",23
"2019-08-17 00:40:47",23
"2019-08-17 01:40:48",23
"2019-08-17 02:40:53",23
"2019-08-17 03:40:46",23
"2019-08-17 04:40:48",23
"2019-08-17 05:40:46",23
"2019-08-17 06:40:47",23
"2019-08-17 07:40:46",23
"2019-08-17 08:40:48",23
"2019-08-17 09:40:46",23
"2019-08-17 10:40:46",23
"2019-08-17 11:40:45",23
"2019-08-17 12:40:45",23
"2019-08-17 13:40:47",23
"2019-08-17 14:40:50",23
"2019-08-17 15:40:47",23
"2019-08-17 16:40:47",23
"2019-08-17 17:40:46",23
"2019-08-17 18:40:45",23
"2019-08-17 19:40:46",23
"2019-08-17 20:40:49",23
"2019-08-17 21:40:46",23
"2019-08-17 22:40:46",23
"2019-08-17 23:40:46",23
"2019-08-18 00:40:46",23
"2019-08-18 01:40:45",23
"2019-08-18 02:40:48",23
"2019-08-18 03:40:46",23
"2019-08-18 04:40:46",23
"2019-08-18 05:40:47",23
"2019-08-18 06:41:00",23
"2019-08-18 07:40:47",23
"2019-08-18 08:40:48",23
"2019-08-18 09:40:48",23
"2019-08-18 10:40:46",23
"2019-08-18 11:40:46",23
"2019-08-18 12:40:48",23
"2019-08-18 13:40:48",23
"2019-08-18 14:40:47",23
"2019-08-18 15:40:47",23
"2019-08-18 16:40:47",23
"2019-08-18 17:40:47",23
"2019-08-18 18:40:47",23
"2019-08-18 19:40:47",23
"2019-08-18 20:40:46",23
"2019-08-18 21:40:48",23
"2019-08-18 22:40:47",23
"2019-08-18 23:40:46",23
"2019-08-19 00:40:48",23
"2019-08-19 01:40:46",23
"2019-08-19 02:40:47",23
"2019-08-19 03:40:46",23
"2019-08-19 04:40:46",23
"2019-08-19 05:40:47",23
"2019-08-19 06:40:48",23
"2019-08-19 07:40:56",23
"2019-08-19 08:40:47",23
"2019-08-19 09:40:53",23
"2019-08-19 10:40:48",23
"2019-08-19 11:40:46",23
"2019-08-19 12:40:50",23
"2019-08-19 13:40:47",23
"2019-08-19 14:40:45",23
"2019-08-19 15:40:46",23
"2019-08-19 16:40:45",23
"2019-08-19 17:40:46",23
"2019-08-19 18:40:47",23
"2019-08-19 19:40:45",23
"2019-08-19 20:40:45",23
"2019-08-19 21:40:46",23
"2019-08-19 22:40:46",23
"2019-08-19 23:40:46",23
"2019-08-20 00:40:48",23
"2019-08-20 01:40:46",23
"2019-08-20 02:40:47",23
"2019-08-20 03:40:46",23
"2019-08-20 04:40:46",23
"2019-08-20 05:40:51",23
"2019-08-20 06:40:50",23
"2019-08-20 07:40:45",23
"2019-08-20 08:40:45",23
"2019-08-20 09:40:45",23
"2019-08-20 10:41:03",23
"2019-08-20 11:40:45",23
"2019-08-20 13:02:51",23
"2019-08-20 13:40:54",23
"2019-08-20 14:40:48",23
"2019-08-20 15:40:47",23
"2019-08-20 16:40:49",23
"2019-08-20 17:40:48",23
"2019-08-20 18:40:49",23
"2019-08-20 19:40:48",23
"2019-08-20 20:40:48",23
"2019-08-20 21:40:50",23
"2019-08-20 22:40:49",23
"2019-08-20 23:40:47",23
"2019-08-21 00:40:48",23
"2019-08-21 01:40:48",23
"2019-08-21 02:40:51",23
"2019-08-21 03:40:50",23
"2019-08-21 04:40:48",23
"2019-08-21 05:40:49",23
"2019-08-21 06:40:51",23
"2019-08-21 07:40:48",23
"2019-08-21 08:40:48",23
"2019-08-21 09:40:48",23
"2019-08-21 10:40:47",23
"2019-08-21 11:40:48",23
"2019-08-21 12:40:47",23
"2019-08-21 13:40:49",23
"2019-08-21 14:40:48",23
"2019-08-21 15:40:50",24
"2019-08-21 16:40:58",24
"2019-08-21 17:40:48",24
"2019-08-21 18:40:48",24
"2019-08-21 19:40:48",24
"2019-08-21 20:40:48",24
"2019-08-21 21:40:48",24
"2019-08-21 22:40:51",24
"2019-08-21 23:40:49",24
"2019-08-22 00:40:49",24
"2019-08-22 01:40:48",24
"2019-08-22 02:40:50",24
"2019-08-22 03:40:48",24
"2019-08-22 04:40:48",24
"2019-08-22 05:40:50",24
"2019-08-22 06:40:48",24
"2019-08-22 07:40:48",24
"2019-08-22 08:40:49",24
"2019-08-22 09:40:49",24
"2019-08-22 10:40:48",24
"2019-08-22 11:40:49",24
"2019-08-22 12:40:49",24
"2019-08-22 13:40:48",24
"2019-08-22 14:40:52",24
"2019-08-22 15:40:50",24
"2019-08-22 16:40:51",23
"2019-08-22 17:40:51",23
"2019-08-22 18:40:51",23
"2019-08-22 19:40:50",23
"2019-08-22 20:40:50",23
"2019-08-22 21:40:51",23
"2019-08-22 22:40:49",23
"2019-08-22 23:40:50",23
"2019-08-23 00:40:52",23
"2019-08-23 01:40:54",23
"2019-08-23 02:40:51",23
"2019-08-23 03:40:49",23
"2019-08-23 04:40:48",23
"2019-08-23 05:40:49",23
"2019-08-23 06:40:49",23
"2019-08-23 07:40:49",23
"2019-08-23 08:40:51",23
"2019-08-23 09:40:48",23
"2019-08-23 10:40:51",23
"2019-08-23 11:40:48",23
"2019-08-23 12:40:51",23
"2019-08-23 13:40:48",23
"2019-08-23 14:40:49",23
"2019-08-23 15:40:50",23
"2019-08-23 16:40:50",23
"2019-08-23 17:40:48",23
"2019-08-23 18:40:51",24
"2019-08-23 19:40:51",24
"2019-08-23 20:40:48",24
"2019-08-23 21:40:49",24
"2019-08-23 22:40:53",24
"2019-08-23 23:40:49",24
"2019-08-24 00:40:48",24
"2019-08-24 01:40:48",24
"2019-08-24 02:41:04",24
"2019-08-24 03:40:48",24
"2019-08-24 04:40:47",24
"2019-08-24 05:40:50",24
"2019-08-24 06:40:49",24
"2019-08-24 07:40:52",24
"2019-08-24 08:40:49",24
"2019-08-24 09:40:49",24
"2019-08-24 10:40:48",24
"2019-08-24 11:40:48",24
"2019-08-24 12:40:50",24
"2019-08-24 13:40:49",24
"2019-08-24 14:40:49",24
"2019-08-24 15:40:49",24
"2019-08-24 16:40:52",24
"2019-08-24 17:40:48",24
"2019-08-24 18:40:51",24
"2019-08-24 19:40:48",24
"2019-08-24 20:40:49",24
"2019-08-24 21:40:48",24
"2019-08-24 22:40:49",24
"2019-08-24 23:40:48",24
"2019-08-25 00:40:47",24
"2019-08-25 01:40:51",24
"2019-08-25 02:40:56",24
"2019-08-25 03:40:48",24
"2019-08-25 04:40:49",24
"2019-08-25 05:40:48",24
"2019-08-25 06:40:48",24
"2019-08-25 07:40:49",24
"2019-08-25 08:40:50",24
"2019-08-25 09:40:47",24
"2019-08-25 10:40:48",24
"2019-08-25 11:40:49",24
"2019-08-25 12:40:48",24
"2019-08-25 13:40:47",24
"2019-08-25 14:40:48",24
"2019-08-25 15:40:49",24
"2019-08-25 16:40:53",24
"2019-08-25 17:40:47",24
"2019-08-25 18:40:47",24
"2019-08-25 19:40:50",24
"2019-08-25 20:40:49",24
"2019-08-25 21:40:49",24
"2019-08-25 22:40:47",24
"2019-08-25 23:40:49",24
"2019-08-26 00:40:48",24
"2019-08-26 01:40:46",24
"2019-08-26 02:40:52",24
"2019-08-26 03:40:48",24
"2019-08-26 04:40:48",24
"2019-08-26 05:40:48",24
"2019-08-26 06:40:48",24
"2019-08-26 07:40:49",24
"2019-08-26 08:40:47",24
"2019-08-26 09:40:48",24
"2019-08-26 10:40:50",24
"2019-08-26 11:40:47",24
"2019-08-26 12:40:50",24
"2019-08-26 13:40:48",24
"2019-08-26 14:40:48",24
"2019-08-26 15:40:49",24
"2019-08-26 16:40:51",24
"2019-08-26 17:40:49",24
"2019-08-26 18:40:48",24
"2019-08-26 19:40:50",24
"2019-08-26 20:40:48",25
"2019-08-26 21:40:49",25
"2019-08-26 22:40:48",25
"2019-08-26 23:40:47",25
"2019-08-27 00:40:48",25
"2019-08-27 01:40:48",25
"2019-08-27 02:40:52",25
"2019-08-27 03:40:48",25
"2019-08-27 04:40:48",25
"2019-08-27 05:40:50",25
"2019-08-27 06:40:50",25
"2019-08-27 07:40:48",25
"2019-08-27 08:40:51",25
"2019-08-27 09:40:48",25
"2019-08-27 10:40:47",25
"2019-08-27 11:40:52",25
"2019-08-27 12:40:50",25
"2019-08-27 13:41:01",25
"2019-08-27 14:40:48",25
"2019-08-27 15:40:51",25
"2019-08-27 16:40:50",25
"2019-08-27 17:40:48",25
"2019-08-27 18:40:48",25
"2019-08-27 19:40:50",25
"2019-08-27 20:40:48",25
"2019-08-27 21:40:50",25
"2019-08-27 22:40:49",25
"2019-08-27 23:40:50",25
"2019-08-28 00:40:53",25
"2019-08-28 01:40:49",25
"2019-08-28 02:40:53",25
"2019-08-28 03:40:57",25
"2019-08-28 04:40:49",25
"2019-08-28 05:40:50",25
"2019-08-28 06:40:49",25
"2019-08-28 07:40:52",25
"2019-08-28 08:40:47",25
"2019-08-28 09:40:51",25
"2019-08-28 10:40:50",25
"2019-08-28 11:40:50",25
"2019-08-28 12:40:49",25
"2019-08-28 13:40:48",25
"2019-08-28 14:40:47",25
"2019-08-28 15:40:47",25
"2019-08-28 16:41:00",25
"2019-08-28 17:40:48",25
"2019-08-28 18:40:48",25
"2019-08-28 19:40:48",25
"2019-08-28 20:40:48",25
"2019-08-28 21:40:48",25
"2019-08-28 22:40:49",25
"2019-08-28 23:40:49",25
"2019-08-29 00:40:47",25
"2019-08-29 01:40:48",25
"2019-08-29 02:40:51",25
"2019-08-29 03:40:47",25
"2019-08-29 04:40:48",25
"2019-08-29 05:40:55",25
"2019-08-29 06:40:47",25
"2019-08-29 07:40:48",25
"2019-08-29 08:40:48",25
"2019-08-29 09:40:51",25
"2019-08-29 10:40:46",25
"2019-08-29 11:40:46",25
"2019-08-29 12:40:49",25
"2019-08-29 13:40:48",25
"2019-08-29 14:40:47",25
"2019-08-29 15:40:47",25
"2019-08-29 16:40:52",25
"2019-08-29 17:40:47",25
"2019-08-29 18:40:47",25
"2019-08-29 19:40:45",25
"2019-08-29 20:40:48",25
"2019-08-29 21:40:47",25
"2019-08-29 22:40:46",25
"2019-08-29 23:40:47",25
"2019-08-30 00:40:48",25
"2019-08-30 01:40:49",25
"2019-08-30 02:40:49",25
"2019-08-30 03:40:48",25
"2019-08-30 04:40:49",25
"2019-08-30 05:40:52",25
"2019-08-30 06:40:47",25
"2019-08-30 07:40:46",25
"2019-08-30 08:40:46",25
"2019-08-30 09:40:46",25
"2019-08-30 10:40:46",25
"2019-08-30 11:40:46",25
"2019-08-30 12:40:47",25
"2019-08-30 13:40:46",25
"2019-08-30 14:40:46",25
"2019-08-30 15:40:47",25
"2019-08-30 16:40:49",25
"2019-08-30 17:40:47",25
"2019-08-30 18:40:46",25
"2019-08-30 19:40:46",25
"2019-08-30 20:40:48",25
"2019-08-30 21:40:48",25
"2019-08-30 22:40:50",25
"2019-08-30 23:40:48",25
"2019-08-31 00:40:48",25
"2019-08-31 01:40:49",25
"2019-08-31 02:40:48",25
"2019-08-31 03:40:48",25
"2019-08-31 04:40:48",25
"2019-08-31 23:40:54",25
"2019-09-01 00:40:50",25
"2019-09-01 01:40:48",25
"2019-09-01 02:40:50",25
"2019-09-01 03:40:49",25
"2019-09-01 04:40:48",25
"2019-09-01 05:40:48",25
"2019-09-01 06:40:48",25
"2019-09-01 07:40:48",25
"2019-09-01 08:40:49",25
"2019-09-01 09:40:48",25
"2019-09-01 10:40:49",25
"2019-09-01 11:40:48",25
"2019-09-01 12:40:49",25
"2019-09-01 13:40:48",25
"2019-09-01 14:40:49",25
"2019-09-01 15:40:48",25
"2019-09-01 16:40:49",25
"2019-09-01 17:40:51",25
"2019-09-01 18:40:48",25
"2019-09-01 19:40:48",25
"2019-09-01 20:40:48",25
"2019-09-01 21:40:48",25
"2019-09-01 22:40:49",25
"2019-09-01 23:40:49",25
"2019-09-02 00:40:47",25
"2019-09-02 01:40:47",25
"2019-09-02 02:40:48",25
"2019-09-02 03:40:48",25
"2019-09-02 04:40:49",25
"2019-09-02 05:40:53",25
"2019-09-02 06:40:49",25
"2019-09-02 07:40:50",25
"2019-09-02 08:40:47",25
"2019-09-02 09:40:47",25
"2019-09-02 10:40:54",25
"2019-09-02 11:40:49",25
"2019-09-02 12:40:47",25
"2019-09-02 13:40:49",25
"2019-09-02 14:40:47",25
"2019-09-02 15:40:48",25
"2019-09-02 16:40:53",25
"2019-09-02 17:40:47",25
"2019-09-02 18:40:49",25
"2019-09-02 19:40:48",25
"2019-09-02 20:40:48",25
"2019-09-02 21:40:48",25
"2019-09-02 22:40:50",25
"2019-09-02 23:40:48",25
"2019-09-03 00:40:48",25
"2019-09-03 01:40:50",25
"2019-09-03 02:40:50",25
"2019-09-03 03:40:47",25
"2019-09-03 04:40:47",25
"2019-09-03 05:40:49",25
"2019-09-03 06:40:48",25
"2019-09-03 07:40:47",25
"2019-09-03 08:40:52",25
"2019-09-03 09:40:46",25
"2019-09-03 10:40:49",25
"2019-09-03 11:40:46",25
"2019-09-03 13:04:53",25
"2019-09-03 13:40:52",25
"2019-09-03 14:40:49",25
"2019-09-03 15:40:48",25
"2019-09-03 16:40:51",25
"2019-09-03 17:40:49",26
"2019-09-03 18:40:48",26
"2019-09-03 19:40:47",26
"2019-09-03 20:40:48",26
"2019-09-03 21:40:48",26
"2019-09-03 22:40:52",26
"2019-09-03 23:40:48",26
"2019-09-04 00:40:50",26
"2019-09-04 01:40:49",26
"2019-09-04 02:40:49",26
"2019-09-04 03:40:47",26
"2019-09-04 04:40:47",26
"2019-09-04 05:40:53",26
"2019-09-04 06:40:49",26
"2019-09-04 07:40:47",26
"2019-09-04 08:40:48",26
"2019-09-04 09:40:49",26
"2019-09-04 10:40:49",26
"2019-09-04 11:40:48",26
"2019-09-04 13:03:53",26
"2019-09-04 13:40:48",26
"2019-09-04 14:40:49",26
"2019-09-04 15:40:49",26
"2019-09-04 16:40:53",26
"2019-09-04 17:40:48",26
"2019-09-04 18:40:50",26
"2019-09-04 19:40:49",26
"2019-09-04 20:40:48",26
"2019-09-04 21:40:47",26
"2019-09-04 22:40:48",26
"2019-09-04 23:40:48",26
"2019-09-05 01:40:48",26
"2019-09-05 02:40:52",26
"2019-09-05 03:40:47",26
"2019-09-05 04:40:48",26
"2019-09-05 05:40:53",26
"2019-09-05 06:40:47",26
"2019-09-05 07:40:52",26
"2019-09-05 08:40:48",26
"2019-09-05 09:40:47",26
"2019-09-05 10:40:51",26
"2019-09-05 11:40:48",26
"2019-09-05 13:04:52",26
"2019-09-05 13:40:48",26
"2019-09-05 14:40:51",26
"2019-09-05 15:40:48",26
"2019-09-05 16:40:59",26
"2019-09-05 17:40:49",26
"2019-09-05 18:40:47",26
"2019-09-05 19:40:47",26
"2019-09-05 20:40:50",26
"2019-09-05 21:40:49",26
"2019-09-05 22:40:49",26
"2019-09-05 23:40:51",26
"2019-09-06 00:40:49",26
"2019-09-06 01:40:48",26
"2019-09-06 02:40:48",26
"2019-09-06 03:40:47",26
"2019-09-06 04:40:47",26
"2019-09-06 05:40:56",26
"2019-09-06 06:40:48",26
"2019-09-06 07:40:49",26
"2019-09-06 08:40:48",26
"2019-09-06 09:40:49",26
"2019-09-06 10:40:49",26
"2019-09-06 11:41:01",26
"2019-09-06 13:03:53",26
"2019-09-06 13:40:48",26
"2019-09-06 14:40:47",26
"2019-09-06 15:40:47",26
"2019-09-06 16:40:54",26
"2019-09-06 17:40:47",26
"2019-09-06 18:40:51",26
"2019-09-06 19:40:48",26
"2019-09-06 20:40:49",26
"2019-09-06 21:40:49",26
"2019-09-06 22:40:49",26
"2019-09-06 23:40:48",26
"2019-09-07 00:40:47",26
"2019-09-07 01:40:50",26
"2019-09-07 02:40:48",26
"2019-09-07 03:40:49",26
"2019-09-07 04:40:48",26
"2019-09-07 05:41:04",26
"2019-09-07 06:40:48",26
"2019-09-07 07:40:47",26
"2019-09-07 08:40:47",26
"2019-09-07 09:40:48",26
"2019-09-07 10:40:51",26
"2019-09-07 11:40:48",26
"2019-09-07 12:40:47",26
"2019-09-07 13:40:49",26
"2019-09-07 14:40:48",26
"2019-09-07 15:40:48",26
"2019-09-07 16:40:48",26
"2019-09-07 17:40:48",26
"2019-09-07 18:40:48",26
"2019-09-07 19:40:47",26
"2019-09-07 20:40:47",26
"2019-09-07 22:40:47",26
"2019-09-07 23:40:49",26
"2019-09-08 00:40:48",26
"2019-09-08 01:40:49",26
"2019-09-08 02:40:51",26
"2019-09-08 03:40:49",26
"2019-09-08 04:40:49",26
"2019-09-08 05:40:49",26
"2019-09-08 06:40:49",26
"2019-09-08 07:40:47",26
"2019-09-08 08:40:49",26
"2019-09-08 09:40:48",26
"2019-09-08 10:40:51",26
"2019-09-08 11:40:48",26
"2019-09-08 12:40:48",26
"2019-09-08 13:40:50",26
"2019-09-08 14:40:48",26
"2019-09-08 15:40:48",26
"2019-09-08 16:40:52",26
"2019-09-08 17:40:49",26
"2019-09-08 18:40:48",26
"2019-09-08 19:40:54",26
"2019-09-08 20:40:50",26
"2019-09-08 21:40:49",26
"2019-09-08 22:40:48",26
"2019-09-08 23:40:47",26
"2019-09-09 00:40:48",26
"2019-09-09 01:40:48",26
"2019-09-09 02:40:49",26
"2019-09-09 03:40:48",26
"2019-09-09 04:40:48",26
"2019-09-09 05:40:53",26
"2019-09-09 06:40:47",26
"2019-09-09 07:40:48",26
"2019-09-09 08:40:47",26
"2019-09-09 09:40:47",26
"2019-09-09 10:40:48",26
"2019-09-09 11:40:48",26
"2019-09-09 13:03:53",26
"2019-09-09 13:40:50",26
"2019-09-09 14:40:54",26
"2019-09-09 15:40:49",26
"2019-09-09 16:40:54",26
"2019-09-09 17:40:48",26
"2019-09-09 18:40:48",26
"2019-09-09 19:40:48",26
"2019-09-09 20:40:47",26
"2019-09-09 21:40:48",26
"2019-09-09 22:40:47",26
"2019-09-09 23:40:48",26
"2019-09-10 00:40:48",26
"2019-09-10 01:40:48",26
"2019-09-10 02:40:49",26
"2019-09-10 03:40:49",26
"2019-09-10 04:40:49",26
"2019-09-10 05:40:49",26
"2019-09-10 06:40:48",26
"2019-09-10 07:40:47",26
"2019-09-10 08:40:50",26
"2019-09-10 09:40:57",26
"2019-09-10 10:40:49",26
"2019-09-10 11:40:48",26
"2019-09-10 12:40:49",26
"2019-09-10 13:40:48",26
"2019-09-10 14:40:48",26
"2019-09-10 15:40:47",26
"2019-09-10 16:40:49",26
"2019-09-10 17:40:48",26
"2019-09-10 18:40:48",26
"2019-09-10 19:40:55",26
"2019-09-10 20:40:48",25
"2019-09-10 21:40:49",25
"2019-09-10 22:40:48",25
"2019-09-10 23:40:49",25
"2019-09-11 00:40:47",25
"2019-09-11 01:40:48",25
"2019-09-11 02:40:48",25
"2019-09-11 03:40:47",25
"2019-09-11 04:40:48",25
"2019-09-11 05:40:51",25
"2019-09-11 06:40:50",25
"2019-09-11 07:40:48",25
"2019-09-11 08:40:48",25
"2019-09-11 09:40:49",25
"2019-09-11 10:40:55",25
"2019-09-11 11:40:51",25
"2019-09-11 12:40:49",25
"2019-09-11 13:40:50",25
"2019-09-11 14:40:49",25
"2019-09-11 15:40:48",25
"2019-09-11 16:40:48",25
"2019-09-11 17:40:48",25
"2019-09-11 18:40:48",25
"2019-09-11 19:40:48",25
"2019-09-11 20:40:48",25
"2019-09-11 21:40:53",25
"2019-09-11 22:40:49",25
"2019-09-11 23:40:48",25
"2019-09-12 00:40:49",25
"2019-09-12 01:40:48",25
"2019-09-12 02:40:54",25
"2019-09-12 03:40:49",25
"2019-09-12 04:40:47",25
"2019-09-12 05:40:50",25
"2019-09-12 06:40:49",25
"2019-09-12 07:40:48",25
"2019-09-12 08:40:47",25
"2019-09-12 09:40:48",25
"2019-09-12 10:40:58",25
"2019-09-12 11:40:49",25
"2019-09-12 13:04:53",25
"2019-09-12 13:40:49",25
"2019-09-12 14:40:51",25
"2019-09-12 15:40:51",25
"2019-09-12 16:40:50",25
"2019-09-12 17:40:48",25
"2019-09-12 18:40:49",25
"2019-09-12 19:40:48",25
"2019-09-12 20:40:47",25
"2019-09-12 21:40:47",25
"2019-09-12 22:40:48",25
"2019-09-12 23:40:48",25
"2019-09-13 00:40:47",25
"2019-09-13 01:40:49",25
"2019-09-13 02:40:48",25
"2019-09-13 03:40:49",25
"2019-09-13 04:40:47",25
"2019-09-13 05:40:48",25
"2019-09-13 06:40:48",25
"2019-09-13 07:40:48",25
"2019-09-13 08:40:48",25
"2019-09-13 09:40:48",25
"2019-09-13 10:40:49",25
"2019-09-13 11:40:47",25
"2019-09-13 13:04:52",25
"2019-09-13 14:05:54",25
"2019-09-13 14:40:49",25
"2019-09-13 15:40:49",25
"2019-09-13 16:40:49",25
"2019-09-13 17:40:49",25
"2019-09-13 18:40:49",25
"2019-09-13 19:40:49",25
"2019-09-13 20:40:47",25
"2019-09-13 21:40:51",25
"2019-09-13 22:40:48",25
"2019-09-13 23:40:48",25
"2019-09-14 00:40:51",25
"2019-09-14 01:40:47",25
"2019-09-14 02:40:49",25
"2019-09-14 03:40:49",25
"2019-09-14 04:40:47",25
"2019-09-14 05:40:48",25
"2019-09-14 06:40:49",25
"2019-09-14 07:40:48",25
"2019-09-14 08:40:48",25
"2019-09-14 09:40:47",25
"2019-09-14 10:40:49",25
"2019-09-14 11:40:46",25
"2019-09-14 12:40:48",25
"2019-09-14 13:40:47",25
"2019-09-14 14:40:48",25
"2019-09-14 15:40:47",25
"2019-09-14 16:40:49",25
"2019-09-14 17:40:48",25
"2019-09-14 18:40:47",25
"2019-09-14 19:40:47",25
"2019-09-14 20:40:47",25
"2019-09-14 21:40:49",25
"2019-09-14 22:40:48",25
"2019-09-14 23:40:48",25
"2019-09-15 00:40:49",25
"2019-09-15 01:40:47",25
"2019-09-15 02:40:49",25
"2019-09-15 03:40:49",25
"2019-09-15 04:40:49",25
"2019-09-15 05:40:47",25
"2019-09-15 06:40:50",25
"2019-09-15 07:40:50",25
"2019-09-15 08:40:50",25
"2019-09-15 09:40:48",25
"2019-09-15 10:40:49",25
"2019-09-15 11:40:49",25
"2019-09-15 12:40:49",25
"2019-09-15 13:40:49",25
"2019-09-15 14:40:48",25
"2019-09-15 15:40:47",25
"2019-09-15 16:40:50",25
"2019-09-15 17:40:46",25
"2019-09-15 18:40:47",25
"2019-09-15 19:40:47",25
"2019-09-15 20:40:48",25
"2019-09-15 21:40:49",25
"2019-09-15 22:40:47",25
"2019-09-15 23:40:47",25
"2019-09-16 00:40:49",25
"2019-09-16 01:40:48",25
"2019-09-16 02:40:49",25
"2019-09-16 03:40:49",25
"2019-09-16 04:40:47",25
"2019-09-16 05:40:49",25
"2019-09-16 06:40:50",25
"2019-09-16 07:40:48",25
"2019-09-16 08:40:49",25
"2019-09-16 09:40:49",25
"2019-09-16 10:40:49",25
"2019-09-16 11:40:47",25
"2019-09-16 13:04:23",25
"2019-09-16 13:40:49",25
"2019-09-16 14:40:50",25
"2019-09-16 15:40:49",25
"2019-09-16 16:40:51",25
"2019-09-16 17:40:49",25
"2019-09-16 18:40:49",25
"2019-09-16 19:40:55",25
"2019-09-16 20:40:51",25
"2019-09-16 21:40:50",25
"2019-09-16 22:40:51",25
"2019-09-16 23:40:49",25
"2019-09-17 00:40:49",25
"2019-09-17 01:40:48",25
"2019-09-17 02:40:50",25
"2019-09-17 03:40:51",25
"2019-09-17 04:40:49",25
"2019-09-17 05:40:49",25
"2019-09-17 06:40:48",25
"2019-09-17 07:40:50",25
"2019-09-17 08:40:48",25
"2019-09-17 09:40:51",25
"2019-09-17 10:40:50",25
"2019-09-17 11:40:48",25
"2019-09-17 12:40:49",25
"2019-09-17 13:40:50",25
"2019-09-17 14:40:49",25
"2019-09-17 15:40:50",25
"2019-09-17 16:40:51",25
"2019-09-17 17:40:48",25
"2019-09-17 18:40:50",25
"2019-09-17 19:40:49",25
"2019-09-17 20:40:49",25
"2019-09-17 21:40:49",25
"2019-09-17 22:40:52",25
"2019-09-17 23:40:49",25
"2019-09-18 00:40:49",25
"2019-09-18 01:40:49",25
"2019-09-18 02:40:48",25
"2019-09-18 03:40:49",25
"2019-09-18 04:40:56",25
"2019-09-18 05:40:49",25
"2019-09-18 06:40:51",25
"2019-09-18 07:40:49",25
"2019-09-18 08:40:50",25
"2019-09-18 09:40:50",25
"2019-09-18 10:40:49",25
"2019-09-18 11:40:48",25
"2019-09-18 13:35:57",25
"2019-09-18 13:43:14",25
"2019-09-18 14:40:50",25
"2019-09-18 15:40:51",25
"2019-09-18 16:40:52",25
"2019-09-18 17:40:49",25
"2019-09-18 18:40:49",25
"2019-09-18 19:40:51",25
"2019-09-18 20:40:50",25
"2019-09-18 21:40:49",25
"2019-09-18 22:40:50",25
"2019-09-18 23:40:51",25
"2019-09-19 00:40:48",25
"2019-09-19 01:40:49",25
"2019-09-19 02:40:52",25
"2019-09-19 03:40:50",25
"2019-09-19 04:40:48",25
"2019-09-19 05:40:49",25
"2019-09-19 06:40:51",25
"2019-09-19 07:40:48",25
"2019-09-19 08:40:50",25
"2019-09-19 09:40:49",25
"2019-09-19 10:40:50",25
"2019-09-19 11:40:47",25
"2019-09-19 13:04:23",25
"2019-09-19 13:40:51",25
"2019-09-19 14:40:48",25
"2019-09-19 15:40:49",25
"2019-09-19 16:40:52",25
"2019-09-19 17:40:50",25
"2019-09-19 18:40:50",25
"2019-09-19 19:40:48",25
"2019-09-19 20:40:51",25
"2019-09-19 21:40:49",25
"2019-09-19 22:40:50",25
"2019-09-19 23:40:48",25
"2019-09-20 00:40:50",25
"2019-09-20 01:40:54",25
"2019-09-20 02:40:48",25
"2019-09-20 03:40:49",25
"2019-09-20 04:40:49",25
"2019-09-20 05:40:50",25
"2019-09-20 06:40:49",25
"2019-09-20 07:40:49",25
"2019-09-20 08:40:49",25
"2019-09-20 09:40:48",25
"2019-09-20 10:40:48",25
"2019-09-20 11:40:49",25
"2019-09-20 12:40:51",25
"2019-09-20 13:40:47",25
"2019-09-20 14:40:49",25
"2019-09-20 15:40:49",25
"2019-09-20 16:40:49",25
"2019-09-20 17:40:52",25
"2019-09-20 18:40:48",25
"2019-09-20 19:40:51",25
"2019-09-20 20:40:47",25
"2019-09-20 21:40:49",25
"2019-09-20 22:40:50",25
"2019-09-20 23:40:47",25
"2019-09-21 00:40:47",25
"2019-09-21 01:40:47",25
"2019-09-21 02:40:48",25
"2019-09-21 03:40:50",25
"2019-09-21 04:40:46",25
"2019-09-21 05:40:50",25
"2019-09-21 06:40:49",25
"2019-09-21 07:40:47",25
"2019-09-21 08:40:47",25
"2019-09-21 09:40:48",25
"2019-09-21 10:40:47",25
"2019-09-21 11:40:48",25
"2019-09-21 12:40:49",25
"2019-09-21 13:40:49",25
"2019-09-21 14:40:48",25
"2019-09-21 15:40:47",25
"2019-09-21 16:40:48",25
"2019-09-21 17:40:48",25
"2019-09-21 18:40:48",25
"2019-09-21 19:40:48",25
"2019-09-21 20:40:47",25
"2019-09-21 21:40:48",25
"2019-09-21 22:40:48",25
"2019-09-21 23:40:49",25
"2019-09-22 00:40:47",25
"2019-09-22 01:40:47",25
"2019-09-22 02:40:48",25
"2019-09-22 03:40:48",25
"2019-09-22 04:40:49",25
"2019-09-22 05:40:48",25
"2019-09-22 06:40:49",25
"2019-09-22 07:40:50",25
"2019-09-22 08:40:48",25
"2019-09-22 09:40:49",25
"2019-09-22 10:40:48",25
"2019-09-22 11:40:47",25
"2019-09-22 12:40:49",25
"2019-09-22 13:40:47",25
"2019-09-22 14:40:50",25
"2019-09-22 15:40:47",25
"2019-09-22 16:40:49",25
"2019-09-22 17:40:48",25
"2019-09-22 18:40:48",25
"2019-09-22 19:40:49",25
"2019-09-22 20:40:47",25
"2019-09-22 21:40:47",25
"2019-09-22 22:40:47",25
"2019-09-22 23:40:48",25
"2019-09-23 00:40:49",25
"2019-09-23 01:40:47",25
"2019-09-23 02:40:47",25
"2019-09-23 03:40:49",25
"2019-09-23 04:40:47",25
"2019-09-23 05:40:47",25
"2019-09-23 06:40:48",25
"2019-09-23 07:40:47",25
"2019-09-23 08:40:49",25
"2019-09-23 09:40:47",25
"2019-09-23 10:40:47",25
"2019-09-23 11:40:49",25
"2019-09-23 12:40:48",25
"2019-09-23 13:40:47",25
"2019-09-23 14:40:50",25
"2019-09-23 15:40:47",25
"2019-09-23 16:40:49",25
"2019-09-23 17:40:48",25
"2019-09-23 18:40:50",25
"2019-09-23 19:40:48",25
"2019-09-23 20:40:48",25
"2019-09-23 21:40:48",25
"2019-09-23 22:40:49",25
"2019-09-23 23:40:47",25
"2019-09-24 00:40:48",25
"2019-09-24 01:40:48",25
"2019-09-24 02:40:52",25
"2019-09-24 03:40:50",25
"2019-09-24 04:40:48",25
"2019-09-24 05:40:52",25
"2019-09-24 06:40:47",25
"2019-09-24 07:40:48",25
"2019-09-24 08:40:49",25
"2019-09-24 09:40:47",25
"2019-09-24 10:40:49",25
"2019-09-24 11:40:49",25
"2019-09-24 12:40:49",25
"2019-09-24 13:40:47",25
"2019-09-24 14:40:48",25
"2019-09-24 15:40:50",25
"2019-09-24 16:40:49",26
"2019-09-24 17:40:48",26
"2019-09-24 18:40:49",26
"2019-09-24 19:40:47",26
"2019-09-24 20:40:48",26
"2019-09-24 21:40:50",26
"2019-09-24 22:40:48",26
"2019-09-24 23:40:47",26
"2019-09-25 00:40:48",26
"2019-09-25 01:40:51",26
"2019-09-25 02:40:46",26
"2019-09-25 03:40:50",26
"2019-09-25 04:40:50",26
"2019-09-25 05:40:47",26
"2019-09-25 06:40:49",26
"2019-09-25 07:40:50",26
"2019-09-25 08:40:48",26
"2019-09-25 09:40:49",26
"2019-09-25 10:40:49",26
"2019-09-25 11:40:48",26
"2019-09-25 12:40:50",26
"2019-09-25 13:40:50",26
"2019-09-25 14:40:50",26
"2019-09-25 15:40:51",26
"2019-09-25 16:40:50",26
"2019-09-25 17:40:50",26
"2019-09-25 18:40:49",26
"2019-09-25 19:40:51",26
"2019-09-25 20:40:48",26
"2019-09-25 21:40:49",26
"2019-09-25 22:40:49",26
"2019-09-25 23:40:51",26
"2019-09-26 00:40:48",26
"2019-09-26 01:40:49",26
"2019-09-26 02:40:50",26
"2019-09-26 03:40:50",26
"2019-09-26 04:40:53",26
"2019-09-26 05:40:51",26
"2019-09-26 06:40:50",26
"2019-09-26 07:40:48",26
"2019-09-26 08:40:50",26
"2019-09-26 09:40:50",26
"2019-09-26 10:40:49",26
"2019-09-26 11:40:48",26
"2019-09-26 13:03:54",26
"2019-09-26 13:40:54",26
"2019-09-26 14:40:50",26
"2019-09-26 15:40:51",26
"2019-09-26 16:40:52",26
"2019-09-26 17:40:51",26
"2019-09-26 18:40:52",26
"2019-09-26 19:40:51",26
"2019-09-26 20:40:49",26
"2019-09-26 21:40:51",26
"2019-09-26 22:40:50",26
"2019-09-26 23:40:50",26
"2019-09-27 00:40:50",26
"2019-09-27 01:40:48",26
"2019-09-27 02:40:52",26
"2019-09-27 03:40:50",26
"2019-09-27 04:40:50",26
"2019-09-27 05:40:51",26
"2019-09-27 06:40:50",26
"2019-09-27 07:40:53",26
"2019-09-27 08:40:50",26
"2019-09-27 09:40:50",26
"2019-09-27 10:40:51",26
"2019-09-27 11:40:49",26
"2019-09-27 13:04:55",26
"2019-09-27 13:40:52",26
"2019-09-27 14:40:51",26
"2019-09-27 15:40:50",26
"2019-09-27 16:40:50",26
"2019-09-27 17:40:50",26
"2019-09-27 18:40:48",26
"2019-09-27 19:40:51",27
"2019-09-27 20:40:48",27
"2019-09-27 21:40:49",27
"2019-09-27 22:40:53",27
"2019-09-27 23:40:50",27
"2019-09-28 00:40:49",27
"2019-09-28 01:40:51",27
"2019-09-28 02:40:50",27
"2019-09-28 03:40:50",27
"2019-09-28 04:40:50",27
"2019-09-28 05:40:52",27
"2019-09-28 06:40:48",27
"2019-09-28 07:40:50",27
"2019-09-28 08:40:49",27
"2019-09-28 09:40:50",27
"2019-09-28 10:40:48",27
"2019-09-28 11:40:50",27
"2019-09-28 12:40:50",27
"2019-09-28 13:40:52",27
"2019-09-28 14:40:49",27
"2019-09-28 15:40:48",27
"2019-09-28 16:40:51",27
"2019-09-28 17:40:50",27
"2019-09-28 18:40:48",27
"2019-09-28 19:40:49",27
"2019-09-28 20:40:50",27
"2019-09-28 21:40:49",27
"2019-09-28 22:40:50",27
"2019-09-28 23:40:48",27
"2019-09-29 00:40:49",27
"2019-09-29 01:40:50",27
"2019-09-29 02:40:50",27
"2019-09-29 03:40:51",27
"2019-09-29 04:40:49",27
"2019-09-29 05:40:50",27
"2019-09-29 06:40:48",27
"2019-09-29 07:40:50",27
"2019-09-29 08:40:48",27
"2019-09-29 09:40:50",27
"2019-09-29 10:40:48",27
"2019-09-29 11:40:50",27
"2019-09-29 12:40:49",27
"2019-09-29 13:40:49",27
"2019-09-29 14:40:50",27
"2019-09-29 15:40:48",27
"2019-09-29 16:40:50",27
"2019-09-29 17:40:52",27
"2019-09-29 18:40:49",27
"2019-09-29 19:40:51",27
"2019-09-29 20:40:51",27
"2019-09-29 21:40:48",27
"2019-09-29 22:40:49",27
"2019-09-29 23:40:51",27
"2019-09-30 00:40:47",27
"2019-09-30 01:40:50",27
"2019-09-30 02:40:48",27
"2019-09-30 03:40:50",27
"2019-09-30 04:40:49",27
"2019-09-30 05:40:50",27
"2019-09-30 06:40:48",27
"2019-09-30 07:40:51",27
"2019-09-30 08:40:50",27
"2019-09-30 09:40:49",27
"2019-09-30 10:40:48",27
"2019-09-30 11:40:49",27
"2019-09-30 12:40:51",27
"2019-09-30 13:40:49",27
"2019-09-30 14:40:51",27
"2019-09-30 15:40:51",27
"2019-09-30 16:40:56",26
"2019-09-30 17:40:50",26
"2019-09-30 18:40:52",26
"2019-09-30 19:40:50",26
"2019-09-30 20:40:49",26
"2019-09-30 21:40:50",26
"2019-09-30 22:40:49",26
"2019-09-30 23:40:50",26
"2019-10-01 00:40:50",26
"2019-10-01 01:40:48",26
"2019-10-01 02:40:48",26
"2019-10-01 03:40:50",26
"2019-10-01 04:40:48",26
"2019-10-01 05:40:48",26
"2019-10-01 06:40:49",26
"2019-10-01 07:40:50",26
"2019-10-01 08:40:49",26
"2019-10-01 09:40:54",26
"2019-10-01 10:40:49",26
"2019-10-01 11:40:49",26
"2019-10-01 13:03:53",26
"2019-10-01 13:40:49",26
"2019-10-01 14:40:49",25
"2019-10-01 15:40:49",25
"2019-10-01 16:40:50",25
"2019-10-01 17:40:47",25
"2019-10-01 18:40:49",25
"2019-10-01 19:40:49",25
"2019-10-01 20:40:48",25
"2019-10-01 21:40:49",25
"2019-10-01 22:40:49",25
"2019-10-01 23:40:48",25
"2019-10-02 00:40:52",25
"2019-10-02 01:40:49",25
"2019-10-02 02:40:48",25
"2019-10-02 03:40:49",25
"2019-10-02 04:40:51",25
"2019-10-02 05:40:50",25
"2019-10-02 06:40:48",25
"2019-10-02 07:40:48",25
"2019-10-02 08:40:48",25
"2019-10-02 09:40:50",25
"2019-10-02 10:40:47",25
"2019-10-02 11:40:48",25
"2019-10-02 13:04:24",25
"2019-10-02 13:40:50",25
"2019-10-02 14:40:50",25
"2019-10-02 15:40:51",25
"2019-10-02 16:40:48",25
"2019-10-02 17:40:49",25
"2019-10-02 18:40:49",25
"2019-10-02 19:40:50",25
"2019-10-02 20:40:49",25
"2019-10-02 21:40:49",25
"2019-10-02 22:40:51",25
"2019-10-02 23:40:48",25
"2019-10-03 00:40:48",25
"2019-10-03 01:40:49",25
"2019-10-03 02:40:49",25
"2019-10-03 03:40:49",25
"2019-10-03 04:40:50",25
"2019-10-03 05:40:49",25
"2019-10-03 06:40:49",25
"2019-10-03 07:40:50",25
"2019-10-03 08:40:49",25
"2019-10-03 09:40:50",25
"2019-10-03 10:40:51",25
"2019-10-03 11:40:49",25
"2019-10-03 13:04:22",25
"2019-10-03 13:41:22",25
"2019-10-03 14:40:51",25
"2019-10-03 15:40:48",25
"2019-10-03 16:40:49",25
"2019-10-03 17:40:50",25
"2019-10-03 18:40:50",25
"2019-10-03 19:40:50",25
"2019-10-03 20:40:49",25
"2019-10-03 21:40:50",25
"2019-10-03 22:40:50",25
"2019-10-03 23:40:51",25
"2019-10-04 00:40:49",25
"2019-10-04 01:40:49",25
"2019-10-04 02:40:48",25
"2019-10-04 03:40:49",25
"2019-10-04 04:40:49",25
"2019-10-04 05:40:51",25
"2019-10-04 06:40:51",25
"2019-10-04 07:40:49",25
"2019-10-04 08:40:49",25
"2019-10-04 09:40:49",25
"2019-10-04 10:40:50",25
"2019-10-04 11:40:49",25
"2019-10-04 12:40:49",25
"2019-10-04 13:40:51",25
"2019-10-04 14:40:48",25
"2019-10-04 15:40:49",25
"2019-10-04 16:40:51",25
"2019-10-04 17:40:49",25
"2019-10-04 18:40:49",24
"2019-10-04 19:40:49",24
"2019-10-04 20:40:49",24
"2019-10-04 21:40:49",24
"2019-10-04 22:40:48",24
"2019-10-04 23:40:49",24
"2019-10-05 00:40:50",24
"2019-10-05 01:40:49",24
"2019-10-05 02:40:49",24
"2019-10-05 03:40:48",24
"2019-10-05 04:40:48",24
"2019-10-05 05:40:52",24
"2019-10-05 06:40:49",24
"2019-10-05 07:40:49",24
"2019-10-05 08:40:50",24
"2019-10-05 09:40:49",24
"2019-10-05 10:40:48",24
"2019-10-05 11:40:49",24
"2019-10-05 12:40:50",24
"2019-10-05 13:40:50",24
"2019-10-05 14:40:49",24
"2019-10-05 15:40:49",24
"2019-10-05 16:40:50",24
"2019-10-05 17:40:52",24
"2019-10-05 18:40:50",24
"2019-10-05 19:40:48",24
"2019-10-05 20:40:50",24
"2019-10-05 21:40:49",24
"2019-10-05 22:40:49",24
"2019-10-05 23:40:49",24
"2019-10-06 00:40:49",24
"2019-10-06 01:40:50",24
"2019-10-06 02:40:52",24
"2019-10-06 03:40:50",24
"2019-10-06 04:40:49",24
"2019-10-06 05:40:49",24
"2019-10-06 06:40:51",24
"2019-10-06 07:40:49",24
"2019-10-06 08:40:51",24
"2019-10-06 09:40:49",24
"2019-10-06 10:40:49",24
"2019-10-06 11:40:50",24
"2019-10-06 12:40:50",24
"2019-10-06 13:40:48",24
"2019-10-06 14:40:50",24
"2019-10-06 15:40:48",24
"2019-10-06 16:40:49",24
"2019-10-06 17:40:49",24
"2019-10-06 18:40:51",24
"2019-10-06 19:40:51",24
"2019-10-06 20:40:49",24
"2019-10-06 21:40:48",24
"2019-10-06 22:40:48",24
"2019-10-06 23:40:49",24
"2019-10-07 00:40:49",24
"2019-10-07 01:40:50",24
"2019-10-07 02:40:50",24
"2019-10-07 03:40:49",24
"2019-10-07 04:40:49",24
"2019-10-07 05:40:49",24
"2019-10-07 06:40:50",24
"2019-10-07 07:40:49",24
"2019-10-07 08:40:48",24
"2019-10-07 09:40:53",24
"2019-10-07 10:40:50",24
"2019-10-07 11:40:49",24
"2019-10-07 12:40:53",24
"2019-10-07 13:40:50",24
"2019-10-07 14:40:49",24
"2019-10-07 15:40:49",24
"2019-10-07 16:40:51",24
"2019-10-07 17:40:49",24
"2019-10-07 18:40:49",24
"2019-10-07 19:40:50",24
"2019-10-07 20:40:49",24
"2019-10-07 21:40:49",24
"2019-10-07 22:40:49",24
"2019-10-07 23:40:51",24
"2019-10-08 00:40:49",24
"2019-10-08 01:40:49",24
"2019-10-08 02:40:49",24
"2019-10-08 03:40:51",24
"2019-10-08 04:40:49",24
"2019-10-08 05:40:48",24
"2019-10-08 06:40:50",24
"2019-10-08 07:40:49",24
"2019-10-08 08:40:49",24
"2019-10-08 09:40:50",24
"2019-10-08 10:40:50",24
"2019-10-08 11:40:49",24
"2019-10-08 12:40:49",24
"2019-10-08 13:40:50",24
"2019-10-08 14:40:48",24
"2019-10-08 15:40:49",24
"2019-10-08 16:40:51",24
"2019-10-08 17:40:51",24
"2019-10-08 18:40:51",24
"2019-10-08 19:40:51",24
"2019-10-08 20:40:49",24
"2019-10-08 21:40:49",24
"2019-10-08 22:40:49",24
"2019-10-08 23:40:49",24
"2019-10-09 00:40:49",24
"2019-10-09 01:40:50",24
"2019-10-09 02:40:50",24
"2019-10-09 03:40:48",24
"2019-10-09 04:40:51",24
"2019-10-09 05:40:49",24
"2019-10-09 06:40:50",24
"2019-10-09 07:40:52",24
"2019-10-09 08:40:50",24
"2019-10-09 09:40:48",24
"2019-10-09 10:40:50",24
"2019-10-09 11:40:49",24
"2019-10-09 12:40:52",24
"2019-10-09 13:40:50",24
"2019-10-09 14:40:50",24
"2019-10-09 15:40:53",24
"2019-10-09 16:40:50",24
"2019-10-09 17:40:54",24
"2019-10-09 18:40:51",24
"2019-10-09 19:40:52",24
"2019-10-09 20:40:50",24
"2019-10-09 21:40:49",24
"2019-10-09 22:40:49",24
"2019-10-09 23:40:50",24
"2019-10-10 00:40:50",24
"2019-10-10 01:40:49",24
"2019-10-10 02:40:50",24
"2019-10-10 03:40:49",24
"2019-10-10 04:40:49",24
"2019-10-10 05:40:53",24
"2019-10-10 06:40:49",24
"2019-10-10 07:40:51",24
"2019-10-10 08:40:50",24
"2019-10-10 09:40:49",24
"2019-10-10 10:40:49",24
"2019-10-10 11:40:50",24
"2019-10-10 13:03:53",24
"2019-10-10 13:40:51",24
"2019-10-10 14:40:49",25
"2019-10-10 15:40:49",25
"2019-10-10 16:40:50",25
"2019-10-10 17:40:49",25
"2019-10-10 18:40:49",25
"2019-10-10 19:40:50",25
"2019-10-10 20:40:50",25
"2019-10-10 21:40:50",25
"2019-10-10 22:40:49",25
"2019-10-10 23:40:59",25
"2019-10-11 00:40:50",25
"2019-10-11 01:40:50",25
"2019-10-11 02:40:50",25
"2019-10-11 03:40:52",25
"2019-10-11 04:40:50",25
"2019-10-11 05:40:49",25
"2019-10-11 06:40:51",25
"2019-10-11 07:40:50",25
"2019-10-11 08:40:50",25
"2019-10-11 09:40:53",25
"2019-10-11 10:40:50",25
"2019-10-11 11:40:50",25
"2019-10-11 13:04:25",25
"2019-10-11 13:40:53",25
"2019-10-11 14:40:50",25
"2019-10-11 15:40:54",25
"2019-10-11 16:40:52",25
"2019-10-11 17:40:51",25
"2019-10-11 18:40:51",25
"2019-10-11 19:40:51",25
"2019-10-11 20:40:50",24
"2019-10-11 21:40:51",24
"2019-10-11 22:40:51",24
"2019-10-11 23:40:51",24
"2019-10-12 00:40:52",24
"2019-10-12 01:40:50",24
"2019-10-12 02:40:51",24
"2019-10-12 03:40:52",24
"2019-10-12 04:40:50",24
"2019-10-12 05:40:52",24
"2019-10-12 06:40:53",24
"2019-10-12 07:40:50",24
"2019-10-12 08:40:51",24
"2019-10-12 09:40:53",24
"2019-10-12 10:40:50",24
"2019-10-12 11:40:50",24
"2019-10-12 12:40:53",24
"2019-10-12 13:40:51",24
"2019-10-12 14:40:51",24
"2019-10-12 15:40:51",24
"2019-10-12 16:40:53",24
"2019-10-12 17:40:52",24
"2019-10-12 18:40:51",24
"2019-10-12 19:40:52",24
"2019-10-12 20:40:51",24
"2019-10-12 21:40:50",24
"2019-10-12 22:40:51",24
"2019-10-12 23:40:51",24
"2019-10-13 00:40:53",24
"2019-10-13 01:40:51",24
"2019-10-13 02:40:50",24
"2019-10-13 03:40:52",24
"2019-10-13 04:40:50",24
"2019-10-13 05:40:51",24
"2019-10-13 06:40:52",24
"2019-10-13 07:40:51",24
"2019-10-13 08:40:52",24
"2019-10-13 09:40:52",24
"2019-10-13 10:40:49",24
"2019-10-13 11:40:53",24
"2019-10-13 12:40:51",24
"2019-10-13 13:40:53",24
"2019-10-13 14:40:51",24
"2019-10-13 15:40:51",24
"2019-10-13 16:40:53",24
"2019-10-13 17:40:51",24
"2019-10-13 18:40:51",24
"2019-10-13 19:40:51",24
"2019-10-13 20:40:52",24
"2019-10-13 21:40:52",24
"2019-10-13 22:40:51",24
"2019-10-13 23:40:54",24
"2019-10-14 00:40:51",24
"2019-10-14 01:40:52",24
"2019-10-14 02:40:51",24
"2019-10-14 03:40:51",24
"2019-10-14 04:40:52",24
"2019-10-14 05:40:51",24
"2019-10-14 06:40:52",24
"2019-10-14 07:40:50",24
"2019-10-14 08:40:51",24
"2019-10-14 09:40:53",24
"2019-10-14 10:40:52",24
"2019-10-14 11:40:52",24
"2019-10-14 12:40:53",24
"2019-10-14 13:40:51",24
"2019-10-14 14:40:51",24
"2019-10-14 15:40:52",24
"2019-10-14 16:40:55",24
"2019-10-14 17:40:51",24
"2019-10-14 18:40:53",24
"2019-10-14 19:40:51",24
"2019-10-14 20:40:52",24
"2019-10-14 21:40:52",24
"2019-10-14 22:40:52",24
"2019-10-14 23:40:56",24
"2019-10-15 00:40:50",24
"2019-10-15 01:40:51",24
"2019-10-15 02:40:54",24
"2019-10-15 03:40:51",24
"2019-10-15 04:40:51",24
"2019-10-15 05:40:52",24
"2019-10-15 06:40:52",24
"2019-10-15 07:40:54",24
"2019-10-15 08:40:52",24
"2019-10-15 09:40:51",24
"2019-10-15 10:40:51",24
"2019-10-15 11:40:52",24
"2019-10-15 12:40:51",24
"2019-10-15 13:40:53",24
"2019-10-15 14:40:51",24
"2019-10-15 15:40:50",24
"2019-10-15 16:40:53",24
"2019-10-15 17:40:51",24
"2019-10-15 18:40:53",24
"2019-10-15 19:40:52",24
"2019-10-15 20:40:55",24
"2019-10-15 21:40:51",24
"2019-10-15 22:40:51",24
"2019-10-15 23:40:51",24
"2019-10-16 00:40:51",24
"2019-10-16 01:40:51",24
"2019-10-16 02:40:52",24
"2019-10-16 03:40:54",24
"2019-10-16 04:40:52",24
"2019-10-16 05:40:52",24
"2019-10-16 06:40:50",24
"2019-10-16 07:40:54",24
"2019-10-16 08:40:54",24
"2019-10-16 09:40:52",24
"2019-10-16 10:40:53",24
"2019-10-16 11:40:51",24
"2019-10-16 12:40:50",24
"2019-10-16 13:40:53",24
"2019-10-16 14:40:51",24
"2019-10-16 15:40:53",24
"2019-10-16 16:40:51",24
"2019-10-16 17:40:51",24
"2019-10-16 18:40:51",24
"2019-10-16 19:40:51",24
"2019-10-16 20:40:51",24
"2019-10-16 21:40:52",24
"2019-10-16 22:40:50",24
"2019-10-16 23:40:52",24
"2019-10-17 00:40:51",24
"2019-10-17 01:40:52",24
"2019-10-17 02:40:51",24
"2019-10-17 03:40:55",24
"2019-10-17 04:40:52",24
"2019-10-17 05:40:50",24
"2019-10-17 06:40:50",24
"2019-10-17 07:40:52",24
"2019-10-17 08:40:52",24
"2019-10-17 09:40:51",24
"2019-10-17 10:40:50",24
"2019-10-17 11:40:52",24
"2019-10-17 12:40:50",24
"2019-10-17 13:40:52",24
"2019-10-17 14:40:51",24
"2019-10-17 15:40:50",24
"2019-10-17 16:40:50",24
"2019-10-17 17:40:52",24
"2019-10-17 18:40:51",24
"2019-10-17 19:40:52",24
"2019-10-17 20:40:51",24
"2019-10-17 21:40:51",24
"2019-10-17 22:40:51",24
"2019-10-17 23:40:51",24
"2019-10-18 00:40:51",24
"2019-10-18 01:40:51",24
"2019-10-18 02:40:50",24
"2019-10-18 03:40:53",24
"2019-10-18 04:40:50",24
"2019-10-18 05:40:51",24
"2019-10-18 06:40:54",24
"2019-10-18 07:40:51",24
"2019-10-18 08:40:51",24
"2019-10-18 09:40:52",24
"2019-10-18 10:40:53",24
"2019-10-18 11:40:51",24
"2019-10-18 13:03:25",24
"2019-10-18 13:40:50",24
"2019-10-18 14:40:51",24
"2019-10-18 15:40:52",24
"2019-10-18 16:40:50",24
"2019-10-18 17:40:51",24
"2019-10-18 18:40:51",24
"2019-10-18 19:40:51",24
"2019-10-18 20:40:52",24
"2019-10-18 21:40:50",24
"2019-10-18 22:40:50",24
"2019-10-18 23:40:51",24
"2019-10-19 00:40:50",24
"2019-10-19 01:40:53",24
"2019-10-19 02:40:51",24
"2019-10-19 03:40:50",24
"2019-10-19 04:40:51",24
"2019-10-19 05:40:50",24
"2019-10-19 06:40:53",24
"2019-10-19 07:40:52",24
"2019-10-19 08:40:51",24
"2019-10-19 09:40:52",24
"2019-10-19 10:40:52",24
"2019-10-19 11:40:50",24
"2019-10-19 12:40:53",24
"2019-10-19 13:40:50",24
"2019-10-19 14:40:51",24
"2019-10-19 15:40:51",24
"2019-10-19 16:40:53",24
"2019-10-19 17:40:51",24
"2019-10-19 18:40:50",24
"2019-10-19 19:40:52",24
"2019-10-19 20:40:51",24
"2019-10-19 21:40:50",24
"2019-10-19 22:40:51",24
"2019-10-19 23:40:50",24
"2019-10-20 00:40:51",24
"2019-10-20 01:40:50",24
"2019-10-20 02:40:52",24
"2019-10-20 03:40:50",24
"2019-10-20 04:40:52",24
"2019-10-20 05:40:52",24
"2019-10-20 06:40:51",24
"2019-10-20 07:40:53",24
"2019-10-20 08:40:51",24
"2019-10-20 09:40:51",24
"2019-10-20 10:40:52",24
"2019-10-20 11:40:50",24
"2019-10-20 12:40:52",24
"2019-10-20 13:40:50",24
"2019-10-20 14:40:50",24
"2019-10-20 15:40:50",24
"2019-10-20 16:40:52",24
"2019-10-20 17:40:50",24
"2019-10-20 18:40:51",24
"2019-10-20 19:40:50",24
"2019-10-20 20:40:49",24
"2019-10-20 21:40:50",24
"2019-10-20 22:40:50",24
"2019-10-20 23:40:50",24
"2019-10-21 00:40:52",24
"2019-10-21 01:40:53",24
"2019-10-21 02:40:50",24
"2019-10-21 03:40:51",24
"2019-10-21 04:40:50",24
"2019-10-21 05:40:54",24
"2019-10-21 06:40:51",24
"2019-10-21 07:40:51",24
"2019-10-21 08:40:51",24
"2019-10-21 09:40:51",24
"2019-10-21 10:40:51",24
"2019-10-21 11:40:52",24
"2019-10-21 13:04:24",24
"2019-10-21 13:40:53",24
"2019-10-21 14:40:51",24
"2019-10-21 15:40:52",24
"2019-10-21 16:40:52",24
"2019-10-21 17:40:51",24
"2019-10-21 18:40:51",24
"2019-10-21 19:40:51",24
"2019-10-21 20:40:50",24
"2019-10-21 21:40:51",24
"2019-10-21 22:40:53",24
"2019-10-21 23:40:51",24
"2019-10-22 00:40:50",24
"2019-10-22 01:40:51",24
"2019-10-22 02:40:53",24
"2019-10-22 03:40:53",24
"2019-10-22 04:40:52",24
"2019-10-22 05:40:51",24
"2019-10-22 06:40:51",24
"2019-10-22 07:40:53",24
"2019-10-22 08:40:51",24
"2019-10-22 09:40:53",24
"2019-10-22 10:40:50",24
"2019-10-22 11:40:50",24
"2019-10-22 12:40:55",24
"2019-10-22 13:40:50",24
"2019-10-22 14:40:51",24
"2019-10-22 15:40:54",24
"2019-10-22 16:40:52",24
"2019-10-22 17:40:53",24
"2019-10-22 18:40:53",24
"2019-10-22 19:40:50",24
"2019-10-22 20:40:52",24
"2019-10-22 21:40:52",24
"2019-10-22 22:40:53",24
"2019-10-22 23:40:53",24
"2019-10-23 00:40:55",24
"2019-10-23 01:40:52",24
"2019-10-23 02:40:51",24
"2019-10-23 03:40:51",24
"2019-10-23 04:40:53",24
"2019-10-23 05:40:52",24
"2019-10-23 06:40:56",24
"2019-10-23 07:40:53",24
"2019-10-23 08:40:51",24
"2019-10-23 09:40:53",24
"2019-10-23 10:40:53",24
"2019-10-23 11:40:51",24
"2019-10-23 12:40:54",24
"2019-10-23 13:40:53",24
"2019-10-23 14:40:51",24
"2019-10-23 15:40:51",24
"2019-10-23 16:40:53",24
"2019-10-23 17:40:51",24
"2019-10-23 18:40:51",24
"2019-10-23 19:40:51",24
"2019-10-23 20:40:52",24
"2019-10-23 21:40:51",24
"2019-10-23 22:40:51",24
"2019-10-23 23:40:51",24
"2019-10-24 00:44:50",24
"2019-10-24 01:40:52",24
"2019-10-24 02:40:52",24
"2019-10-24 03:40:54",24
"2019-10-24 04:40:51",24
"2019-10-24 05:40:53",24
"2019-10-24 06:40:56",24
"2019-10-24 07:40:51",24
"2019-10-24 08:40:52",24
"2019-10-24 09:40:54",24
"2019-10-24 10:40:51",24
"2019-10-24 11:40:50",24
"2019-10-24 13:04:25",24
"2019-10-24 13:40:51",24
"2019-10-24 14:40:50",24
"2019-10-24 15:40:53",24
"2019-10-24 16:40:51",24
"2019-10-24 17:40:51",24
"2019-10-24 18:40:51",24
"2019-10-24 19:40:53",24
"2019-10-24 20:40:51",24
"2019-10-24 21:40:51",24
"2019-10-24 22:40:51",24
"2019-10-24 23:40:51",24
"2019-10-25 00:40:52",24
"2019-10-25 01:40:51",24
"2019-10-25 02:40:53",24
"2019-10-25 03:40:51",24
"2019-10-25 04:40:50",24
"2019-10-25 05:40:53",24
"2019-10-25 06:40:53",24
"2019-10-25 07:40:52",24
"2019-10-25 08:40:53",24
"2019-10-25 09:40:51",24
"2019-10-25 10:40:51",24
"2019-10-25 11:40:55",24
"2019-10-25 13:04:25",24
"2019-10-25 13:40:53",24
"2019-10-25 14:40:55",23
"2019-10-25 15:40:52",23
"2019-10-25 16:40:55",23
"2019-10-25 17:40:52",23
"2019-10-25 18:40:52",23
"2019-10-25 19:40:52",23
"2019-10-25 20:40:52",23
"2019-10-25 21:40:52",23
"2019-10-25 22:40:52",23
"2019-10-25 23:40:52",23
"2019-10-26 00:40:52",23
"2019-10-26 01:40:54",23
"2019-10-26 02:40:52",23
"2019-10-26 03:40:53",23
"2019-10-26 04:40:55",23
"2019-10-26 05:40:52",23
"2019-10-26 06:40:51",23
"2019-10-26 07:40:54",23
"2019-10-26 08:40:52",23
"2019-10-26 09:40:52",23
"2019-10-26 10:40:51",23
"2019-10-26 11:40:53",23
"2019-10-26 12:40:52",23
"2019-10-26 13:40:52",23
"2019-10-26 14:40:54",23
"2019-10-26 15:40:54",23
"2019-10-26 16:40:53",23
"2019-10-26 17:40:53",23
"2019-10-26 18:40:53",23
"2019-10-26 19:40:53",23
"2019-10-26 20:40:53",23
"2019-10-26 21:40:54",23
"2019-10-26 22:40:52",23
"2019-10-26 23:40:52",23
"2019-10-27 00:40:54",23
"2019-10-27 01:40:53",23
"2019-10-27 02:40:53",23
"2019-10-27 03:40:53",23
"2019-10-27 04:40:52",23
"2019-10-27 05:40:55",23
"2019-10-27 06:40:53",23
"2019-10-27 07:40:51",23
"2019-10-27 08:40:52",23
"2019-10-27 09:40:52",23
"2019-10-27 10:40:51",23
"2019-10-27 11:40:51",23
"2019-10-27 12:40:53",23
"2019-10-27 13:40:52",23
"2019-10-27 14:40:52",23
"2019-10-27 15:40:56",23
"2019-10-27 16:40:52",23
"2019-10-27 17:40:52",23
"2019-10-27 18:40:53",23
"2019-10-27 19:40:54",23
"2019-10-27 20:40:55",23
"2019-10-27 21:40:52",23
"2019-10-27 22:40:51",23
"2019-10-27 23:40:52",23
"2019-10-28 00:40:51",23
"2019-10-28 01:40:53",23
"2019-10-28 02:40:52",23
"2019-10-28 03:40:55",23
"2019-10-28 04:40:52",23
"2019-10-28 05:40:52",23
"2019-10-28 06:40:53",23
"2019-10-28 07:40:53",23
"2019-10-28 08:40:52",23
"2019-10-28 09:40:52",23
"2019-10-28 10:40:54",23
"2019-10-28 11:40:50",23
"2019-10-28 12:40:54",23
"2019-10-28 14:40:53",23
"2019-10-28 15:40:58",23
"2019-10-28 16:40:56",23
"2019-10-28 17:40:54",23
"2019-10-28 18:40:54",23
"2019-10-28 19:40:54",23
"2019-10-28 23:40:52",23
"2019-10-29 00:40:53",23
"2019-10-29 01:40:55",23
"2019-10-29 02:40:53",23
"2019-10-29 03:40:55",23
"2019-10-29 04:40:52",23
"2019-10-29 05:40:55",23
"2019-10-29 06:40:54",23
"2019-10-29 07:40:53",23
"2019-10-29 08:40:53",23
"2019-10-29 09:40:52",23
"2019-10-29 10:40:55",23
"2019-10-29 11:40:52",23
"2019-10-29 12:40:53",23
"2019-10-29 13:40:57",23
"2019-10-29 14:40:53",23
"2019-10-29 15:40:54",23
"2019-10-29 16:40:54",23
"2019-10-29 17:40:52",23
"2019-10-29 18:40:54",23
"2019-10-29 19:40:55",23
"2019-10-29 20:40:52",23
"2019-10-29 21:40:53",23
"2019-10-29 22:40:53",23
"2019-10-29 23:40:53",23
"2019-10-30 00:40:57",23
"2019-10-30 01:40:53",23
"2019-10-30 02:40:53",23
"2019-10-30 03:40:53",23
"2019-10-30 04:40:54",23
"2019-10-30 05:40:56",23
"2019-10-30 06:40:53",23
"2019-10-30 07:40:58",23
"2019-10-30 08:40:54",23
"2019-10-30 09:40:53",23
"2019-10-30 10:40:54",23
"2019-10-30 11:40:51",23
"2019-10-30 13:04:55",23
"2019-10-30 13:40:54",23
"2019-10-30 14:40:52",23
"2019-10-30 15:40:52",23
"2019-10-30 16:40:53",23
"2019-10-30 17:40:53",23
"2019-10-30 18:40:53",23
"2019-10-30 19:40:53",23
"2019-10-30 20:40:52",23
"2019-10-30 21:40:52",23
"2019-10-30 22:40:52",23
"2019-10-30 23:40:52",23
"2019-10-31 00:40:52",23
"2019-10-31 01:40:53",23
"2019-10-31 02:40:52",23
"2019-10-31 03:40:54",23
"2019-10-31 04:40:52",23
"2019-10-31 05:40:52",23
"2019-10-31 06:40:54",23
"2019-10-31 07:40:53",23
"2019-10-31 08:40:53",23
"2019-10-31 09:40:55",23
"2019-10-31 10:40:52",23
"2019-10-31 11:40:53",23
"2019-10-31 13:05:57",23
"2019-10-31 13:40:54",23
"2019-10-31 14:40:53",23
"2019-10-31 15:40:54",23
"2019-10-31 16:40:53",23
"2019-10-31 17:40:53",23
"2019-10-31 18:40:52",23
"2019-10-31 19:40:53",23
"2019-10-31 20:40:55",23
"2019-10-31 22:03:56",23
"2019-10-31 22:40:56",23
"2019-10-31 23:40:53",23
"2019-11-01 00:40:53",23
"2019-11-01 01:40:53",23
"2019-11-01 02:40:53",23
"2019-11-01 03:40:54",23
"2019-11-01 04:40:52",23
"2019-11-01 05:40:55",23
"2019-11-01 06:40:52",23
"2019-11-01 07:40:55",23
"2019-11-01 08:40:54",23
"2019-11-01 09:40:54",23
"2019-11-01 10:40:54",23
"2019-11-01 11:40:56",23
"2019-11-01 13:37:00",23
"2019-11-01 13:46:21",23
"2019-11-01 14:40:54",23
"2019-11-01 15:40:53",23
"2019-11-01 16:40:56",23
"2019-11-01 17:40:55",23
"2019-11-01 18:40:57",23
"2019-11-01 19:40:53",23
"2019-11-01 20:40:54",23
"2019-11-01 21:40:53",23
"2019-11-01 22:40:54",23
"2019-11-01 23:40:54",23
"2019-11-02 00:40:55",23
"2019-11-02 01:40:54",23
"2019-11-02 02:40:53",23
"2019-11-02 03:40:56",23
"2019-11-02 04:40:53",23
"2019-11-02 05:40:53",23
"2019-11-02 06:40:55",23
"2019-11-02 07:40:53",23
"2019-11-02 08:40:54",23
"2019-11-02 09:40:53",23
"2019-11-02 10:40:56",23
"2019-11-02 11:40:53",23
"2019-11-02 12:40:56",23
"2019-11-02 13:40:55",23
"2019-11-02 14:40:54",23
"2019-11-02 15:40:56",23
"2019-11-02 16:40:53",23
"2019-11-02 17:40:54",23
"2019-11-02 18:40:54",23
"2019-11-02 19:40:54",23
"2019-11-02 20:40:54",23
"2019-11-02 21:40:55",23
"2019-11-02 22:40:56",23
"2019-11-02 23:40:54",23
"2019-11-03 00:40:53",23
"2019-11-03 01:40:54",23
"2019-11-03 02:40:55",23
"2019-11-03 03:40:53",23
"2019-11-03 04:40:53",23
"2019-11-03 05:40:55",23
"2019-11-03 06:40:53",23
"2019-11-03 07:40:55",23
"2019-11-03 21:40:54",23
"2019-11-03 22:40:53",23
"2019-11-03 23:40:55",23
"2019-11-04 00:40:53",23
"2019-11-04 01:40:54",23
"2019-11-04 02:40:53",23
"2019-11-04 03:40:53",23
"2019-11-04 04:40:53",23
"2019-11-04 05:40:55",23
"2019-11-04 06:40:53",23
"2019-11-04 07:40:53",23
"2019-11-04 08:40:53",23
"2019-11-04 09:40:54",23
"2019-11-04 10:40:52",23
"2019-11-04 11:40:53",23
"2019-11-04 12:40:53",23
"2019-11-04 14:06:27",23
"2019-11-04 15:40:52",23
"2019-11-04 16:40:53",23
"2019-11-04 17:40:54",23
"2019-11-04 18:40:54",23
"2019-11-04 19:40:55",23
"2019-11-04 20:40:53",23
"2019-11-04 21:40:54",23
"2019-11-04 22:40:54",23
"2019-11-04 23:40:54",23
"2019-11-05 00:40:54",23
"2019-11-05 01:40:53",23
"2019-11-05 02:40:55",23
"2019-11-05 03:40:55",23
"2019-11-05 04:40:53",23
"2019-11-05 05:40:54",23
"2019-11-05 06:40:55",23
"2019-11-05 07:40:54",23
"2019-11-05 08:40:54",23
"2019-11-05 09:40:55",23
"2019-11-05 10:40:53",23
"2019-11-05 11:40:53",23
"2019-11-05 12:40:53",23
"2019-11-05 14:06:26",23
"2019-11-05 14:40:55",23
"2019-11-05 15:40:53",23
"2019-11-05 16:40:54",23
"2019-11-05 17:40:54",23
"2019-11-05 18:40:53",23
"2019-11-05 19:40:55",23
"2019-11-05 20:40:54",23
"2019-11-05 21:40:54",23
"2019-11-05 22:40:54",23
"2019-11-05 23:40:54",23
"2019-11-06 00:40:54",23
"2019-11-06 01:40:54",23
"2019-11-06 02:40:54",23
"2019-11-06 03:40:54",23
"2019-11-06 04:40:56",23
"2019-11-06 05:40:54",23
"2019-11-06 06:40:56",23
"2019-11-06 07:40:53",23
"2019-11-06 08:40:53",23
"2019-11-06 09:40:55",23
"2019-11-06 10:40:55",23
"2019-11-06 11:40:53",23
"2019-11-06 12:40:53",23
"2019-11-06 13:40:54",23
"2019-11-06 14:40:56",23
"2019-11-06 15:40:54",23
"2019-11-06 16:40:54",23
"2019-11-06 17:40:55",23
"2019-11-06 18:40:55",23
"2019-11-06 19:40:54",23
"2019-11-06 20:40:55",23
"2019-11-06 21:40:55",23
"2019-11-06 22:40:54",23
"2019-11-06 23:40:55",23
"2019-11-07 00:40:55",23
"2019-11-07 01:40:54",23
"2019-11-07 02:40:55",23
"2019-11-07 03:40:54",23
"2019-11-07 04:40:55",23
"2019-11-07 05:40:55",23
"2019-11-07 06:40:54",23
"2019-11-07 07:40:55",23
"2019-11-07 08:40:55",23
"2019-11-07 09:40:55",23
"2019-11-07 10:40:53",23
"2019-11-07 11:40:54",23
"2019-11-07 12:40:54",23
"2019-11-07 14:04:56",23
"2019-11-07 14:41:25",23
"2019-11-07 15:40:55",23
"2019-11-07 16:40:55",23
"2019-11-07 17:40:55",23
"2019-11-07 18:40:55",23
"2019-11-07 19:40:56",22
"2019-11-07 21:05:28",24
"2019-11-07 21:40:55",24
"2019-11-07 22:40:55",24
"2019-11-07 23:40:55",24
"2019-11-08 00:40:56",24
"2019-11-08 01:40:56",24
"2019-11-08 02:40:57",24
"2019-11-08 03:40:55",24
"2019-11-08 04:40:54",24
"2019-11-08 05:40:56",24
"2019-11-08 06:40:54",24
"2019-11-08 07:40:55",24
"2019-11-08 08:40:58",24
"2019-11-08 09:40:55",24
"2019-11-08 10:40:55",24
"2019-11-08 11:40:54",24
"2019-11-08 12:40:54",24
"2019-11-08 14:06:30",24
"2019-11-08 14:41:30",24
"2019-11-08 15:40:56",24
"2019-11-08 16:40:56",24
"2019-11-08 17:40:57",24
"2019-11-08 18:40:56",24
"2019-11-08 19:40:57",24
"2019-11-08 20:40:56",24
"2019-11-08 21:40:57",24
"2019-11-08 22:40:56",24
"2019-11-08 23:40:56",24
"2019-11-09 00:40:57",24
"2019-11-09 01:40:57",24
"2019-11-09 02:40:56",24
"2019-11-09 03:40:55",24
"2019-11-09 04:40:57",24
"2019-11-09 05:40:55",24
"2019-11-09 06:40:57",24
"2019-11-09 07:40:56",24
"2019-11-09 08:40:57",24
"2019-11-09 09:40:55",24
"2019-11-09 10:40:55",24
"2019-11-09 11:40:58",24
"2019-11-09 12:40:55",24
"2019-11-09 13:40:55",24
"2019-11-09 14:40:57",24
"2019-11-09 15:40:57",24
"2019-11-09 16:40:56",24
"2019-11-09 17:40:56",24
"2019-11-09 18:40:55",24
"2019-11-09 19:40:56",24
"2019-11-09 20:40:57",24
"2019-11-09 21:40:56",24
"2019-11-09 22:40:57",24
"2019-11-09 23:40:56",24
"2019-11-10 00:40:55",24
"2019-11-10 01:40:56",24
"2019-11-10 02:40:57",24
"2019-11-10 03:40:55",24
"2019-11-10 04:40:55",24
"2019-11-10 05:40:56",24
"2019-11-10 06:40:55",24
"2019-11-10 07:40:55",24
"2019-11-10 08:40:56",24
"2019-11-10 09:40:57",24
"2019-11-10 10:40:54",24
"2019-11-10 11:40:55",24
"2019-11-10 12:40:56",24
"2019-11-10 13:40:55",24
"2019-11-10 14:40:55",24
"2019-11-10 15:40:56",24
"2019-11-10 16:40:56",24
"2019-11-10 17:40:55",24
"2019-11-10 18:40:57",24
"2019-11-10 19:40:54",24
"2019-11-10 20:40:55",24
"2019-11-10 21:40:55",24
"2019-11-10 22:40:57",24
"2019-11-10 23:40:57",24
"2019-11-11 00:40:56",24
"2019-11-11 01:40:57",24
"2019-11-11 02:40:57",24
"2019-11-11 03:40:57",24
"2019-11-11 04:40:56",24
"2019-11-11 05:40:57",24
"2019-11-11 06:40:56",24
"2019-11-11 07:40:57",24
"2019-11-11 08:40:58",24
"2019-11-11 09:40:57",24
"2019-11-11 10:40:57",24
"2019-11-11 11:40:56",24
"2019-11-11 12:40:57",24
"2019-11-11 13:40:57",24
"2019-11-11 14:40:58",24
"2019-11-11 15:40:59",24
"2019-11-11 16:40:56",24
"2019-11-11 17:40:58",24
"2019-11-11 18:40:58",24
"2019-11-11 19:40:57",24
"2019-11-11 21:40:56",24
"2019-11-11 22:40:57",24
"2019-11-11 23:40:56",24
"2019-11-12 00:40:55",24
"2019-11-12 01:40:55",24
"2019-11-12 02:40:57",24
"2019-11-12 03:40:56",24
"2019-11-12 04:40:55",24
"2019-11-12 05:40:56",24
"2019-11-12 06:40:55",24
"2019-11-12 07:40:57",24
"2019-11-12 08:40:55",24
"2019-11-12 09:40:56",24
"2019-11-12 10:40:55",24
"2019-11-12 11:40:57",24
"2019-11-12 12:40:59",24
"2019-11-12 14:04:59",24
"2019-11-12 14:40:57",24
"2019-11-12 15:40:56",24
"2019-11-12 16:40:57",24
"2019-11-12 17:40:57",24
"2019-11-12 18:40:58",24
"2019-11-12 19:40:55",24
"2019-11-12 20:40:55",24
"2019-11-12 21:40:56",24
"2019-11-12 22:40:57",24
"2019-11-12 23:40:56",24
"2019-11-13 00:40:58",24
"2019-11-13 01:40:56",24
"2019-11-13 02:40:56",24
"2019-11-13 03:40:59",24
"2019-11-13 04:40:56",24
"2019-11-13 05:41:00",24
"2019-11-13 06:40:55",24
"2019-11-13 07:40:59",24
"2019-11-13 08:40:57",24
"2019-11-13 09:40:57",24
"2019-11-13 10:40:56",24
"2019-11-13 11:40:58",24
"2019-11-13 12:40:55",24
"2019-11-13 13:40:55",24
"2019-11-13 15:40:58",24
"2019-11-13 16:40:55",24
"2019-11-13 17:40:58",24
"2019-11-13 18:40:58",24
"2019-11-13 19:40:56",24
"2019-11-13 20:40:56",24
"2019-11-13 21:40:55",24
"2019-11-13 22:40:56",24
"2019-11-13 23:40:56",24
"2019-11-14 00:40:56",24
"2019-11-14 01:40:55",24
"2019-11-14 02:40:57",24
"2019-11-14 03:40:55",24
"2019-11-14 04:40:56",24
"2019-11-14 05:40:58",24
"2019-11-14 06:40:55",24
"2019-11-14 07:40:58",24
"2019-11-14 08:40:57",24
"2019-11-14 09:40:57",24
"2019-11-14 10:40:56",24
"2019-11-14 11:40:58",24
"2019-11-14 12:40:55",24
"2019-11-14 14:04:31",24
"2019-11-14 14:40:56",24
"2019-11-14 15:40:56",24
"2019-11-14 17:40:56",24
"2019-11-14 18:40:55",24
"2019-11-14 19:40:55",24
"2019-11-14 20:40:57",24
"2019-11-14 21:40:59",24
"2019-11-14 22:40:55",24
"2019-11-14 23:40:56",24
"2019-11-15 00:40:56",24
"2019-11-15 01:40:55",24
"2019-11-15 02:40:56",24
"2019-11-15 03:40:57",24
"2019-11-15 04:40:56",24
"2019-11-15 05:40:56",24
"2019-11-15 06:40:57",24
"2019-11-15 07:40:55",24
"2019-11-15 08:41:01",24
"2019-11-15 09:40:55",24
"2019-11-15 10:40:56",24
"2019-11-15 11:40:55",24
"2019-11-15 12:40:58",24
"2019-11-15 14:07:29",24
"2019-11-15 15:40:58",24
"2019-11-15 16:40:55",24
"2019-11-15 17:40:57",24
"2019-11-15 18:41:00",24
"2019-11-15 19:40:57",24
"2019-11-15 20:40:57",24
"2019-11-15 21:40:55",24
"2019-11-15 22:40:57",24
"2019-11-15 23:40:57",24
"2019-11-16 00:40:57",24
"2019-11-16 01:40:55",24
"2019-11-16 02:40:57",24
"2019-11-16 03:40:56",24
"2019-11-16 04:40:58",24
"2019-11-16 05:40:56",24
"2019-11-16 06:40:57",24
"2019-11-16 07:40:57",24
"2019-11-16 08:40:56",24
"2019-11-16 09:40:57",24
"2019-11-16 10:40:55",24
"2019-11-16 11:40:56",24
"2019-11-16 12:40:57",24
"2019-11-16 13:40:58",24
"2019-11-16 14:40:57",24
"2019-11-16 15:40:56",24
"2019-11-16 16:40:56",24
"2019-11-16 17:40:57",24
"2019-11-16 18:40:55",24
"2019-11-16 19:40:55",24
"2019-11-16 20:40:55",24
"2019-11-16 21:40:55",24
"2019-11-16 22:40:56",24
"2019-11-16 23:40:55",24
"2019-11-17 00:40:55",24
"2019-11-17 01:40:55",24
"2019-11-17 02:40:57",24
"2019-11-17 03:40:55",24
"2019-11-17 04:40:56",24
"2019-11-17 05:40:56",24
"2019-11-17 06:40:58",24
"2019-11-17 07:40:57",24
"2019-11-17 08:40:56",24
"2019-11-17 10:40:57",24
"2019-11-17 11:40:59",24
"2019-11-17 12:40:56",24
"2019-11-17 13:40:58",24
"2019-11-17 14:40:55",24
"2019-11-17 15:40:55",24
"2019-11-17 16:40:57",24
"2019-11-17 17:40:55",24
"2019-11-17 18:40:55",24
"2019-11-17 19:40:55",24
"2019-11-17 20:40:57",24
"2019-11-17 21:40:57",24
"2019-11-17 22:40:56",24
"2019-11-17 23:40:57",24
"2019-11-18 00:40:54",24
"2019-11-18 01:40:55",24
"2019-11-18 02:40:57",24
"2019-11-18 03:40:55",24
"2019-11-18 04:40:55",24
"2019-11-18 05:40:58",24
"2019-11-18 06:40:54",24
"2019-11-18 07:40:56",24
"2019-11-18 08:40:57",24
"2019-11-18 09:40:57",24
"2019-11-18 10:40:57",24
"2019-11-18 11:40:54",24
"2019-11-18 12:40:57",24
"2019-11-18 14:06:00",24
"2019-11-18 14:40:56",24
"2019-11-18 15:40:59",25
"2019-11-18 16:40:57",25
"2019-11-18 17:40:59",25
"2019-11-18 18:40:59",25
"2019-11-18 19:40:58",25
"2019-11-18 20:40:58",25
"2019-11-18 21:40:58",25
"2019-11-18 22:40:56",25
"2019-11-18 23:40:58",25
"2019-11-19 00:40:57",25
"2019-11-19 01:40:57",25
"2019-11-19 02:40:56",25
"2019-11-19 03:40:57",25
"2019-11-19 04:40:57",25
"2019-11-19 05:40:56",25
"2019-11-19 06:40:58",25
"2019-11-19 07:40:57",25
"2019-11-19 08:40:57",25
"2019-11-19 09:40:58",25
"2019-11-19 10:40:57",25
"2019-11-19 11:40:56",25
"2019-11-19 12:40:58",25
"2019-11-19 14:06:01",25
"2019-11-19 14:40:57",25
"2019-11-19 15:40:58",25
"2019-11-19 16:40:57",25
"2019-11-19 17:40:57",25
"2019-11-19 18:40:56",25
"2019-11-19 19:40:58",25
"2019-11-19 20:40:58",25
"2019-11-19 21:41:01",25
"2019-11-19 22:40:58",25
"2019-11-19 23:40:57",25
"2019-11-20 00:40:58",25
"2019-11-20 01:40:57",25
"2019-11-20 02:40:59",25
"2019-11-20 03:40:59",25
"2019-11-20 04:40:57",25
"2019-11-20 05:40:57",25
"2019-11-20 06:40:58",25
"2019-11-20 07:40:58",25
"2019-11-20 08:40:58",25
"2019-11-20 09:41:01",25
"2019-11-20 10:41:02",25
"2019-11-20 11:41:01",25
"2019-11-20 12:40:59",25
"2019-11-20 14:05:32",25
"2019-11-20 14:41:01",25
"2019-11-20 15:40:59",25
"2019-11-20 16:41:00",25
"2019-11-20 22:40:58",24
"2019-11-20 23:40:57",24
"2019-11-21 00:40:57",24
"2019-11-21 01:40:57",24
"2019-11-21 02:41:00",24
"2019-11-21 03:40:57",24
"2019-11-21 04:40:56",24
"2019-11-21 05:40:58",24
"2019-11-21 06:41:01",24
"2019-11-21 07:40:56",24
"2019-11-21 08:40:56",24
"2019-11-21 09:40:57",24
"2019-11-21 10:40:58",24
"2019-11-21 11:40:56",24
"2019-11-21 12:40:57",24
"2019-11-21 14:05:00",24
"2019-11-21 14:41:01",24
"2019-11-21 15:40:56",24
"2019-11-21 16:40:57",24
"2019-11-21 17:40:59",24
"2019-11-21 18:40:56",24
"2019-11-21 19:40:56",23
"2019-11-21 20:40:56",23
"2019-11-21 21:40:57",23
"2019-11-21 22:40:57",23
"2019-11-21 23:40:57",23
"2019-11-22 00:40:58",23
"2019-11-22 01:41:00",23
"2019-11-22 02:40:57",23
"2019-11-22 03:40:57",23
"2019-11-22 04:40:56",23
"2019-11-22 05:40:59",23
"2019-11-22 06:40:58",23
"2019-11-22 07:41:00",23
"2019-11-22 08:41:00",23
"2019-11-22 09:40:59",23
"2019-11-22 10:41:00",23
"2019-11-22 11:40:58",23
"2019-11-22 12:40:57",23
"2019-11-22 13:40:57",23
"2019-11-22 14:40:59",23
"2019-11-22 15:40:55",23
"2019-11-22 16:40:56",24
"2019-11-22 17:41:00",24
"2019-11-22 18:40:59",24
"2019-11-22 19:40:56",24
"2019-11-22 20:40:58",24
"2019-11-22 21:40:57",24
"2019-11-22 22:40:56",24
"2019-11-22 23:40:58",24
"2019-11-23 00:41:03",24
"2019-11-23 01:40:56",24
"2019-11-23 02:40:56",24
"2019-11-23 03:40:57",24
"2019-11-23 04:40:59",24
"2019-11-23 05:40:57",24
"2019-11-23 06:40:58",24
"2019-11-23 07:40:58",24
"2019-11-23 08:40:57",24
"2019-11-23 09:40:59",24
"2019-11-23 10:41:00",24
"2019-11-23 11:40:56",24
"2019-11-23 12:40:56",24
"2019-11-23 13:40:56",24
"2019-11-23 14:40:57",24
"2019-11-23 15:40:57",24
"2019-11-23 16:40:56",24
"2019-11-23 17:40:57",24
"2019-11-23 18:40:57",24
"2019-11-23 19:40:58",24
"2019-11-23 20:40:55",24
"2019-11-23 21:40:57",24
"2019-11-23 22:40:55",24
"2019-11-23 23:40:56",24
"2019-11-24 00:40:57",24
"2019-11-24 01:40:56",24
"2019-11-24 02:40:56",24
"2019-11-24 03:40:57",24
"2019-11-24 04:40:56",24
"2019-11-24 05:40:56",24
"2019-11-24 06:40:56",24
"2019-11-24 07:40:55",24
"2019-11-24 08:40:56",24
"2019-11-24 09:40:57",24
"2019-11-24 10:40:59",24
"2019-11-24 11:40:57",24
"2019-11-24 12:40:55",24
"2019-11-24 13:40:55",24
"2019-11-24 14:40:56",24
"2019-11-24 15:40:57",24
"2019-11-24 16:40:57",24
"2019-11-24 17:40:56",24
"2019-11-24 18:40:58",24
"2019-11-24 19:40:56",24
"2019-11-24 20:40:58",24
"2019-11-24 21:40:56",24
"2019-11-24 22:40:58",24
"2019-11-24 23:40:56",24
"2019-11-25 00:40:57",24
"2019-11-25 01:40:58",24
"2019-11-25 02:40:57",24
"2019-11-25 03:40:57",24
"2019-11-25 04:40:55",24
"2019-11-25 05:40:56",24
"2019-11-25 06:40:57",24
"2019-11-25 07:40:57",24
"2019-11-25 08:41:00",24
"2019-11-25 09:41:00",24
"2019-11-25 10:41:00",24
"2019-11-25 11:40:59",24
"2019-11-25 12:41:00",24
"2019-11-25 13:40:56",24
"2019-11-25 14:40:57",24
"2019-11-25 15:40:59",24
"2019-11-25 16:40:57",24
"2019-11-25 17:40:57",24
"2019-11-25 18:40:56",24
"2019-11-25 19:40:58",24
"2019-11-25 20:40:58",24
"2019-11-25 21:40:56",24
"2019-11-25 22:41:00",24
"2019-11-25 23:40:57",24
"2019-11-26 00:40:59",24
"2019-11-26 01:40:57",24
"2019-11-26 02:40:57",24
"2019-11-26 03:40:58",24
"2019-11-26 04:40:56",24
"2019-11-26 05:41:00",24
"2019-11-26 06:41:01",24
"2019-11-26 07:40:58",24
"2019-11-26 08:40:57",24
"2019-11-26 09:41:01",24
"2019-11-26 20:40:58",24
"2019-11-26 21:40:58",24
"2019-11-26 22:41:00",24
"2019-11-26 23:40:57",24
"2019-11-27 00:41:00",24
"2019-11-27 01:40:57",24
"2019-11-27 02:40:57",24
"2019-11-27 03:40:58",24
"2019-11-27 04:40:56",24
"2019-11-27 05:40:57",24
"2019-11-27 06:40:58",24
"2019-11-27 07:40:58",24
"2019-11-27 08:41:02",24
"2019-11-27 09:41:01",24
"2019-11-27 10:40:57",24
"2019-11-27 11:40:55",24
"2019-11-27 12:41:03",24
"2019-11-27 13:40:57",24
"2019-11-27 14:40:58",24
"2019-11-27 15:41:01",24
"2019-11-27 16:40:58",24
"2019-11-27 17:40:57",24
"2019-11-27 18:40:58",25
"2019-11-27 19:40:58",25
"2019-11-27 20:40:57",25
"2019-11-27 21:40:57",25
"2019-11-27 22:40:58",25
"2019-11-27 23:40:56",25
"2019-11-28 00:40:57",25
"2019-11-28 01:40:58",25
"2019-11-28 02:41:01",25
"2019-11-28 03:41:00",25
"2019-11-28 04:40:59",25
"2019-11-28 05:40:57",25
"2019-11-28 06:40:58",25
"2019-11-28 07:40:59",25
"2019-11-28 08:40:57",25
"2019-11-28 09:41:01",25
"2019-11-28 10:40:59",25
"2019-11-28 11:40:58",25
"2019-11-28 12:40:56",25
"2019-11-28 13:40:56",25
"2019-11-28 14:40:57",25
"2019-11-28 15:40:58",25
"2019-11-28 16:40:57",25
"2019-11-28 17:40:58",25
"2019-11-28 18:40:58",25
"2019-11-28 19:40:57",25
"2019-11-28 20:40:57",25
"2019-11-28 21:40:58",25
"2019-11-28 22:40:57",25
"2019-11-28 23:40:58",25
"2019-11-29 00:40:58",25
"2019-11-29 01:40:57",25
"2019-11-29 02:40:57",25
"2019-11-29 03:40:56",25
"2019-11-29 04:40:58",25
"2019-11-29 05:40:58",25
"2019-11-29 06:40:57",25
"2019-11-29 07:40:58",25
"2019-11-29 08:41:02",25
"2019-11-29 09:41:05",25
"2019-11-29 10:41:08",25
"2019-11-29 11:40:59",25
"2019-11-29 12:40:58",25
"2019-11-29 13:41:02",25
"2019-11-29 14:41:02",25
"2019-11-29 15:41:01",26
"2019-11-29 16:41:03",26
"2019-11-29 17:41:01",26
"2019-11-29 18:41:01",26
"2019-11-29 19:41:01",26
"2019-11-29 20:41:00",26
"2019-11-29 21:40:57",26
"2019-11-29 22:41:02",26
"2019-11-29 23:40:59",26
"2019-11-30 00:40:59",26
"2019-11-30 01:40:58",26
"2019-11-30 02:40:59",26
"2019-11-30 03:41:00",26
"2019-11-30 04:40:58",26
"2019-11-30 05:41:01",26
"2019-11-30 06:41:00",26
"2019-11-30 07:41:01",26
"2019-11-30 08:41:00",26
"2019-11-30 21:41:00",26
"2019-11-30 22:41:01",26
"2019-11-30 23:40:59",26
"2019-12-01 00:40:58",26
"2019-12-01 01:40:57",26
"2019-12-01 02:41:00",26
"2019-12-01 22:41:03",26
"2019-12-01 23:40:58",26
"2019-12-02 00:40:56",26
"2019-12-02 01:40:59",26
"2019-12-02 02:40:58",26
"2019-12-02 06:12:43",26
"2019-12-02 06:41:20",26
"2019-12-02 07:41:26",26
"2019-12-02 08:41:20",26
"2019-12-02 09:41:20",26
"2019-12-02 10:41:20",26
"2019-12-02 11:41:20",26
"2019-12-02 12:41:18",26
"2019-12-02 14:05:32",26
"2019-12-02 14:41:21",26
"2019-12-02 15:41:23",26
"2019-12-02 16:41:21",27
"2019-12-02 17:41:24",27
"2019-12-02 18:41:25",27
"2019-12-02 19:41:28",27
"2019-12-02 20:41:23",27
"2019-12-02 21:41:24",27
"2019-12-02 22:41:24",27
"2019-12-02 23:41:24",27
"2019-12-03 00:41:23",27
"2019-12-03 01:41:23",27
"2019-12-03 02:41:25",27
"2019-12-03 03:41:23",27
"2019-12-03 04:41:23",27
"2019-12-03 05:41:24",27
"2019-12-03 06:41:20",27
"2019-12-03 07:41:21",27
"2019-12-03 08:41:19",27
"2019-12-03 09:41:22",27
"2019-12-03 10:41:25",27
"2019-12-03 11:41:22",27
"2019-12-03 12:41:19",27
"2019-12-03 13:41:18",27
"2019-12-03 14:41:23",27
"2019-12-03 15:41:20",28
"2019-12-03 16:41:25",28
"2019-12-03 17:41:24",28
"2019-12-03 18:41:24",28
"2019-12-03 19:41:24",28
"2019-12-03 20:41:24",28
"2019-12-03 21:41:28",29
"2019-12-03 22:41:24",29
"2019-12-03 23:41:24",29
"2019-12-04 00:41:30",29
"2019-12-04 01:41:32",29
"2019-12-04 02:41:30",29
"2019-12-04 03:41:26",29
"2019-12-04 04:41:26",29
"2019-12-04 05:41:26",29
"2019-12-04 06:41:23",29
"2019-12-04 07:41:26",29
"2019-12-04 08:41:23",29
"2019-12-04 09:41:22",29
"2019-12-04 10:41:22",29
"2019-12-04 11:41:22",29
"2019-12-04 12:41:22",29
"2019-12-04 14:05:03",29
"2019-12-04 14:41:27",29
"2019-12-04 15:41:30",29
"2019-12-04 16:41:26",29
"2019-12-04 17:41:25",29
"2019-12-04 18:41:26",29
"2019-12-04 19:41:25",29
"2019-12-04 20:41:25",29
"2019-12-04 21:41:23",30
"2019-12-04 22:41:23",30
"2019-12-04 23:41:24",30
"2019-12-05 00:41:25",30
"2019-12-05 01:41:26",30
"2019-12-05 02:41:25",30
"2019-12-05 03:41:25",30
"2019-12-05 04:41:25",30
"2019-12-05 05:41:24",30
"2019-12-05 06:41:27",30
"2019-12-05 07:41:22",30
"2019-12-05 08:41:24",30
"2019-12-05 09:41:20",30
"2019-12-05 10:41:20",30
"2019-12-05 11:41:21",30
"2019-12-05 12:41:21",30
"2019-12-05 13:41:26",30
"2019-12-05 14:41:24",30
"2019-12-05 15:41:26",30
"2019-12-05 16:41:24",30
"2019-12-05 17:41:25",30
"2019-12-05 18:41:25",30
"2019-12-05 20:05:34",30
"2019-12-05 20:41:30",30
"2019-12-05 21:41:25",30
"2019-12-05 22:41:25",30
"2019-12-05 23:41:25",30
"2019-12-06 00:41:25",30
"2019-12-06 01:41:24",30
"2019-12-06 02:41:26",30
"2019-12-06 03:41:25",30
"2019-12-06 04:41:25",30
"2019-12-06 05:41:28",30
"2019-12-06 06:41:24",30
"2019-12-06 07:41:25",30
"2019-12-06 08:41:26",30
"2019-12-06 09:41:24",30
"2019-12-06 10:41:25",30
"2019-12-06 11:41:25",30
"2019-12-06 12:41:21",30
"2019-12-06 13:41:35",30
"2019-12-06 14:41:27",30
"2019-12-06 15:41:30",30
"2019-12-06 16:41:26",30
"2019-12-06 17:41:23",30
"2019-12-06 18:41:25",30
"2019-12-06 19:41:25",30
"2019-12-06 20:41:24",30
"2019-12-06 21:41:20",30
"2019-12-06 22:41:20",30
"2019-12-06 23:41:24",30
"2019-12-07 00:41:20",30
"2019-12-07 01:41:25",30
"2019-12-07 02:41:26",30
"2019-12-07 03:41:24",30
"2019-12-07 04:41:25",30
"2019-12-07 05:41:29",30
"2019-12-07 06:41:23",30
"2019-12-07 07:41:21",30
"2019-12-07 08:41:22",30
"2019-12-07 09:41:20",30
"2019-12-07 10:41:22",30
"2019-12-07 11:41:20",30
"2019-12-07 12:41:23",30
"2019-12-07 13:41:32",30
"2019-12-07 14:41:24",30
"2019-12-07 15:41:26",30
"2019-12-07 16:41:25",30
"2019-12-07 17:41:26",30
"2019-12-07 18:41:25",30
"2019-12-07 19:41:22",30
"2019-12-07 20:41:25",30
"2019-12-07 21:41:25",30
"2019-12-07 22:41:21",30
"2019-12-07 23:41:22",30
"2019-12-08 00:41:25",30
"2019-12-08 01:41:22",30
"2019-12-08 02:41:25",30
"2019-12-08 03:41:25",30
"2019-12-08 04:41:23",30
"2019-12-08 05:41:27",30
"2019-12-08 06:41:25",30
"2019-12-08 07:41:24",30
"2019-12-08 08:41:25",30
"2019-12-08 09:41:24",30
"2019-12-08 10:41:25",30
"2019-12-08 11:41:20",30
"2019-12-08 12:41:20",30
"2019-12-08 13:41:25",30
"2019-12-08 14:41:21",30
"2019-12-08 15:41:24",30
"2019-12-08 16:41:24",30
"2019-12-08 17:41:26",30
"2019-12-08 18:41:20",30
"2019-12-08 19:41:23",30
"2019-12-08 20:41:24",30
"2019-12-08 21:41:25",30
"2019-12-08 22:41:26",30
"2019-12-08 23:41:24",30
"2019-12-09 00:41:24",30
"2019-12-09 01:41:21",30
"2019-12-09 02:41:21",30
"2019-12-09 03:41:25",30
"2019-12-09 04:41:21",30
"2019-12-09 05:41:25",30
"2019-12-09 06:41:26",30
"2019-12-09 07:41:21",30
"2019-12-09 08:41:22",30
"2019-12-09 09:41:21",30
"2019-12-09 10:41:22",30
"2019-12-09 11:41:19",30
"2019-12-09 12:41:20",30
"2019-12-09 14:06:05",30
"2019-12-09 14:41:24",30
"2019-12-09 15:41:24",31
"2019-12-09 16:41:27",31
"2019-12-09 17:41:29",31
"2019-12-09 18:41:26",31
"2019-12-09 19:41:21",31
"2019-12-09 20:41:26",31
"2019-12-09 21:41:25",31
"2019-12-09 22:41:21",31
"2019-12-09 23:41:23",31
"2019-12-10 00:41:31",31
"2019-12-10 01:41:24",31
"2019-12-10 02:41:25",31
"2019-12-10 03:41:26",31
"2019-12-10 04:41:24",31
"2019-12-10 05:41:28",31
"2019-12-10 06:41:27",31
"2019-12-10 07:41:26",31
"2019-12-10 08:41:28",31
"2019-12-10 09:41:21",31
"2019-12-10 10:41:21",31
"2019-12-10 11:41:20",31
"2019-12-10 12:41:31",31
"2019-12-10 13:41:20",31
"2019-12-10 14:41:22",31
"2019-12-10 15:41:21",31
"2019-12-10 16:41:26",31
"2019-12-10 17:41:24",31
"2019-12-10 18:41:25",31
"2019-12-10 19:41:21",31
"2019-12-10 20:41:24",31
"2019-12-10 21:41:24",31
"2019-12-10 22:41:26",31
"2019-12-10 23:41:26",31
"2019-12-11 00:41:26",31
"2019-12-11 01:41:26",31
"2019-12-11 02:41:31",31
"2019-12-11 03:41:23",31
"2019-12-11 04:41:27",31
"2019-12-11 05:41:25",31
"2019-12-11 06:41:24",31
"2019-12-11 07:41:22",31
"2019-12-11 08:41:25",31
"2019-12-11 09:41:20",31
"2019-12-11 10:41:21",31
"2019-12-11 11:41:21",31
"2019-12-11 12:41:25",31
"2019-12-11 13:41:23",31
"2019-12-11 14:41:32",31
"2019-12-11 15:41:22",31
"2019-12-11 16:41:30",31
"2019-12-11 17:41:29",31
"2019-12-11 18:41:27",31
"2019-12-11 19:41:27",31
"2019-12-11 20:41:20",31
"2019-12-11 21:41:24",31
"2019-12-11 22:41:25",31
"2019-12-11 23:41:24",31
"2019-12-12 00:41:25",31
"2019-12-12 01:41:27",31
"2019-12-12 02:41:27",31
"2019-12-12 03:41:23",31
"2019-12-12 04:41:23",31
"2019-12-12 05:41:28",31
"2019-12-12 06:41:30",31
"2019-12-12 07:41:26",31
"2019-12-12 08:41:23",31
"2019-12-12 09:41:25",31
"2019-12-12 10:41:25",31
"2019-12-12 11:41:22",31
"2019-12-12 12:41:22",31
"2019-12-12 14:04:35",31
"2019-12-12 14:41:33",31
"2019-12-12 15:41:26",31
"2019-12-12 16:41:26",31
"2019-12-12 17:41:23",31
"2019-12-12 18:41:24",31
"2019-12-12 19:41:23",31
"2019-12-12 20:41:23",31
"2019-12-12 21:41:22",31
"2019-12-12 22:41:21",31
"2019-12-12 23:41:22",31
"2019-12-13 00:41:32",31
"2019-12-13 01:41:22",31
"2019-12-13 02:41:20",31
"2019-12-13 03:41:22",31
"2019-12-13 04:41:21",31
"2019-12-13 05:41:24",31
"2019-12-13 06:41:27",31
"2019-12-13 07:41:21",31
"2019-12-13 08:41:22",31
"2019-12-13 09:41:21",31
"2019-12-13 10:41:22",31
"2019-12-13 11:41:22",31
"2019-12-13 12:41:22",31
"2019-12-13 14:36:40",31
"2019-12-13 14:44:23",31
"2019-12-13 15:41:24",31
"2019-12-13 16:41:23",31
"2019-12-13 17:41:27",32
"2019-12-13 18:41:25",32
"2019-12-13 19:41:22",32
"2019-12-13 20:41:33",32
"2019-12-13 21:41:23",32
"2019-12-13 22:41:23",32
"2019-12-13 23:41:22",32
"2019-12-14 00:41:23",32
"2019-12-14 01:41:23",32
"2019-12-14 02:41:23",32
"2019-12-14 03:41:26",32
"2019-12-14 04:41:24",32
"2019-12-14 05:41:25",32
"2019-12-14 06:41:25",32
"2019-12-14 07:41:23",32
"2019-12-14 08:41:24",32
"2019-12-14 09:41:23",32
"2019-12-14 10:41:23",32
"2019-12-14 11:41:26",32
"2019-12-14 12:41:23",32
"2019-12-14 13:41:23",32
"2019-12-14 14:41:24",32
"2019-12-14 15:41:23",32
"2019-12-14 16:41:25",32
"2019-12-14 17:41:23",32
"2019-12-14 18:41:24",32
"2019-12-14 19:41:23",32
"2019-12-14 20:41:24",32
"2019-12-14 22:41:28",32
"2019-12-14 23:41:24",32
"2019-12-15 00:41:23",32
"2019-12-15 01:41:26",32
"2019-12-15 02:41:24",32
"2019-12-15 03:41:23",32
"2019-12-15 04:41:24",32
"2019-12-15 05:41:23",32
"2019-12-15 06:41:23",32
"2019-12-15 07:41:26",32
"2019-12-15 08:41:23",32
"2019-12-15 09:41:23",32
"2019-12-15 10:41:24",32
"2019-12-15 11:41:23",32
"2019-12-15 13:41:23",32
"2019-12-15 14:41:23",32
"2019-12-15 15:41:24",32
"2019-12-15 16:41:24",32
"2019-12-15 17:41:23",32
"2019-12-15 19:41:22",32
"2019-12-15 20:41:23",32
"2019-12-15 21:41:24",32
"2019-12-15 22:41:25",32
"2019-12-15 23:41:25",32
"2019-12-16 00:41:24",32
"2019-12-16 01:41:27",32
"2019-12-16 02:41:24",32
"2019-12-16 04:41:28",32
"2019-12-16 05:41:24",32
"2019-12-16 06:41:23",32
"2019-12-16 07:41:23",32
"2019-12-16 08:41:24",32
"2019-12-16 09:41:24",32
"2019-12-16 10:41:24",32
"2019-12-16 11:41:24",32
"2019-12-16 12:41:22",32
"2019-12-16 13:41:23",32
"2019-12-16 14:41:29",32
"2019-12-16 16:04:04",32
"2019-12-16 16:41:24",32
"2019-12-16 17:41:24",32
"2019-12-16 18:41:23",32
"2019-12-16 19:41:24",32
"2019-12-16 20:41:25",32
"2019-12-16 21:41:24",32
"2019-12-16 22:41:23",32
"2019-12-16 23:41:24",32
"2019-12-17 00:41:22",32
"2019-12-17 01:41:24",32
"2019-12-17 02:41:28",32
"2019-12-17 03:41:23",32
"2019-12-17 04:41:24",32
"2019-12-17 05:41:23",32
"2019-12-17 06:41:24",32
"2019-12-17 07:41:24",32
"2019-12-17 08:41:26",32
"2019-12-17 09:41:24",32
"2019-12-17 10:41:24",32
"2019-12-17 11:41:23",32
"2019-12-17 12:41:23",32
"2019-12-17 14:05:35",32
"2019-12-17 14:41:25",32
"2019-12-17 15:41:26",32
"2019-12-17 16:41:23",31
"2019-12-17 17:41:22",31
"2019-12-17 18:41:24",31
"2019-12-17 19:41:27",31
"2019-12-17 20:41:25",31
"2019-12-17 21:41:23",31
"2019-12-17 22:41:24",31
"2019-12-17 23:41:23",31
"2019-12-18 00:41:23",31
"2019-12-18 01:41:22",31
"2019-12-18 02:41:28",31
"2019-12-18 03:41:23",31
"2019-12-18 04:41:22",31
"2019-12-18 05:41:23",31
"2019-12-18 06:41:23",31
"2019-12-18 07:41:23",31
"2019-12-18 08:41:24",31
"2019-12-18 09:41:24",31
"2019-12-18 10:41:33",31
"2019-12-18 11:41:24",31
"2019-12-18 12:41:22",31
"2019-12-18 14:04:34",31
"2019-12-18 14:41:24",31
"2019-12-18 15:41:23",32
"2019-12-18 16:41:24",33
"2019-12-18 17:41:26",33
"2019-12-18 18:41:23",33
"2019-12-18 19:41:22",33
"2019-12-18 20:41:23",33
"2019-12-18 21:41:22",33
"2019-12-18 22:41:23",33
"2019-12-18 23:41:22",33
"2019-12-19 00:41:23",33
"2019-12-19 01:41:24",33
"2019-12-19 02:41:28",33
"2019-12-19 03:41:22",33
"2019-12-19 04:41:23",33
"2019-12-19 05:41:24",33
"2019-12-19 06:41:23",33
"2019-12-19 07:41:23",33
"2019-12-19 08:41:24",33
"2019-12-19 09:41:24",33
"2019-12-19 10:41:22",33
"2019-12-19 11:41:21",33
"2019-12-19 12:41:24",33
"2019-12-19 14:06:05",33
"2019-12-19 14:41:27",33
"2019-12-19 15:41:28",33
"2019-12-19 16:41:27",33
"2019-12-19 17:41:27",33
"2019-12-19 18:41:28",33
"2019-12-19 19:41:27",33
"2019-12-19 21:06:07",33
"2019-12-19 21:41:27",33
"2019-12-19 22:41:28",33
"2019-12-19 23:41:26",33
"2019-12-20 00:41:28",33
"2019-12-20 01:41:27",33
"2019-12-20 02:41:34",33
"2019-12-20 03:41:27",33
"2019-12-20 04:41:29",33
"2019-12-20 05:41:28",33
"2019-12-20 06:41:27",33
"2019-12-20 07:41:28",33
"2019-12-20 08:41:28",33
"2019-12-20 09:41:30",33
"2019-12-20 10:41:24",33
"2019-12-20 11:41:30",33
"2019-12-20 12:41:27",33
"2019-12-20 14:05:07",33
"2019-12-20 14:41:36",33
"2019-12-20 15:41:31",33
"2019-12-20 16:41:33",33
"2019-12-20 17:41:34",33
"2019-12-20 18:41:30",33
"2019-12-20 19:41:30",33
"2019-12-20 20:41:35",33
"2019-12-20 21:41:29",33
"2019-12-20 22:41:29",33
"2019-12-20 23:41:29",33
"2019-12-21 00:41:34",33
"2019-12-21 01:41:30",33
"2019-12-21 02:41:29",33
"2019-12-21 03:41:29",33
"2019-12-21 04:41:29",33
"2019-12-21 05:41:26",33
"2019-12-21 06:41:26",33
"2019-12-21 07:41:28",33
"2019-12-21 08:41:31",33
"2019-12-21 09:41:26",33
"2019-12-21 10:41:24",33
"2019-12-21 11:41:23",33
"2019-12-21 12:41:24",33
"2019-12-21 13:41:24",33
"2019-12-21 14:41:25",33
"2019-12-21 15:41:26",33
"2019-12-21 16:41:29",33
"2019-12-21 17:41:28",33
"2019-12-21 18:41:26",33
"2019-12-21 19:41:25",33
"2019-12-21 20:41:25",33
"2019-12-21 21:41:25",33
"2019-12-21 22:41:29",33
"2019-12-21 23:41:24",33
"2019-12-22 00:41:25",33
"2019-12-22 01:41:30",33
"2019-12-22 02:41:26",33
"2019-12-22 04:41:25",33
"2019-12-22 05:41:27",33
"2019-12-22 06:41:25",33
"2019-12-22 07:41:27",33
"2019-12-22 08:41:27",33
"2019-12-22 09:41:25",33
"2019-12-22 10:41:25",33
"2019-12-22 11:41:24",33
"2019-12-22 12:41:25",33
"2019-12-22 13:41:26",33
"2019-12-22 14:41:26",33
"2019-12-22 15:41:29",33
"2019-12-22 16:41:30",33
"2019-12-22 17:41:24",33
"2019-12-22 18:41:25",33
"2019-12-22 19:41:29",33
"2019-12-22 20:41:29",33
"2019-12-22 22:41:25",33
"2019-12-22 23:41:28",33
"2019-12-23 00:41:30",33
"2019-12-23 01:41:32",33
"2019-12-23 02:41:30",33
"2019-12-23 03:41:30",33
"2019-12-23 04:41:29",33
"2019-12-23 05:41:29",33
"2019-12-23 06:41:28",33
"2019-12-23 07:41:26",33
"2019-12-23 08:41:26",33
"2019-12-23 09:41:27",33
"2019-12-23 10:41:26",33
"2019-12-23 11:41:25",33
"2019-12-23 12:41:24",33
"2019-12-23 14:06:11",33
"2019-12-23 14:41:34",33
"2019-12-23 15:41:26",33
"2019-12-23 16:41:25",33
"2019-12-23 17:41:30",33
"2019-12-23 18:41:27",33
"2019-12-23 19:41:29",33
"2019-12-23 20:41:34",33
"2019-12-23 21:41:28",33
"2019-12-23 22:41:26",33
"2019-12-23 23:41:28",33
"2019-12-24 00:41:25",33
"2019-12-24 01:41:28",33
"2019-12-24 02:41:33",33
"2019-12-24 03:41:30",33
"2019-12-24 04:41:35",33
"2019-12-24 05:41:26",33
"2019-12-24 06:41:30",33
"2019-12-24 07:41:25",33
"2019-12-24 08:41:25",33
"2019-12-24 09:41:25",33
"2019-12-24 10:41:28",33
"2019-12-24 11:41:25",33
"2019-12-24 12:41:24",33
"2019-12-24 13:41:24",33
"2019-12-24 14:41:29",33
"2019-12-24 15:41:29",33
"2019-12-24 16:41:28",33
"2019-12-24 17:41:23",32
"2019-12-24 18:41:24",33
"2019-12-24 19:41:24",33
"2019-12-24 20:41:25",33
"2019-12-24 21:41:24",33
"2019-12-24 22:41:24",33
"2019-12-24 23:41:30",33
"2019-12-25 00:41:26",33
"2019-12-25 01:41:25",33
"2019-12-25 02:41:26",33
"2019-12-25 03:41:26",33
"2019-12-25 04:41:30",33
"2019-12-25 05:41:28",33
"2019-12-25 06:41:25",33
"2019-12-25 07:41:24",33
"2019-12-25 08:41:31",33
"2019-12-25 09:41:26",33
"2019-12-25 10:41:26",33
"2019-12-25 11:41:26",33
"2019-12-25 12:41:25",33
"2019-12-25 13:41:25",33
"2019-12-25 14:41:23",33
"2019-12-25 15:41:28",33
"2019-12-25 16:41:25",33
"2019-12-25 17:41:29",33
"2019-12-25 18:41:25",33
"2019-12-25 19:41:24",33
"2019-12-25 20:41:24",33
"2019-12-25 21:41:24",33
"2019-12-25 22:41:25",33
"2019-12-25 23:41:26",33
"2019-12-26 00:41:28",33
"2019-12-26 01:41:29",33
"2019-12-26 02:41:28",33
"2019-12-26 03:41:28",33
"2019-12-26 04:41:29",33
"2019-12-26 05:41:27",33
"2019-12-26 06:41:28",33
"2019-12-26 07:41:24",33
"2019-12-26 08:41:26",33
"2019-12-26 09:41:26",33
"2019-12-26 10:41:24",33
"2019-12-26 11:41:24",33
"2019-12-26 12:41:24",33
"2019-12-26 13:41:24",33
"2019-12-26 14:41:25",33
"2019-12-26 15:41:24",33
"2019-12-26 16:41:28",33
"2019-12-26 17:41:31",33
"2019-12-26 18:41:25",33
"2019-12-26 19:41:24",33
"2019-12-26 20:41:34",33
"2019-12-26 21:41:27",33
"2019-12-26 22:41:28",33
"2019-12-26 23:41:28",33
"2019-12-27 00:41:25",33
"2019-12-27 01:41:28",33
"2019-12-27 02:41:30",33
"2019-12-27 03:41:28",33
"2019-12-27 04:41:28",33
"2019-12-27 05:41:28",33
"2019-12-27 06:41:29",33
"2019-12-27 07:41:25",33
"2019-12-27 08:41:28",33
"2019-12-27 09:41:26",33
"2019-12-27 10:41:26",33
"2019-12-27 11:41:25",33
"2019-12-27 12:41:25",33
"2019-12-27 14:06:07",33
"2019-12-27 14:41:27",33
"2019-12-27 15:41:25",32
"2019-12-27 16:41:24",32
"2019-12-27 17:41:28",32
"2019-12-27 18:41:29",32
"2019-12-27 19:41:35",32
"2019-12-27 20:41:28",32
"2019-12-27 21:41:33",32
"2019-12-27 22:41:29",32
"2019-12-27 23:41:25",32
"2019-12-28 00:41:29",32
"2019-12-28 01:41:25",32
"2019-12-28 02:41:30",32
"2019-12-28 03:41:25",32
"2019-12-28 04:41:28",32
"2019-12-28 05:41:29",32
"2019-12-28 06:41:28",32
"2019-12-28 07:41:27",32
"2019-12-28 08:41:32",32
"2019-12-28 09:41:26",32
"2019-12-28 10:41:27",32
"2019-12-28 11:41:25",32
"2019-12-28 12:41:25",32
"2019-12-28 13:41:24",32
"2019-12-28 14:41:26",32
"2019-12-28 15:41:25",32
"2019-12-28 16:41:25",32
"2019-12-28 17:41:29",32
"2019-12-28 18:41:26",32
"2019-12-28 19:41:26",32
"2019-12-28 20:41:25",32
"2019-12-28 21:41:26",32
"2019-12-28 22:41:28",32
"2019-12-28 23:41:33",32
"2019-12-29 00:41:26",32
"2019-12-29 01:41:30",32
"2019-12-29 02:41:30",32
"2019-12-29 03:41:30",32
"2019-12-29 04:41:27",32
"2019-12-29 05:41:31",32
"2019-12-29 06:41:30",32
"2019-12-29 07:41:28",32
"2019-12-29 08:41:33",32
"2019-12-29 09:41:25",32
"2019-12-29 10:41:27",32
"2019-12-29 11:41:27",32
"2019-12-29 12:41:27",32
"2019-12-29 13:41:26",32
"2019-12-29 14:41:27",32
"2019-12-29 15:41:30",32
"2019-12-29 16:41:28",32
"2019-12-29 17:41:25",32
"2019-12-29 18:41:28",32
"2019-12-29 19:41:28",32
"2019-12-29 20:41:24",32
"2019-12-29 21:41:33",32
"2019-12-29 22:41:26",32
"2019-12-29 23:41:26",32
"2019-12-30 00:41:26",32
"2019-12-30 01:41:31",32
"2019-12-30 02:41:34",32
"2019-12-30 03:41:29",32
"2019-12-30 04:41:33",32
"2019-12-30 05:41:27",32
"2019-12-30 06:41:23",32
"2019-12-30 07:41:25",32
"2019-12-30 08:41:27",32
"2019-12-30 09:41:37",32
"2019-12-30 10:41:25",32
"2019-12-30 11:41:25",32
"2019-12-30 12:41:24",32
"2019-12-30 14:06:07",32
"2019-12-30 14:41:30",32
"2019-12-30 15:41:26",32
"2019-12-30 16:41:26",32
"2019-12-30 17:41:28",32
"2019-12-30 18:41:31",31
"2019-12-30 19:41:28",31
"2019-12-30 20:41:27",31
"2019-12-30 21:41:26",31
"2019-12-30 22:41:26",31
"2019-12-30 23:41:26",31
"2019-12-31 00:41:26",31
"2019-12-31 01:41:25",31
"2019-12-31 02:41:26",31
"2019-12-31 03:41:29",31
"2019-12-31 04:41:26",31
"2019-12-31 05:41:28",31
"2019-12-31 06:41:29",31
"2019-12-31 07:41:27",31
"2019-12-31 08:41:29",31
"2019-12-31 09:41:31",31
"2019-12-31 10:41:32",31
"2019-12-31 11:41:30",31
"2019-12-31 12:41:31",31
"2019-12-31 14:07:08",31
"2019-12-31 14:41:36",31
"2019-12-31 15:41:31",31
"2019-12-31 16:41:27",31
"2019-12-31 17:41:26",31
"2019-12-31 18:41:26",31
"2019-12-31 19:41:27",31
"2019-12-31 20:41:28",31
"2019-12-31 21:41:28",31
"2019-12-31 22:41:25",31
"2019-12-31 23:41:27",31
"2020-01-01 00:41:26",31
"2020-01-01 01:41:28",31
"2020-01-01 02:41:26",31
"2020-01-01 03:41:31",31
"2020-01-01 04:41:28",31
"2020-01-01 05:41:32",31
"2020-01-01 06:41:31",31
"2020-01-01 07:41:32",31
"2020-01-01 08:41:31",31
"2020-01-01 09:41:29",31
"2020-01-01 10:41:27",31
"2020-01-01 11:41:27",31
"2020-01-01 12:41:27",31
"2020-01-01 13:41:29",31
"2020-01-01 14:41:28",31
"2020-01-01 15:41:28",31
"2020-01-01 16:41:27",31
"2020-01-01 17:41:27",31
"2020-01-01 18:41:27",31
"2020-01-01 19:41:27",31
"2020-01-01 20:41:27",31
"2020-01-01 21:41:27",31
"2020-01-01 22:41:31",31
"2020-01-01 23:41:38",31
"2020-01-02 00:41:29",31
"2020-01-02 01:41:31",31
"2020-01-02 02:41:37",31
"2020-01-02 03:41:28",31
"2020-01-02 04:41:27",31
"2020-01-02 05:41:27",31
"2020-01-02 06:41:27",31
"2020-01-02 07:41:26",31
"2020-01-02 08:41:29",31
"2020-01-02 09:41:29",31
"2020-01-02 10:41:32",31
"2020-01-02 11:41:27",31
"2020-01-02 12:41:28",31
"2020-01-02 14:07:38",31
"2020-01-02 14:41:50",31
"2020-01-02 15:41:29",31
"2020-01-02 16:41:28",31
"2020-01-02 17:41:28",31
"2020-01-02 18:41:30",31
"2020-01-02 19:41:28",31
"2020-01-02 20:41:28",31
"2020-01-02 21:41:27",31
"2020-01-02 22:42:06",31
"2020-01-02 23:41:26",31
"2020-01-03 00:41:31",31
"2020-01-03 01:41:28",31
"2020-01-03 02:41:31",31
"2020-01-03 03:41:28",31
"2020-01-03 04:41:27",31
"2020-01-03 05:41:27",31
"2020-01-03 06:41:29",31
"2020-01-03 07:41:27",31
"2020-01-03 08:41:30",31
"2020-01-03 09:41:26",31
"2020-01-03 10:41:28",31
"2020-01-03 11:41:27",31
"2020-01-03 12:41:27",31
"2020-01-03 14:07:38",31
"2020-01-03 14:43:45",31
"2020-01-03 15:41:28",31
"2020-01-03 16:41:30",32
"2020-01-03 17:41:27",32
"2020-01-03 18:41:26",32
"2020-01-03 19:41:27",32
"2020-01-03 20:41:25",32
"2020-01-03 21:41:26",32
"2020-01-03 22:41:27",32
"2020-01-03 23:41:26",32
"2020-01-04 00:41:29",32
"2020-01-04 01:41:26",32
"2020-01-04 02:41:29",32
"2020-01-04 03:41:27",32
"2020-01-04 04:41:27",32
"2020-01-04 05:41:27",32
"2020-01-04 06:41:27",32
"2020-01-04 07:41:26",32
"2020-01-04 08:41:29",32
"2020-01-04 09:41:25",32
"2020-01-04 10:41:27",32
"2020-01-04 11:41:25",32
"2020-01-04 12:41:27",32
"2020-01-04 13:41:26",32
"2020-01-04 14:41:27",32
"2020-01-04 15:41:28",32
"2020-01-04 16:41:26",32
"2020-01-04 17:41:28",32
"2020-01-04 18:41:27",32
"2020-01-04 19:41:27",32
"2020-01-04 20:41:27",32
"2020-01-04 21:41:35",32
"2020-01-04 22:41:26",32
"2020-01-04 23:41:33",32
"2020-01-05 00:41:27",32
"2020-01-05 01:41:36",32
"2020-01-05 02:41:33",32
"2020-01-05 03:41:31",32
"2020-01-05 04:41:27",32
"2020-01-05 05:41:27",32
"2020-01-05 06:41:26",32
"2020-01-05 07:41:27",32
"2020-01-05 08:41:28",32
"2020-01-05 09:41:27",32
"2020-01-05 10:41:26",32
"2020-01-05 11:41:27",32
"2020-01-05 12:41:27",32
"2020-01-05 13:41:25",32
"2020-01-05 14:41:27",32
"2020-01-05 15:41:28",32
"2020-01-05 16:41:28",32
"2020-01-05 17:41:37",32
"2020-01-05 18:41:31",32
"2020-01-05 19:41:27",32
"2020-01-05 20:41:27",32
"2020-01-05 21:41:37",32
"2020-01-05 22:41:27",32
"2020-01-05 23:41:28",32
"2020-01-06 00:41:28",32
"2020-01-06 01:41:27",32
"2020-01-06 02:41:33",32
"2020-01-06 03:41:31",32
"2020-01-06 04:41:32",32
"2020-01-06 05:41:28",32
"2020-01-06 06:41:29",32
"2020-01-06 07:41:27",32
"2020-01-06 08:41:28",32
"2020-01-16 06:41:27",38
"2020-01-16 07:41:27",38
"2020-01-16 08:41:28",38
"2020-01-16 09:41:31",38
"2020-01-16 10:41:27",38
"2020-01-16 11:41:28",38
"2020-01-16 12:41:26",38
"2020-01-16 14:07:39",38
"2020-01-16 15:41:27",39
"2020-01-16 16:41:29",39
"2020-01-16 17:41:30",39
"2020-01-16 18:41:27",39
"2020-01-16 19:41:28",39
"2020-01-16 20:41:27",39
"2020-01-16 21:41:28",39
"2020-01-16 22:41:28",39
"2020-01-16 23:41:30",39
"2020-01-17 00:41:37",39
"2020-01-17 01:41:39",39
"2020-01-17 02:41:27",39
"2020-01-17 03:41:27",39
"2020-01-17 04:41:28",39
"2020-01-17 05:41:27",39
"2020-01-17 06:41:29",39
"2020-01-17 07:41:27",39
"2020-01-17 08:41:29",39
"2020-01-17 09:41:39",39
"2020-01-17 10:41:27",39
"2020-01-17 11:41:28",39
"2020-01-17 12:41:29",39
"2020-01-17 14:05:40",39
"2020-01-17 14:41:33",39
"2020-01-17 15:41:31",39
"2020-01-17 16:41:31",40
"2020-01-17 17:41:31",40
"2020-01-17 18:41:30",41
"2020-01-17 19:41:31",41
"2020-01-17 20:41:30",41
"2020-01-17 21:41:29",41
"2020-01-17 22:41:33",41
"2020-01-17 23:41:30",41
"2020-01-18 00:41:33",41
"2020-01-18 01:41:30",41
"2020-01-18 02:41:30",41
"2020-01-18 03:41:30",41
"2020-01-18 04:41:29",41
"2020-01-18 05:41:31",41
"2020-01-18 06:41:30",41
"2020-01-18 07:41:31",41
"2020-01-18 08:41:31",41
"2020-01-18 09:41:29",41
"2020-01-18 10:41:29",41
"2020-01-18 11:41:30",41
"2020-01-18 12:41:30",41
"2020-01-18 13:41:33",41
"2020-01-18 14:41:30",41
"2020-01-18 15:41:30",41
"2020-01-18 16:41:29",41
"2020-01-18 17:41:31",41
"2020-01-18 18:41:30",41
"2020-01-18 19:41:41",41
"2020-01-18 20:41:31",41
"2020-01-18 21:41:30",41
"2020-01-18 22:41:32",41
"2020-01-18 23:41:31",41
"2020-01-19 00:41:29",41
"2020-01-19 01:41:29",41
"2020-01-19 02:41:29",41
"2020-01-19 03:41:31",41
"2020-01-19 04:41:29",41
"2020-01-19 05:41:30",41
"2020-01-19 06:41:31",41
"2020-01-19 07:41:30",41
"2020-01-19 08:41:36",41
"2020-01-19 09:41:33",41
"2020-01-19 10:41:29",41
"2020-01-19 11:41:30",41
"2020-01-19 12:41:29",41
"2020-01-19 13:41:31",41
"2020-01-19 14:41:29",41
"2020-01-19 15:41:42",41
"2020-01-19 16:41:30",41
"2020-01-19 17:41:29",41
"2020-01-19 18:41:30",41
"2020-01-19 19:41:40",41
"2020-01-19 20:41:29",41
"2020-01-19 21:41:29",41
"2020-01-19 22:41:31",41
"2020-01-19 23:41:40",41
"2020-01-20 00:41:41",41
"2020-01-20 01:41:40",41
"2020-01-20 02:41:39",41
"2020-01-20 03:41:41",41
"2020-01-20 04:41:39",41
"2020-01-20 05:41:30",41
"2020-01-20 06:41:41",41
"2020-01-20 07:41:30",41
"2020-01-20 08:41:41",41
"2020-01-20 09:50:34",41
"2020-01-20 10:41:37",41
"2020-01-20 11:41:33",41
"2020-01-20 12:41:29",41
"2020-01-20 13:41:38",41
"2020-01-20 14:41:39",41
"2020-01-20 15:41:39",41
"2020-01-20 16:41:32",41
"2020-01-20 17:41:39",41
"2020-01-20 18:41:31",41
"2020-01-20 19:41:40",41
"2020-01-20 20:41:40",41
"2020-01-20 21:41:40",41
"2020-01-20 22:41:41",41
"2020-01-20 23:41:39",41
"2020-01-21 00:41:40",41
"2020-01-21 01:41:39",41
"2020-01-21 02:41:41",41
"2020-01-21 03:41:30",41
"2020-01-21 04:41:32",41
"2020-01-21 05:41:30",41
"2020-01-21 06:41:30",41
"2020-01-21 07:41:30",41
"2020-01-21 08:41:31",41
"2020-01-21 09:59:01",41
"2020-01-21 10:41:38",41
"2020-01-21 11:41:31",41
"2020-01-21 12:41:29",41
"2020-01-21 13:41:30",41
"2020-01-21 15:41:41",42
"2020-01-21 16:41:32",42
"2020-01-21 17:41:35",42
"2020-01-21 18:41:32",42
"2020-01-21 19:41:42",42
"2020-01-21 20:41:30",42
"2020-01-21 21:41:38",42
"2020-01-21 22:41:39",42
"2020-01-21 23:41:30",42
"2020-01-22 00:41:32",42
"2020-01-22 01:41:31",42
"2020-01-22 02:41:40",42
"2020-01-22 03:41:32",42
"2020-01-22 04:41:29",42
"2020-01-22 05:41:30",42
"2020-01-22 06:41:32",42
"2020-01-22 07:41:30",42
"2020-01-22 08:41:30",42
"2020-01-22 09:55:13",42
"2020-01-22 10:41:29",42
"2020-01-22 11:41:29",42
"2020-01-22 12:41:40",42
"2020-01-22 13:41:37",42
"2020-01-22 14:41:34",42
"2020-01-22 15:41:31",42
"2020-01-22 16:41:38",41
"2020-01-22 17:41:37",41
"2020-01-22 18:41:39",41
"2020-01-22 19:41:37",41
"2020-01-22 20:41:40",41
"2020-01-22 21:41:40",41
"2020-01-22 22:41:29",41
"2020-01-22 23:41:35",41
"2020-01-23 00:41:40",41
"2020-01-23 01:41:41",41
"2020-01-23 02:41:30",41
"2020-01-23 03:41:29",41
"2020-01-23 04:41:31",41
"2020-01-23 05:41:30",41
"2020-01-23 06:41:30",41
"2020-01-23 07:41:29",41
"2020-01-23 08:41:30",41
"2020-01-23 10:41:29",41
"2020-01-23 11:41:29",41
"2020-01-23 12:41:30",41
"2020-01-23 14:07:10",41
"2020-01-23 14:41:34",41
"2020-01-23 15:41:31",41
"2020-01-23 16:41:31",41
"2020-01-23 17:41:29",41
"2020-01-23 18:41:31",41
"2020-01-23 19:41:30",41
"2020-01-23 20:41:31",41
"2020-01-23 21:41:36",41
"2020-01-23 22:41:34",41
"2020-01-23 23:41:31",41
"2020-01-24 00:41:31",41
"2020-01-24 01:41:31",41
"2020-01-24 02:41:42",41
"2020-01-24 03:41:29",41
"2020-01-24 04:41:30",41
"2020-01-24 05:41:31",41
"2020-01-24 06:41:30",41
"2020-01-24 07:41:30",41
"2020-01-24 08:41:32",41
"2020-01-24 09:53:17",41
"2020-01-24 10:41:32",41
"2020-01-24 11:41:30",41
"2020-01-24 12:41:31",41
"2020-01-24 14:06:10",41
"2020-01-24 14:41:30",41
"2020-01-24 15:41:32",42
"2020-01-24 16:41:30",42
"2020-01-24 17:41:30",42
"2020-01-24 18:41:29",42
"2020-01-24 19:41:30",42
"2020-01-24 20:41:33",42
"2020-01-24 21:41:29",42
"2020-01-24 22:41:29",42
"2020-01-24 23:41:29",42
"2020-01-25 00:41:29",42
"2020-01-25 01:41:30",42
"2020-01-25 02:41:35",42
"2020-01-25 03:41:31",42
"2020-01-25 04:41:29",42
"2020-01-25 05:41:31",42
"2020-01-25 06:41:30",42
"2020-01-25 07:41:30",42
"2020-01-25 08:41:31",42
"2020-01-25 09:53:44",42
"2020-01-25 10:41:32",42
"2020-01-25 11:41:28",42
"2020-01-25 12:41:31",42
"2020-01-25 13:41:29",42
"2020-01-25 14:41:29",42
"2020-01-25 15:41:29",42
"2020-01-25 16:41:30",42
"2020-01-25 17:41:28",42
"2020-01-25 18:41:28",42
"2020-01-25 19:41:28",42
"2020-01-25 20:41:29",42
"2020-01-25 21:41:30",42
"2020-01-25 22:41:29",42
"2020-01-25 23:41:29",42
"2020-01-26 00:41:29",42
"2020-01-26 01:41:30",42
"2020-01-26 02:41:32",42
"2020-01-26 03:41:34",42
"2020-01-26 04:41:30",42
"2020-01-26 05:41:28",42
"2020-01-26 06:41:29",42
"2020-01-26 07:41:30",42
"2020-01-27 02:41:29",42
"2020-01-27 03:41:28",42
"2020-01-27 04:41:36",42
"2020-01-27 05:41:32",42
"2020-01-27 06:41:33",42
"2020-01-27 07:41:30",42
"2020-01-27 08:41:31",42
"2020-01-27 09:41:32",42
"2020-01-27 10:41:31",42
"2020-01-27 11:41:32",42
"2020-01-27 12:41:33",42
"2020-01-27 13:41:31",42
"2020-01-27 14:41:44",42
"2020-01-27 15:41:36",42
"2020-01-27 16:41:31",41
"2020-01-27 17:41:33",41
"2020-01-27 18:41:32",41
"2020-01-27 19:41:36",41
"2020-01-27 20:41:32",41
"2020-01-27 21:41:32",41
"2020-01-27 22:41:40",41
"2020-01-27 23:41:34",41
"2020-01-28 00:41:30",41
"2020-01-28 01:41:36",41
"2020-01-28 02:41:34",41
"2020-01-28 03:41:34",41
"2020-01-28 04:41:33",41
"2020-01-28 05:41:38",41
"2020-01-28 06:41:29",41
"2020-01-28 07:41:30",41
"2020-01-28 08:41:33",41
"2020-01-28 09:41:35",41
"2020-01-28 10:41:28",41
"2020-01-28 11:41:28",41
"2020-01-28 12:41:28",41
"2020-01-28 14:06:42",41
"2020-01-28 14:41:38",41
"2020-01-28 15:41:30",41
"2020-01-28 16:41:36",41
"2020-01-28 17:41:32",41
"2020-01-28 18:41:33",41
"2020-01-28 19:41:34",41
"2020-01-28 21:41:36",42
"2020-01-28 22:41:34",42
"2020-01-28 23:41:32",42
"2020-01-29 00:41:31",42
"2020-01-29 01:41:35",42
"2020-01-29 02:41:41",42
"2020-01-29 03:41:35",42
"2020-01-29 04:41:30",42
"2020-01-29 05:41:33",42
"2020-01-29 06:41:31",42
"2020-01-29 07:41:31",42
"2020-01-29 08:41:34",42
"2020-01-29 09:41:33",42
"2020-01-29 10:41:30",42
"2020-01-29 11:41:29",42
"2020-01-29 12:41:31",42
"2020-01-29 13:41:35",42
"2020-01-29 14:41:35",42
"2020-01-29 15:41:37",42
"2020-01-29 16:41:32",42
"2020-01-29 17:41:36",42
"2020-01-29 18:41:34",42
"2020-01-29 19:41:35",42
"2020-01-29 20:41:34",42
"2020-01-29 21:41:34",42
"2020-01-29 22:41:29",42
"2020-01-29 23:41:31",42
"2020-01-30 00:41:34",42
"2020-01-30 01:41:38",42
"2020-01-30 02:41:35",42
"2020-01-30 03:41:29",42
"2020-01-30 04:41:35",42
"2020-01-30 05:41:39",42
"2020-01-30 06:41:47",42
"2020-01-30 07:41:31",42
"2020-01-30 08:41:31",42
"2020-01-30 09:41:33",42
"2020-01-30 10:41:28",42
"2020-01-30 11:41:29",42
"2020-01-30 12:41:30",42
"2020-01-30 13:41:30",42
"2020-01-30 14:41:33",42
"2020-01-30 15:41:32",42
"2020-01-30 16:41:36",42
"2020-01-30 17:41:36",42
"2020-01-30 18:41:36",42
"2020-01-30 19:41:34",42
"2020-01-30 20:41:32",42
"2020-01-30 21:41:39",42
"2020-01-30 22:41:30",42
"2020-01-30 23:41:30",42
"2020-01-31 00:41:35",42
"2020-01-31 01:41:35",42
"2020-01-31 02:41:31",42
"2020-01-31 03:41:33",42
"2020-01-31 04:41:30",42
"2020-01-31 05:41:31",42
"2020-01-31 06:41:31",42
"2020-01-31 07:41:30",42
"2020-01-31 08:41:36",42
"2020-01-31 09:41:34",42
"2020-01-31 10:41:30",42
"2020-01-31 11:41:31",42
"2020-01-31 12:41:30",42
"2020-01-31 13:41:32",42
"2020-01-31 14:41:34",42
"2020-01-31 15:41:36",43
"2020-01-31 16:41:36",43
"2020-01-31 17:41:33",43
"2020-01-31 18:41:33",43
"2020-01-31 19:41:34",43
"2020-01-31 20:41:33",43
"2020-01-31 21:41:31",43
"2020-01-31 22:41:33",43
"2020-01-31 23:41:32",43
"2020-02-01 00:41:30",43
"2020-02-01 01:42:32",43
"2020-02-01 02:41:35",43
"2020-02-01 03:41:34",43
"2020-02-01 04:41:35",43
"2020-02-01 05:41:36",43
"2020-02-01 06:41:34",43
"2020-02-01 07:41:38",43
"2020-02-01 08:41:35",43
"2020-02-01 09:41:34",43
"2020-02-01 10:41:33",43
"2020-02-01 11:41:32",43
"2020-02-01 12:41:32",43
"2020-02-01 13:41:32",43
"2020-02-01 14:41:33",43
"2020-02-01 15:41:32",43
"2020-02-01 16:41:33",43
"2020-02-01 17:41:32",43
"2020-02-01 18:41:33",43
"2020-02-01 19:41:31",43
"2020-02-01 20:41:34",43
"2020-02-01 21:41:40",43
"2020-02-01 22:41:36",43
"2020-02-01 23:41:38",43
"2020-02-02 00:41:38",43
"2020-02-02 01:41:37",43
"2020-02-02 02:41:37",43
"2020-02-02 03:41:37",43
"2020-02-02 04:41:38",43
"2020-02-02 05:41:34",43
"2020-02-02 06:41:37",43
"2020-02-02 07:41:37",43
"2020-02-02 08:41:37",43
"2020-02-02 09:41:37",43
"2020-02-02 10:41:35",43
"2020-02-02 11:41:34",43
"2020-02-02 12:41:39",43
"2020-02-02 13:41:36",43
"2020-02-02 14:41:37",43
"2020-02-02 15:41:36",43
"2020-02-02 16:41:35",43
"2020-02-02 17:41:37",43
"2020-02-02 18:41:34",43
"2020-02-02 19:41:37",43
"2020-02-02 20:41:36",43
"2020-02-02 21:41:37",43
"2020-02-02 22:41:36",43
"2020-02-02 23:41:40",43
"2020-02-03 00:41:43",43
"2020-02-03 01:41:37",43
"2020-02-03 02:41:36",43
"2020-02-03 03:41:39",43
"2020-02-03 04:41:37",43
"2020-02-03 05:41:37",43
"2020-02-03 06:41:37",43
"2020-02-03 07:41:39",43
"2020-02-03 08:41:39",43
"2020-02-03 09:41:40",43
"2020-02-03 10:41:37",43
"2020-02-03 11:41:38",43
"2020-02-03 12:41:35",43
"2020-02-03 14:43:21",43
"2020-02-03 14:51:07",43
"2020-02-03 15:41:40",43
"2020-02-03 16:41:41",42
"2020-02-03 17:41:40",42
"2020-02-03 18:41:38",42
"2020-02-03 19:41:36",43
"2020-02-03 20:41:38",43
"2020-02-03 21:41:38",43
"2020-02-03 22:41:38",43
"2020-02-03 23:41:37",43
"2020-02-04 00:41:36",43
"2020-02-04 01:41:38",43
"2020-02-04 02:41:37",43
"2020-02-04 03:41:42",43
"2020-02-04 04:41:38",43
"2020-02-04 05:41:39",43
"2020-02-04 06:41:38",43
"2020-02-04 07:41:41",43
"2020-02-04 08:41:33",43
"2020-02-04 09:41:40",43
"2020-02-04 10:41:35",43
"2020-02-04 11:41:38",43
"2020-02-04 12:41:37",43
"2020-02-04 14:10:15",43
"2020-02-04 14:41:43",43
"2020-02-04 15:41:40",43
"2020-02-04 16:41:40",43
"2020-02-04 17:41:37",43
"2020-02-04 18:41:40",43
"2020-02-04 19:41:36",43
"2020-02-04 20:41:36",42
"2020-02-04 21:41:36",42
"2020-02-04 22:41:38",42
"2020-02-04 23:41:37",42
"2020-02-05 00:41:36",42
"2020-02-05 01:41:39",42
"2020-02-05 02:41:36",42
"2020-02-05 03:41:38",42
"2020-02-05 04:41:45",42
"2020-02-05 05:41:36",42
"2020-02-05 06:41:38",42
"2020-02-05 07:41:36",42
"2020-02-05 08:41:39",42
"2020-02-05 09:41:37",42
"2020-02-05 10:41:35",42
"2020-02-05 11:41:40",42
"2020-02-05 12:41:38",42
"2020-02-05 14:04:14",42
"2020-02-05 14:41:39",42
"2020-02-05 15:41:38",42
"2020-02-05 16:41:38",42
"2020-02-05 17:41:37",42
"2020-02-05 18:41:35",42
"2020-02-05 19:41:38",42
"2020-02-05 20:41:37",42
"2020-02-05 21:41:36",42
"2020-02-05 22:41:37",42
"2020-02-05 23:41:40",42
"2020-02-06 00:41:38",42
"2020-02-06 01:41:38",42
"2020-02-06 02:41:39",42
"2020-02-06 03:41:43",42
"2020-02-06 04:41:42",42
"2020-02-06 05:41:37",42
"2020-02-06 06:41:32",42
"2020-02-06 07:41:40",42
"2020-02-06 08:41:39",42
"2020-02-06 09:41:38",42
"2020-02-06 10:41:35",42
"2020-02-06 11:41:36",42
"2020-02-06 12:41:37",42
"2020-02-06 13:41:37",42
"2020-02-06 14:41:41",42
"2020-02-06 15:41:45",43
"2020-02-06 16:41:37",43
"2020-02-06 17:41:38",43
"2020-02-06 18:41:39",43
"2020-02-06 19:41:38",44
"2020-02-06 20:41:38",44
"2020-02-06 21:41:38",44
"2020-02-06 22:41:37",44
"2020-02-06 23:41:38",44
"2020-02-07 00:41:39",44
"2020-02-07 01:41:42",44
"2020-02-07 02:41:38",44
"2020-02-07 03:41:39",44
"2020-02-07 04:41:39",44
"2020-02-07 05:41:42",44
"2020-02-07 06:41:43",44
"2020-02-07 07:41:37",44
"2020-02-07 08:41:40",44
"2020-02-07 09:41:41",44
"2020-02-07 10:41:43",44
"2020-02-07 11:41:38",44
"2020-02-07 12:41:37",44
"2020-02-07 14:05:45",44
"2020-02-07 14:41:39",44
"2020-02-07 15:41:40",45
"2020-02-07 16:41:37",44
"2020-02-07 17:41:39",44
"2020-02-07 18:41:39",44
"2020-02-07 19:41:38",44
"2020-02-07 20:41:39",44
"2020-02-07 21:41:38",44
"2020-02-07 22:41:38",44
"2020-02-07 23:41:36",44
"2020-02-08 00:41:38",44
"2020-02-08 01:41:37",44
"2020-02-08 02:41:38",44
"2020-02-08 03:41:38",44
"2020-02-08 04:41:38",44
"2020-02-08 05:41:37",44
"2020-02-08 06:41:39",44
"2020-02-08 07:41:38",44
"2020-02-08 08:41:37",44
"2020-02-08 09:41:42",44
"2020-02-08 10:41:33",44
"2020-02-08 11:41:37",44
"2020-02-08 12:41:36",44
"2020-02-08 13:41:36",44
"2020-02-08 14:41:37",44
"2020-02-08 15:41:38",44
"2020-02-08 16:41:38",44
"2020-02-08 17:41:39",44
"2020-02-08 18:43:07",44
"2020-02-08 19:41:37",44
"2020-02-08 20:41:39",44
"2020-02-08 21:41:38",44
"2020-02-08 22:41:39",44
"2020-02-08 23:41:37",44
"2020-02-09 00:41:37",44
"2020-02-09 01:41:39",44
"2020-02-09 02:41:40",44
"2020-02-09 03:41:37",44
"2020-02-09 04:41:38",44
"2020-02-09 05:41:38",44
"2020-02-09 06:41:42",44
"2020-02-09 07:41:38",44
"2020-02-09 08:41:41",44
"2020-02-09 09:41:39",44
"2020-02-09 10:41:38",44
"2020-02-09 11:41:39",44
"2020-02-09 12:41:39",44
"2020-02-09 13:41:37",44
"2020-02-09 14:41:39",44
"2020-02-09 15:41:37",44
"2020-02-09 16:41:40",44
"2020-02-09 17:41:37",44
"2020-02-09 18:41:39",44
"2020-02-09 19:41:39",44
"2020-02-09 20:41:37",44
"2020-02-09 21:41:43",44
"2020-02-09 22:41:37",44
"2020-02-09 23:41:47",44
"2020-02-10 00:41:39",44
"2020-02-10 01:41:38",44
"2020-02-10 02:41:39",44
"2020-02-10 03:41:37",44
"2020-02-10 04:41:38",44
"2020-02-10 05:41:42",44
"2020-02-10 06:41:41",44
"2020-02-10 07:41:37",44
"2020-02-10 08:41:38",44
"2020-02-10 09:41:40",44
"2020-02-10 10:41:39",44
"2020-02-10 11:41:38",44
"2020-02-10 12:41:38",44
"2020-02-10 13:41:37",44
"2020-02-10 14:41:41",44
"2020-02-10 15:41:42",45
"2020-02-10 16:41:41",45
"2020-02-10 17:41:38",44
"2020-02-10 18:41:37",44
"2020-02-10 19:41:38",44
"2020-02-10 20:41:40",44
"2020-02-10 21:41:40",44
"2020-02-10 22:41:38",44
"2020-02-10 23:41:36",44
"2020-02-11 00:41:39",44
"2020-02-11 01:41:44",44
"2020-02-11 02:41:39",44
"2020-02-11 03:41:37",44
"2020-02-11 04:41:38",44
"2020-02-11 05:41:37",44
"2020-02-11 06:41:39",44
"2020-02-11 07:41:38",44
"2020-02-11 08:41:39",44
"2020-02-11 09:41:41",44
"2020-02-11 10:41:36",44
"2020-02-11 11:41:40",44
"2020-02-11 12:41:38",44
"2020-02-11 14:06:15",44
"2020-02-11 14:41:41",44
"2020-02-11 15:41:41",44
"2020-02-11 16:41:42",44
"2020-02-11 17:41:38",44
"2020-02-11 18:41:39",44
"2020-02-11 19:41:40",44
"2020-02-11 20:41:38",44
"2020-02-11 21:42:21",44
"2020-02-11 22:41:44",44
"2020-02-11 23:41:38",44
"2020-02-12 00:41:43",44
"2020-02-12 01:41:39",44
"2020-02-12 02:41:47",44
"2020-02-12 03:41:37",44
"2020-02-12 04:41:38",44
"2020-02-12 05:41:38",44
"2020-02-12 06:41:40",44
"2020-02-12 07:41:39",44
"2020-02-12 08:41:38",44
"2020-02-12 09:41:40",44
"2020-02-12 10:41:37",44
"2020-02-12 11:41:37",44
"2020-02-12 12:41:39",44
"2020-02-12 14:06:14",44
"2020-02-12 14:41:42",44
"2020-02-12 15:41:39",44
"2020-02-12 16:41:37",44
"2020-02-12 17:41:38",44
"2020-02-12 18:41:40",44
"2020-02-12 19:41:37",44
"2020-02-12 20:41:41",44
"2020-02-12 21:41:38",44
"2020-02-12 22:41:33",44
"2020-02-12 23:41:33",44
"2020-02-13 00:41:37",44
"2020-02-13 01:41:36",44
"2020-02-13 02:41:38",44
"2020-02-13 03:41:37",44
"2020-02-13 04:41:36",44
"2020-02-13 05:41:37",44
"2020-02-13 06:41:40",44
"2020-02-13 07:41:34",44
"2020-02-13 08:41:35",44
"2020-02-13 09:41:34",44
"2020-02-13 10:41:32",44
"2020-02-13 11:41:38",44
"2020-02-13 12:41:33",44
"2020-02-13 14:06:14",44
"2020-02-13 14:41:34",44
"2020-02-13 15:41:37",44
"2020-02-13 16:41:34",44
"2020-02-13 17:41:38",44
"2020-02-13 18:41:38",44
"2020-02-13 19:41:38",44
"2020-02-13 20:41:37",44
"2020-02-13 21:41:37",44
"2020-02-13 22:41:34",44
"2020-02-13 23:41:32",44
"2020-02-14 00:41:34",44
"2020-02-14 01:41:33",44
"2020-02-14 02:41:39",44
"2020-02-14 03:41:33",44
"2020-02-14 04:41:32",44
"2020-02-14 05:41:34",44
"2020-02-14 06:41:33",44
"2020-02-14 07:41:33",44
"2020-02-14 08:41:39",44
"2020-02-14 09:41:35",44
"2020-02-14 10:41:32",44
"2020-02-14 11:41:34",44
"2020-02-14 12:41:32",44
"2020-02-14 13:41:35",44
"2020-02-14 14:41:34",44
"2020-02-14 15:41:41",44
"2020-02-14 16:41:34",44
"2020-02-14 17:41:34",44
"2020-02-14 18:41:33",44
"2020-02-14 19:41:33",44
"2020-02-14 20:41:37",44
"2020-02-14 21:41:33",45
"2020-02-14 22:41:32",45
"2020-02-14 23:41:36",45
"2020-02-15 00:41:33",45
"2020-02-15 01:41:34",45
"2020-02-15 02:41:33",45
"2020-02-15 03:41:34",45
"2020-02-15 04:41:36",45
"2020-02-15 05:41:32",45
"2020-02-15 06:41:33",45
"2020-02-15 07:41:34",45
"2020-02-15 08:41:32",45
"2020-02-15 09:41:35",45
"2020-02-15 10:41:31",45
"2020-02-15 11:41:33",45
"2020-02-15 12:41:37",45
"2020-02-15 13:41:33",45
"2020-02-15 14:41:35",45
"2020-02-15 15:41:34",45
"2020-02-15 16:41:32",45
"2020-02-15 17:41:34",45
"2020-02-15 18:41:38",45
"2020-02-15 19:41:33",45
"2020-02-15 20:41:33",45
"2020-02-15 21:41:33",45
"2020-02-15 22:41:33",45
"2020-02-15 23:41:34",45
"2020-02-16 00:41:31",45
"2020-02-16 01:41:33",45
"2020-02-16 02:41:32",45
"2020-02-16 03:41:32",45
"2020-02-16 04:41:33",45
"2020-02-16 05:41:33",45
"2020-02-16 06:41:32",45
"2020-02-16 07:41:33",45
"2020-02-16 08:41:33",45
"2020-02-16 09:41:33",45
"2020-02-16 10:41:33",45
"2020-02-16 11:41:34",45
"2020-02-16 12:41:33",45
"2020-02-16 13:41:33",45
"2020-02-16 14:41:33",45
"2020-02-16 15:41:40",45
"2020-02-16 16:41:38",45
"2020-02-16 17:41:34",45
"2020-02-16 18:41:34",45
"2020-02-16 19:41:34",45
"2020-02-16 20:41:32",45
"2020-02-16 21:41:33",45
"2020-02-16 22:41:33",45
"2020-02-16 23:41:34",45
"2020-02-17 00:41:33",45
"2020-02-17 01:41:31",45
"2020-02-17 02:41:33",45
"2020-02-17 03:41:33",45
"2020-02-17 04:41:33",45
"2020-02-17 05:41:33",45
"2020-02-17 06:41:35",45
"2020-02-17 07:41:33",45
"2020-02-17 08:41:33",45
"2020-02-17 09:41:34",45
"2020-02-17 10:41:33",45
"2020-02-17 11:41:33",45
"2020-02-17 12:41:35",45
"2020-02-17 13:41:32",45
"2020-02-17 14:41:31",45
"2020-02-17 15:41:34",45
"2020-02-17 16:41:35",45
"2020-02-17 17:41:32",45
"2020-02-17 18:41:33",45
"2020-02-17 19:41:32",45
"2020-02-17 20:41:33",45
"2020-02-17 22:41:32",45
"2020-02-17 23:41:37",45
"2020-02-18 00:41:32",45
"2020-02-18 01:41:33",45
"2020-02-18 02:41:35",45
"2020-02-18 03:41:33",45
"2020-02-18 04:41:34",45
"2020-02-18 05:41:35",45
"2020-02-18 06:41:33",45
"2020-02-18 07:41:33",45
"2020-02-18 08:41:34",45
"2020-02-18 09:41:35",45
"2020-02-18 10:41:33",45
"2020-02-18 11:41:33",45
"2020-02-18 12:41:37",45
"2020-02-18 14:06:45",45
"2020-02-18 14:41:38",45
"2020-02-18 15:41:34",46
"2020-02-18 16:41:35",46
"2020-02-18 17:41:33",47
"2020-02-18 18:41:32",47
"2020-02-18 19:41:34",46
"2020-02-18 20:41:34",46
"2020-02-18 21:41:34",47
"2020-02-18 22:41:34",47
"2020-02-18 23:41:34",47
"2020-02-19 00:41:37",47
"2020-02-19 01:41:34",47
"2020-02-19 02:41:35",47
"2020-02-19 03:41:38",47
"2020-02-19 04:41:35",47
"2020-02-19 05:41:36",47
"2020-02-19 06:41:34",47
"2020-02-19 07:41:36",47
"2020-02-19 08:41:36",47
"2020-02-19 09:41:34",47
"2020-02-19 10:41:34",47
"2020-02-19 11:41:33",47
"2020-02-19 12:41:34",47
"2020-02-19 14:08:15",47
"2020-02-19 14:41:40",47
"2020-02-19 15:41:37",47
"2020-02-19 16:41:35",47
"2020-02-19 17:41:35",47
"2020-02-19 18:41:36",47
"2020-02-19 19:41:34",49
"2020-02-19 20:41:34",49
"2020-02-19 21:41:39",49
"2020-02-19 22:41:37",49
"2020-02-19 23:41:35",49
"2020-02-20 00:41:34",49
"2020-02-20 01:41:36",49
"2020-02-20 02:41:37",49
"2020-02-20 03:41:35",49
"2020-02-20 04:41:34",49
"2020-02-20 05:41:34",49
"2020-02-20 06:41:38",49
"2020-02-20 07:41:34",49
"2020-02-20 08:41:34",49
"2020-02-20 09:41:36",49
"2020-02-20 10:41:37",49
"2020-02-20 11:41:33",49
"2020-02-20 12:41:38",49
"2020-02-20 13:41:38",49
"2020-02-20 14:41:36",49
"2020-02-20 15:41:36",51
"2020-02-20 16:41:34",51
"2020-02-20 17:41:38",53
"2020-02-20 18:41:37",53
"2020-02-20 19:41:43",53
"2020-02-20 20:41:42",53
"2020-02-20 21:41:39",53
"2020-02-20 22:41:39",53
"2020-02-20 23:41:41",53
"2020-02-21 00:41:39",53
"2020-02-21 01:41:40",53
"2020-02-21 02:41:41",53
"2020-02-21 03:41:48",53
"2020-02-21 04:41:49",53
"2020-02-21 05:41:42",53
"2020-02-21 06:41:42",53
"2020-02-21 07:41:42",53
"2020-02-21 08:41:43",53
"2020-02-21 09:41:51",53
"2020-02-21 10:42:00",53
"2020-02-21 11:41:49",53
"2020-02-21 12:41:48",53
"2020-02-21 13:41:48",53
"2020-02-21 14:41:44",53
"2020-02-21 15:41:52",51
"2020-02-21 16:41:57",51
"2020-02-21 17:41:55",51
"2020-02-21 18:41:48",51
"2020-02-21 19:41:41",52
"2020-02-21 20:41:40",52
"2020-02-21 21:41:49",52
"2020-02-21 22:41:43",53
"2020-02-21 23:42:13",53
"2020-02-22 00:41:56",53
"2020-02-22 01:41:44",53
"2020-02-22 02:41:43",53
"2020-02-22 03:41:55",53
"2020-02-22 04:41:48",53
"2020-02-22 05:41:50",53
"2020-02-22 06:41:39",53
"2020-02-22 07:41:48",53
"2020-02-22 08:41:55",53
"2020-02-22 09:41:41",53
"2020-02-22 10:41:46",53
"2020-02-22 11:41:41",53
"2020-02-22 12:41:50",53
"2020-02-22 13:42:15",53
"2020-02-22 14:41:40",53
"2020-02-22 15:41:43",53
"2020-02-22 16:41:50",53
"2020-02-22 17:41:52",53
"2020-02-22 18:41:42",53
"2020-02-22 19:41:43",53
"2020-02-22 20:41:51",53
"2020-02-22 21:42:08",53
"2020-02-22 22:41:55",53
"2020-02-22 23:41:40",53
"2020-02-23 00:41:42",53
"2020-02-23 01:41:44",53
"2020-02-23 02:41:49",53
"2020-02-23 03:41:42",53
"2020-02-23 04:41:52",53
"2020-02-23 05:41:51",53
"2020-02-23 06:41:43",53
"2020-02-23 07:41:47",53
"2020-02-23 08:41:56",53
"2020-02-23 09:41:43",53
"2020-02-23 10:41:43",53
"2020-02-23 11:41:43",53
"2020-02-23 12:41:44",53
"2020-02-23 13:41:43",53
"2020-02-23 14:41:50",53
"2020-02-23 15:41:42",53
"2020-02-23 16:41:44",53
"2020-02-23 17:41:43",53
"2020-02-23 18:41:45",53
"2020-02-23 19:41:44",53
"2020-02-23 20:41:43",53
"2020-02-23 21:41:51",53
"2020-02-23 22:41:39",53
"2020-02-23 23:41:45",53
"2020-02-24 00:41:55",53
"2020-02-24 01:41:40",53
"2020-02-24 02:41:52",53
"2020-02-24 03:41:43",53
"2020-02-24 04:41:47",53
"2020-02-24 05:41:54",53
"2020-02-24 06:41:41",53
"2020-02-24 07:41:42",53
"2020-02-24 08:41:43",53
"2020-02-24 09:54:41",53
"2020-02-24 10:41:40",53
"2020-02-24 11:41:51",53
"2020-02-24 12:41:40",53
"2020-02-24 13:41:48",53
"2020-02-24 14:41:57",53
"2020-02-24 15:41:41",52
"2020-02-24 16:41:49",51
"2020-02-24 17:41:41",51
"2020-02-24 18:41:44",51
"2020-02-24 19:41:52",51
"2020-02-24 20:41:52",51
"2020-02-24 21:41:52",51
"2020-02-24 22:41:50",51
"2020-02-24 23:41:39",51
"2020-02-25 00:41:44",51
"2020-02-25 01:41:39",51
"2020-02-25 02:41:46",51
"2020-02-25 03:41:46",51
"2020-02-25 04:41:44",51
"2020-02-25 05:41:56",51
"2020-02-25 06:41:44",51
"2020-02-25 07:41:45",51
"2020-02-25 08:41:52",51
"2020-02-25 09:55:25",51
"2020-02-25 10:41:50",51
"2020-02-25 11:41:45",51
"2020-02-25 12:41:47",51
"2020-02-25 14:07:43",51
"2020-02-25 14:41:45",51
"2020-02-25 15:41:44",50
"2020-02-25 16:41:43",50
"2020-02-25 17:41:43",50
"2020-02-25 18:41:49",50
"2020-02-25 19:41:43",50
"2020-02-25 20:41:53",49
"2020-02-25 21:41:50",48
"2020-02-25 22:41:43",48
"2020-02-25 23:41:44",48
"2020-02-26 00:41:42",48
"2020-02-26 01:41:42",48
"2020-02-26 02:41:46",48
"2020-02-26 03:41:42",48
"2020-02-26 04:41:54",48
"2020-02-26 05:41:51",48
"2020-02-26 06:41:51",48
"2020-02-26 07:41:56",48
"2020-02-26 08:41:50",48
"2020-02-26 09:41:46",48
"2020-02-26 10:41:44",48
"2020-02-26 11:41:50",48
"2020-02-26 12:41:42",48
"2020-02-26 13:41:49",48
"2020-02-26 14:41:51",48
"2020-02-26 15:41:54",51
"2020-02-26 16:41:43",51
"2020-02-26 17:41:46",54
"2020-02-26 18:41:43",55
"2020-02-26 19:41:51",56
"2020-02-26 20:41:49",58
"2020-02-26 21:41:50",56
"2020-02-26 22:41:48",56
"2020-02-26 23:41:51",56
"2020-02-27 00:41:44",56
"2020-02-27 01:41:43",56
"2020-02-27 02:41:39",56
"2020-02-27 03:41:52",56
"2020-02-27 04:41:40",56
"2020-02-27 05:41:45",56
"2020-02-27 06:41:42",56
"2020-02-27 07:41:43",56
"2020-02-27 08:41:48",56
"2020-02-27 09:41:46",56
"2020-02-27 10:41:52",56
"2020-02-27 11:41:46",56
"2020-02-27 12:41:51",56
"2020-02-27 14:06:14",56
"2020-02-27 14:41:59",56
"2020-02-27 15:41:50",55
"2020-02-27 16:41:51",55
"2020-02-27 17:41:44",55
"2020-02-27 18:41:50",55
"2020-02-27 19:41:40",55
"2020-02-27 20:41:44",54
"2020-02-27 21:41:44",54
"2020-02-27 22:41:49",54
"2020-02-27 23:41:42",54
"2020-02-28 00:41:53",54
"2020-02-28 01:41:42",54
"2020-02-28 02:41:42",54
"2020-02-28 03:41:52",54
"2020-02-28 04:41:55",54
"2020-02-28 05:41:51",54
"2020-02-28 06:41:44",54
"2020-02-28 07:41:53",54
"2020-02-28 08:41:56",54
"2020-02-28 09:41:54",54
"2020-02-28 10:41:43",54
"2020-02-28 11:41:47",54
"2020-02-28 12:41:49",54
"2020-02-28 14:06:47",54
"2020-02-28 14:41:46",54
"2020-02-28 15:41:43",54
"2020-02-28 16:41:45",55
"2020-02-28 17:41:45",55
"2020-02-28 18:41:44",55
"2020-02-28 19:41:51",55
"2020-02-28 20:41:41",54
"2020-02-28 21:41:42",54
"2020-02-28 22:41:51",54
"2020-02-28 23:41:42",54
"2020-02-29 00:41:42",54
"2020-02-29 01:41:42",54
"2020-02-29 02:41:45",54
"2020-02-29 03:41:41",54
"2020-02-29 04:41:44",54
"2020-02-29 05:41:56",54
"2020-02-29 06:41:50",54
"2020-02-29 07:42:10",54
"2020-02-29 08:42:16",54
"2020-02-29 09:42:08",54
"2020-02-29 10:41:42",54
"2020-02-29 11:41:41",54
"2020-02-29 12:42:08",54
"2020-02-29 13:42:09",54
"2020-02-29 14:41:43",54
"2020-02-29 15:41:43",54
"2020-02-29 16:41:52",54
"2020-02-29 17:41:52",54
"2020-02-29 18:41:44",54
"2020-02-29 19:41:43",54
"2020-02-29 20:41:41",54
"2020-02-29 21:41:48",54
"2020-02-29 22:42:19",54
"2020-02-29 23:42:06",54
"2020-03-01 00:42:08",54
"2020-03-01 01:42:08",54
"2020-03-01 02:41:46",54
"2020-03-01 03:42:08",54
"2020-03-01 04:41:43",54
"2020-03-01 05:41:51",54
"2020-03-01 06:41:44",54
"2020-03-01 07:41:50",54
"2020-03-01 08:41:42",54
"2020-03-01 09:42:08",54
"2020-03-01 10:42:07",54
"2020-03-01 11:41:48",54
"2020-03-01 12:41:51",54
"2020-03-01 13:41:43",54
"2020-03-01 14:41:41",54
"2020-03-01 15:42:08",54
"2020-03-01 16:41:52",54
"2020-03-01 17:42:07",54
"2020-03-01 18:42:10",54
"2020-03-01 19:42:10",54
"2020-03-01 20:42:09",54
"2020-03-01 21:41:43",54
"2020-03-01 22:41:44",54
"2020-03-01 23:42:09",54
"2020-03-02 00:41:40",54
"2020-03-02 01:41:52",54
"2020-03-02 02:42:08",54
"2020-03-02 03:42:18",54
"2020-03-02 04:41:55",54
"2020-03-02 05:42:10",54
"2020-03-02 07:41:42",54
"2020-03-02 08:42:07",54
"2020-03-02 09:42:08",54
"2020-03-02 10:41:50",54
"2020-03-02 11:41:42",54
"2020-03-02 12:41:49",54
"2020-03-02 13:42:08",54
"2020-03-02 18:43:15",53
"2020-03-03 00:41:52",54
"2020-03-03 01:41:58",54
"2020-03-03 02:41:53",54
"2020-03-03 03:41:59",54
"2020-03-03 04:42:10",54
"2020-03-03 05:43:55",54
"2020-03-03 06:42:11",54
"2020-03-03 07:41:52",54
"2020-03-03 08:42:21",54
"2020-03-03 09:42:24",54
"2020-03-03 10:41:53",54
"2020-03-03 11:42:29",54
"2020-03-03 12:41:50",54
"2020-03-03 13:42:23",54
"2020-03-03 14:42:23",54
"2020-03-03 16:42:30",54
"2020-03-03 17:42:24",56
"2020-03-03 18:41:43",56
"2020-03-03 19:41:43",56
"2020-03-03 20:41:53",57
"2020-03-03 21:41:51",57
"2020-03-03 22:42:32",57
"2020-03-03 23:42:09",57
"2020-03-04 00:42:17",57
"2020-03-04 01:42:11",57
"2020-03-04 02:41:46",57
"2020-03-04 03:41:52",57
"2020-03-04 04:42:23",57
"2020-03-04 05:41:47",57
"2020-03-04 06:42:14",57
"2020-03-04 07:41:50",57
"2020-03-04 08:42:11",57
"2020-03-04 09:41:55",57
"2020-03-04 10:41:43",57
"2020-03-04 11:42:18",57
"2020-03-04 12:42:18",57
"2020-03-04 13:41:44",57
"2020-03-04 14:41:43",57
"2020-03-04 15:42:23",57
"2020-03-04 16:41:44",57
"2020-03-04 17:41:51",57
"2020-03-04 18:42:09",57
"2020-03-04 19:42:13",56
"2020-03-04 20:42:12",57
"2020-03-04 21:41:43",57
"2020-03-04 22:42:10",57
"2020-03-04 23:41:47",57
"2020-03-05 00:41:49",57
"2020-03-05 01:41:54",57
"2020-03-05 02:41:44",57
"2020-03-05 03:41:45",57
"2020-03-05 04:41:52",57
"2020-03-05 05:41:53",57
"2020-03-05 06:41:45",57
"2020-03-05 07:41:45",57
"2020-03-05 08:42:25",57
"2020-03-05 09:41:54",57
"2020-03-05 10:41:44",57
"2020-03-05 11:41:51",57
"2020-03-05 12:41:52",57
"2020-03-05 13:41:54",57
"2020-03-05 14:42:10",57
"2020-03-05 15:41:53",58
"2020-03-05 16:42:11",58
"2020-03-05 17:41:44",58
"2020-03-05 18:41:47",57
"2020-03-05 19:41:45",58
"2020-03-05 20:41:44",58
"2020-03-05 21:41:43",58
"2020-03-05 22:42:11",58
"2020-03-05 23:42:12",58
"2020-03-06 00:41:43",58
"2020-03-06 01:41:45",58
"2020-03-06 02:42:12",58
"2020-03-06 03:42:11",58
"2020-03-06 04:42:12",58
"2020-03-06 05:42:12",58
"2020-03-06 06:42:18",58
"2020-03-06 07:42:11",58
"2020-03-06 08:41:49",58
"2020-03-06 09:42:15",58
"2020-03-06 10:41:47",58
"2020-03-06 11:42:19",58
"2020-03-06 12:41:49",58
"2020-03-06 13:41:41",58
"2020-03-06 14:42:23",58
"2020-03-06 15:41:51",58
"2020-03-06 16:41:51",58
"2020-03-06 17:41:48",58
"2020-03-06 18:41:43",58
"2020-03-06 19:41:50",59
"2020-03-06 20:41:44",59
"2020-03-06 21:41:44",59
"2020-03-06 22:41:43",59
"2020-03-06 23:41:52",59
"2020-03-07 00:41:44",59
"2020-03-07 01:41:52",59
"2020-03-07 02:41:45",59
"2020-03-07 03:42:19",59
"2020-03-07 04:42:19",59
"2020-03-07 05:42:12",59
"2020-03-07 06:42:12",59
"2020-03-07 07:41:56",59
"2020-03-07 08:42:10",59
"2020-03-07 09:41:49",59
"2020-03-07 10:41:53",59
"2020-03-07 11:42:10",59
"2020-03-07 12:41:51",59
"2020-03-07 13:41:44",59
"2020-03-07 14:41:46",59
"2020-03-07 15:41:46",59
"2020-03-07 16:41:44",59
"2020-03-07 17:41:53",59
"2020-03-07 18:41:46",59
"2020-03-07 19:41:47",59
"2020-03-07 20:42:13",59
"2020-03-07 21:42:20",59
"2020-03-07 22:42:12",59
"2020-03-07 23:42:11",59
"2020-03-08 00:41:45",59
"2020-03-08 01:41:54",59
"2020-03-08 02:41:56",59
"2020-03-08 03:42:12",59
"2020-03-08 04:42:11",59
"2020-03-08 05:42:14",59
"2020-03-08 06:41:59",59
"2020-03-08 07:42:12",59
"2020-03-08 08:42:14",59
"2020-03-08 09:41:55",59
"2020-03-08 10:42:15",59
"2020-03-08 11:41:51",59
"2020-03-08 12:42:20",59
"2020-03-08 13:42:21",59
"2020-03-08 14:41:42",59
"2020-03-08 15:42:16",59
"2020-03-08 16:41:44",59
"2020-03-08 17:41:48",59
"2020-03-08 18:42:22",59
"2020-03-08 19:42:02",59
"2020-03-08 20:41:54",59
"2020-03-08 21:41:43",59
"2020-03-08 22:42:10",59
"2020-03-08 23:41:45",59
"2020-03-09 00:42:14",59
"2020-03-09 01:41:44",59
"2020-03-09 02:42:14",59
"2020-03-09 03:42:13",59
"2020-03-09 04:42:14",59
"2020-03-09 05:41:45",59
"2020-03-09 06:41:45",59
"2020-03-09 07:41:45",59
"2020-03-09 08:41:44",59
"2020-03-09 09:41:52",59
"2020-03-09 10:42:09",59
"2020-03-09 11:42:11",59
"2020-03-09 12:41:58",59
"2020-03-09 13:41:47",59
"2020-03-09 14:42:20",59
"2020-03-09 15:41:59",59
"2020-03-09 16:41:51",59
"2020-03-09 17:41:44",59
"2020-03-09 18:41:44",60
"2020-03-09 19:41:44",60
"2020-03-09 20:41:45",60
"2020-03-09 21:42:10",60
"2020-03-09 22:42:09",60
"2020-03-09 23:42:17",60
"2020-03-10 00:41:41",60
"2020-03-10 01:42:10",60
"2020-03-10 02:41:52",60
"2020-03-10 03:42:20",60
"2020-03-10 04:41:52",60
"2020-03-10 06:42:18",60
"2020-03-10 07:42:18",60
"2020-03-10 08:41:47",60
"2020-03-10 09:42:09",60
"2020-03-10 10:42:09",60
"2020-03-10 11:42:10",60
"2020-03-10 12:41:52",60
"2020-03-10 13:41:55",60
"2020-03-10 14:42:20",60
"2020-03-10 15:42:18",60
"2020-03-10 16:41:42",60
"2020-03-10 17:42:11",60
"2020-03-10 18:42:11",60
"2020-03-10 19:42:12",60
"2020-03-10 20:42:41",60
"2020-03-10 21:42:19",60
"2020-03-10 22:42:11",60
"2020-03-10 23:41:50",60
"2020-03-11 00:42:14",60
"2020-03-11 01:42:17",60
"2020-03-11 02:42:20",60
"2020-03-11 03:41:52",60
"2020-03-11 04:41:52",60
"2020-03-11 05:42:19",60
"2020-03-11 06:42:15",60
"2020-03-11 07:41:43",60
"2020-03-11 08:41:53",60
"2020-03-11 09:41:41",60
"2020-03-11 10:41:44",60
"2020-03-11 11:42:12",60
"2020-03-11 12:42:19",60
"2020-03-11 13:42:12",60
"2020-03-11 14:41:51",60
"2020-03-11 15:41:45",60
"2020-03-11 16:42:16",60
"2020-03-11 17:41:51",60
"2020-03-11 18:41:42",60
"2020-03-11 19:42:18",60
"2020-03-11 20:42:19",60
"2020-03-11 21:41:51",60
"2020-03-11 22:41:52",60
"2020-03-11 23:41:57",60
"2020-03-12 00:41:42",60
"2020-03-12 01:42:13",60
"2020-03-12 02:41:50",60
"2020-03-12 03:42:10",60
"2020-03-12 04:42:17",60
"2020-03-12 05:41:51",60
"2020-03-12 06:41:46",60
"2020-03-12 07:41:48",60
"2020-03-12 08:42:16",60
"2020-03-12 09:42:00",60
"2020-03-12 10:42:13",60
"2020-03-12 11:42:11",60
"2020-03-12 12:42:09",60
"2020-03-12 13:42:18",60
"2020-03-12 14:41:44",60
"2020-03-12 15:41:41",61
"2020-03-12 16:41:45",60
"2020-03-12 17:41:42",60
"2020-03-12 18:42:19",60
"2020-03-12 19:41:52",60
"2020-03-12 20:41:45",60
"2020-03-12 21:42:20",60
"2020-03-12 22:41:42",60
"2020-03-12 23:42:22",60
"2020-03-13 00:42:21",60
"2020-03-13 01:41:43",60
"2020-03-13 02:42:11",60
"2020-03-13 03:42:12",60
"2020-03-13 04:41:50",60
"2020-03-13 05:41:53",60
"2020-03-13 06:42:23",60
"2020-03-13 07:42:24",60
"2020-03-13 08:42:27",60
"2020-03-13 09:42:28",60
"2020-03-13 10:41:52",60
"2020-03-13 11:42:08",60
"2020-03-13 13:06:16",60
"2020-03-13 13:41:55",60
"2020-03-13 14:41:53",60
"2020-03-13 15:41:54",60
"2020-03-13 16:42:12",61
"2020-03-13 17:42:08",62
"2020-03-13 18:42:20",62
"2020-03-13 19:42:12",62
"2020-03-13 20:41:48",62
"2020-03-13 21:41:52",62
"2020-03-13 22:41:46",62
"2020-03-13 23:42:09",62
"2020-03-14 00:41:54",62
"2020-03-14 01:42:18",62
"2020-03-14 02:42:14",62
"2020-03-14 03:41:52",62
"2020-03-14 04:42:20",62
"2020-03-14 05:42:15",62
"2020-03-14 06:41:55",62
"2020-03-14 07:42:21",62
"2020-03-14 08:42:13",62
"2020-03-14 09:42:13",62
"2020-03-14 10:41:51",62
"2020-03-14 11:41:47",62
"2020-03-14 12:41:51",62
"2020-03-14 13:41:47",62
"2020-03-14 14:42:11",62
"2020-03-14 15:41:45",62
"2020-03-14 16:42:11",62
"2020-03-14 17:41:53",62
"2020-03-14 18:42:13",62
"2020-03-14 19:41:54",62
"2020-03-14 20:42:15",62
"2020-03-14 21:42:13",62
"2020-03-14 22:42:19",62
"2020-03-14 23:42:10",62
"2020-03-15 00:41:49",62
"2020-03-15 01:41:52",62
"2020-03-15 02:42:19",62
"2020-03-15 03:42:19",62
"2020-03-15 04:41:47",62
"2020-03-15 05:42:20",62
"2020-03-15 06:41:54",62
"2020-03-15 07:42:23",62
"2020-03-15 08:59:03",62
"2020-03-15 09:42:00",62
"2020-03-15 10:42:10",62
"2020-03-15 11:42:21",62
"2020-03-15 12:42:12",62
"2020-03-15 13:41:47",62
"2020-03-15 14:41:59",62
"2020-03-15 15:41:51",62
"2020-03-15 16:42:10",62
"2020-03-15 17:41:53",62
"2020-03-15 18:42:18",62
"2020-03-15 19:42:13",62
"2020-03-15 20:41:56",62
"2020-03-15 21:41:54",62
"2020-03-15 22:42:10",62
"2020-03-15 23:42:09",62
"2020-03-16 00:41:45",62
"2020-03-16 01:41:47",62
"2020-03-16 02:41:44",62
"2020-03-16 03:42:07",62
"2020-03-16 04:42:13",62
"2020-03-16 05:42:21",62
"2020-03-16 06:41:52",62
"2020-03-16 07:42:20",62
"2020-03-16 08:57:39",62
"2020-03-16 09:42:11",62
"2020-03-16 10:41:55",62
"2020-03-16 11:42:11",62
"2020-03-16 13:07:48",62
"2020-03-16 13:42:15",62
"2020-03-16 14:41:54",62
"2020-03-16 15:42:12",61
"2020-03-16 16:41:46",61
"2020-03-16 17:41:53",61
"2020-03-16 18:41:46",61
"2020-03-16 19:42:19",60
"2020-03-16 20:41:44",60
"2020-03-16 21:41:54",60
"2020-03-16 22:41:46",60
"2020-03-16 23:42:13",60
"2020-03-17 00:42:11",60
"2020-03-17 01:41:48",60
"2020-03-17 02:42:12",60
"2020-03-17 20:09:41",60
"2020-03-17 20:17:29",60
"2020-03-17 20:41:54",60
"2020-03-17 21:41:47",60
"2020-03-17 22:41:47",60
"2020-03-17 23:41:49",60
"2020-03-18 00:41:53",60
"2020-03-18 01:41:56",60
"2020-03-18 02:41:55",60
"2020-03-18 03:41:55",60
"2020-03-18 04:41:57",60
"2020-03-18 05:41:51",60
"2020-03-18 06:41:47",60
"2020-03-18 07:41:55",60
"2020-03-18 08:41:46",60
"2020-03-18 09:41:54",60
"2020-03-18 10:41:46",60
"2020-03-18 11:41:45",60
"2020-03-18 13:07:48",60
"2020-03-18 13:41:56",60
"2020-03-18 14:41:47",60
"2020-03-18 15:41:48",60
"2020-03-18 16:41:46",62
"2020-03-18 17:41:53",62
"2020-03-18 18:41:43",61
"2020-03-18 19:41:52",61
"2020-03-18 20:41:48",61
"2020-03-18 21:41:48",61
"2020-03-18 22:41:44",61
"2020-03-18 23:41:50",61
"2020-03-19 00:41:49",61
"2020-03-19 01:41:50",61
"2020-03-19 02:41:44",61
"2020-03-19 03:41:42",61
"2020-03-19 04:41:46",61
"2020-03-19 05:42:17",61
"2020-03-19 06:41:45",61
"2020-03-19 07:41:47",61
"2020-03-19 08:41:46",61
"2020-03-19 09:41:51",61
"2020-03-19 10:41:44",61
"2020-03-19 11:41:46",61
"2020-03-19 12:41:45",61
"2020-03-19 13:41:46",61
"2020-03-19 14:41:46",60
"2020-03-19 15:41:48",60
"2020-03-19 16:41:46",60
"2020-03-19 17:41:46",60
"2020-03-19 18:41:42",60
"2020-03-19 19:41:49",60
"2020-03-19 20:41:56",60
"2020-03-19 21:41:51",60
"2020-03-19 22:41:44",60
"2020-03-19 23:42:00",60
"2020-03-20 00:41:45",60
"2020-03-20 01:41:44",60
"2020-03-20 02:42:02",60
"2020-03-20 03:41:50",60
"2020-03-20 04:41:47",60
"2020-03-20 06:41:57",60
"2020-03-20 07:41:49",60
"2020-03-20 08:42:02",60
"2020-03-20 09:41:53",60
"2020-03-20 10:41:46",60
"2020-03-20 11:41:46",60
"2020-03-20 13:06:45",60
"2020-03-20 13:41:54",60
"2020-03-20 14:41:45",60
"2020-03-20 15:41:44",60
"2020-03-20 16:41:46",60
"2020-03-20 17:41:46",60
"2020-03-20 18:41:43",60
"2020-03-20 19:41:47",60
"2020-03-20 20:41:46",60
"2020-03-20 21:41:43",60
"2020-03-20 22:41:52",60
"2020-03-20 23:41:56",60
"2020-03-21 00:41:49",60
"2020-03-21 01:41:46",60
"2020-03-21 02:41:52",60
"2020-03-21 03:41:55",60
"2020-03-21 04:41:45",60
"2020-03-21 05:41:44",60
"2020-03-21 06:41:46",60
"2020-03-21 07:41:53",60
"2020-03-21 08:41:54",60
"2020-03-21 09:41:46",60
"2020-03-21 10:41:48",60
"2020-03-21 11:41:50",60
"2020-03-21 12:41:42",60
"2020-03-21 13:41:46",60
"2020-03-21 14:41:58",60
"2020-03-21 15:41:52",60
"2020-03-21 16:41:50",60
"2020-03-21 17:41:56",60
"2020-03-21 18:41:48",60
"2020-03-21 19:41:48",60
"2020-03-21 20:41:42",60
"2020-03-21 21:41:47",60
"2020-03-21 22:41:45",60
"2020-03-21 23:41:48",60
"2020-03-22 00:41:42",60
"2020-03-22 01:41:51",60
"2020-03-22 02:41:44",60
"2020-03-22 03:42:01",60
"2020-03-22 04:41:48",60
"2020-03-22 05:41:49",60
"2020-03-22 06:41:54",60
"2020-03-22 07:41:56",60
"2020-03-22 09:13:26",60
"2020-03-22 09:41:47",60
"2020-03-22 10:41:53",60
"2020-03-22 11:41:44",60
"2020-03-22 12:41:52",60
"2020-03-22 21:51:46",60
"2020-03-22 22:41:53",60
"2020-03-22 23:41:47",60
"2020-03-23 00:42:04",60
"2020-03-23 01:42:00",60
"2020-03-23 02:41:45",60
"2020-03-23 03:41:47",60
"2020-03-23 04:41:49",60
"2020-03-23 05:41:50",60
"2020-03-23 06:41:48",60
"2020-03-23 07:41:46",60
"2020-03-23 08:41:48",60
"2020-03-23 09:41:55",60
"2020-03-23 10:41:46",60
"2020-03-23 11:41:51",60
"2020-03-23 13:06:14",60
"2020-03-23 13:42:00",60
"2020-03-23 14:41:53",60
"2020-03-23 15:41:50",60
"2020-03-23 16:41:54",61
"2020-03-23 17:41:47",60
"2020-03-23 18:41:45",60
"2020-03-23 19:41:51",60
"2020-03-23 20:41:53",60
"2020-03-23 21:41:47",60
"2020-03-23 22:41:47",60
"2020-03-23 23:41:49",60
"2020-03-24 00:41:44",60
"2020-03-24 01:41:47",60
"2020-03-24 02:41:45",60
"2020-03-24 03:41:45",60
"2020-03-24 04:41:54",60
"2020-03-24 05:42:10",60
"2020-03-24 06:41:53",60
"2020-03-24 07:41:56",60
"2020-03-24 09:07:46",60
"2020-03-24 09:41:45",60
"2020-03-24 10:41:47",60
"2020-03-24 11:41:47",60
"2020-03-24 12:41:44",60
"2020-03-24 13:42:03",60
"2020-03-24 14:42:10",60
"2020-03-24 15:42:02",60
"2020-03-24 16:42:07",60
"2020-03-24 17:41:56",61
"2020-03-24 18:41:55",61
"2020-03-24 19:41:49",61
"2020-03-24 20:41:46",61
"2020-03-24 21:41:45",61
"2020-03-24 22:41:56",61
"2020-03-24 23:41:56",61
"2020-03-25 00:41:46",61
"2020-03-25 01:41:49",61
"2020-03-25 02:41:48",61
"2020-03-25 03:41:45",61
"2020-03-25 04:41:43",61
"2020-03-25 06:41:57",61
"2020-03-25 07:41:47",61
"2020-03-25 09:41:50",61
"2020-03-25 10:41:47",61
"2020-03-25 11:41:54",61
"2020-03-25 12:41:56",61
"2020-03-25 13:41:58",61
"2020-03-25 14:41:58",61
"2020-03-25 15:42:02",61
"2020-03-25 16:41:57",61
"2020-03-25 17:41:48",62
"2020-03-25 18:41:45",62
"2020-03-25 19:41:46",62
"2020-03-25 20:41:51",63
"2020-03-25 21:41:45",63
"2020-03-25 22:41:46",63
"2020-03-25 23:41:47",63
"2020-03-26 02:04:35",63
"2020-03-26 02:41:51",63
"2020-03-26 03:41:55",63
"2020-03-26 04:42:03",63
"2020-03-26 05:41:50",63
"2020-03-26 06:41:50",63
"2020-03-26 07:41:52",63
"2020-03-26 08:41:47",63
"2020-03-26 09:41:55",63
"2020-03-26 10:41:46",63
"2020-03-26 11:41:49",63
"2020-03-26 12:41:49",63
"2020-03-26 13:41:47",63
"2020-03-26 14:41:50",63
"2020-03-26 15:41:50",64
"2020-03-26 16:41:48",64
"2020-03-26 17:41:53",64
"2020-03-26 18:41:47",63
"2020-03-26 19:41:46",63
"2020-03-26 20:41:48",63
"2020-03-26 21:41:52",63
"2020-03-26 22:41:45",63
"2020-03-26 23:41:55",63
"2020-03-27 00:41:50",63
"2020-03-27 01:41:53",63
"2020-03-27 02:41:56",63
"2020-03-27 03:41:50",63
"2020-03-27 04:41:52",63
"2020-03-27 05:41:48",63
"2020-03-27 06:41:53",63
"2020-03-27 07:41:56",63
"2020-03-27 08:42:26",63
"2020-03-27 09:42:04",63
"2020-03-27 10:41:51",63
"2020-03-27 11:41:47",63
"2020-03-27 12:41:46",63
"2020-03-27 13:41:51",63
"2020-03-27 14:41:47",63
"2020-03-27 15:41:49",62
"2020-03-27 16:41:51",62
"2020-03-27 17:41:48",62
"2020-03-27 18:41:57",62
"2020-03-27 19:41:48",62
"2020-03-27 20:41:47",62
"2020-03-27 21:41:56",62
"2020-03-27 22:41:51",62
"2020-03-27 23:41:53",62
"2020-03-28 00:41:56",62
"2020-03-28 01:41:42",62
"2020-03-28 02:41:48",62
"2020-03-28 03:41:49",62
"2020-03-28 04:41:47",62
"2020-03-28 05:42:03",62
"2020-03-28 06:41:51",62
"2020-03-28 07:41:46",62
"2020-03-28 08:41:49",62
"2020-03-28 09:41:54",62
"2020-03-28 10:41:58",62
"2020-03-28 11:41:49",62
"2020-03-28 12:41:56",62
"2020-03-28 13:41:55",62
"2020-03-28 14:41:51",62
"2020-03-28 15:41:47",62
"2020-03-28 16:41:47",62
"2020-03-28 17:41:49",62
"2020-03-28 18:41:51",62
"2020-03-28 19:41:47",62
"2020-03-28 20:41:49",62
"2020-03-28 21:41:46",62
"2020-03-28 22:42:03",62
"2020-03-28 23:41:51",62
"2020-03-29 00:41:51",62
"2020-03-29 01:41:55",62
"2020-03-29 02:42:04",62
"2020-03-29 03:42:07",62
"2020-03-29 04:41:58",62
"2020-03-29 05:41:55",62
"2020-03-29 06:42:06",62
"2020-03-29 07:41:55",62
"2020-03-29 08:41:52",62
"2020-03-29 09:41:50",62
"2020-03-29 10:42:03",62
"2020-03-29 11:41:51",62
"2020-03-29 12:41:48",62
"2020-03-29 13:41:48",62
"2020-03-29 14:41:46",62
"2020-03-29 15:41:48",62
"2020-03-29 16:41:48",62
"2020-03-29 17:41:57",62
"2020-03-29 18:41:49",62
"2020-03-29 19:41:49",62
"2020-03-29 20:41:48",62
"2020-03-29 21:42:02",62
"2020-03-29 22:41:51",62
"2020-03-29 23:41:49",62
"2020-03-30 00:41:51",62
"2020-03-30 01:41:49",62
"2020-03-30 02:41:59",62
"2020-03-30 03:41:51",62
"2020-03-30 04:42:00",62
"2020-03-30 05:41:46",62
"2020-03-30 06:41:50",62
"2020-03-30 07:42:01",62
"2020-03-30 08:41:51",62
"2020-03-30 09:41:49",62
"2020-03-30 10:41:49",62
"2020-03-30 11:41:45",62
"2020-03-30 12:41:48",62
"2020-03-30 13:41:55",62
"2020-03-30 14:41:48",63
"2020-03-30 15:41:58",64
"2020-03-30 16:41:49",64
"2020-03-30 17:41:54",66
"2020-03-30 18:41:50",66
"2020-03-30 19:41:56",66
"2020-03-30 20:41:48",65
"2020-03-30 21:41:54",65
"2020-03-30 22:41:49",65
"2020-03-30 23:41:48",65
"2020-03-31 00:41:46",65
"2020-03-31 01:41:50",65
"2020-03-31 02:41:48",65
"2020-03-31 03:41:51",65
"2020-03-31 04:41:49",65
"2020-03-31 05:41:49",65
"2020-03-31 06:41:47",65
"2020-03-31 07:41:52",65
"2020-03-31 08:41:51",65
"2020-03-31 09:41:53",65
"2020-03-31 10:41:50",65
"2020-03-31 11:42:15",65
"2020-03-31 13:05:17",65
"2020-03-31 13:41:51",65
"2020-03-31 14:42:00",64
"2020-03-31 15:41:50",64
"2020-03-31 16:42:01",64
"2020-03-31 17:41:49",64
"2020-03-31 18:41:57",64
"2020-03-31 19:41:47",64
"2020-03-31 20:41:55",64
"2020-03-31 21:41:49",64
"2020-03-31 22:41:51",64
"2020-03-31 23:41:57",64
"2020-04-01 00:41:51",64
"2020-04-01 01:41:51",64
"2020-04-01 02:41:50",64
"2020-04-01 03:41:53",64
"2020-04-01 04:41:57",64
"2020-04-01 05:42:06",64
"2020-04-01 06:41:53",64
"2020-04-01 07:41:59",64
"2020-04-01 08:41:49",64
"2020-04-01 09:41:54",64
"2020-04-01 10:41:48",64
"2020-04-01 11:42:03",64
"2020-04-01 13:08:17",64
"2020-04-01 13:41:53",64
"2020-04-01 14:42:04",64
"2020-04-01 15:41:58",64
"2020-04-01 16:41:49",66
"2020-04-01 17:41:47",66
"2020-04-01 18:41:48",66
"2020-04-01 19:41:50",66
"2020-04-01 20:41:51",68
"2020-04-01 21:41:48",68
"2020-04-01 22:41:47",68
"2020-04-01 23:41:57",68
"2020-04-02 00:41:50",68
"2020-04-02 01:41:59",68
"2020-04-02 02:41:51",68
"2020-04-02 03:41:57",68
"2020-04-02 04:41:51",68
"2020-04-02 05:41:53",68
"2020-04-02 06:41:47",68
"2020-04-02 07:41:58",68
"2020-04-02 08:42:09",68
"2020-04-02 09:41:57",68
"2020-04-02 10:41:50",68
"2020-04-02 11:41:50",68
"2020-04-02 13:09:17",68
"2020-04-02 13:42:01",68
"2020-04-02 14:41:48",68
"2020-04-02 15:41:54",70
"2020-04-02 16:41:45",70
"2020-04-02 17:41:47",70
"2020-04-02 18:42:02",70
"2020-04-02 19:41:48",70
"2020-04-02 20:41:58",70
"2020-04-02 21:42:07",70
"2020-04-02 22:42:00",70
"2020-04-02 23:41:48",70
"2020-04-03 00:41:52",70
"2020-04-03 01:41:58",70
"2020-04-03 02:41:51",70
"2020-04-03 03:41:48",70
"2020-04-03 04:41:55",70
"2020-04-03 05:41:58",70
"2020-04-03 06:41:52",70
"2020-04-03 08:41:52",70
"2020-04-03 09:41:50",70
"2020-04-03 10:41:58",70
"2020-04-03 11:41:48",70
"2020-04-03 13:10:19",70
"2020-04-03 13:41:57",70
"2020-04-03 14:41:54",70
"2020-04-03 15:41:59",70
"2020-04-03 16:41:57",70
"2020-04-03 17:41:58",71
"2020-04-03 18:41:59",71
"2020-04-03 19:41:49",71
"2020-04-03 20:41:49",71
"2020-04-03 21:41:51",71
"2020-04-03 22:42:04",71
"2020-04-03 23:41:50",71
"2020-04-04 00:41:47",71
"2020-04-04 01:41:59",71
"2020-04-04 02:41:52",71
"2020-04-04 03:41:54",71
"2020-04-04 04:41:55",71
"2020-04-04 05:41:57",71
"2020-04-04 06:41:51",71
"2020-04-04 07:42:01",71
"2020-04-04 08:41:58",71
"2020-04-04 09:41:56",71
"2020-04-04 10:41:50",71
"2020-04-04 11:41:51",71
"2020-04-04 12:41:51",71
"2020-04-04 13:41:50",71
"2020-04-04 14:41:56",71
"2020-04-04 15:41:48",71
"2020-04-04 16:41:51",71
"2020-04-04 17:41:50",71
"2020-04-04 18:41:50",71
"2020-04-04 19:41:52",71
"2020-04-04 20:41:49",71
"2020-04-04 21:41:48",71
"2020-04-04 22:42:01",71
"2020-04-04 23:41:50",71
"2020-04-05 00:42:06",71
"2020-04-05 01:41:57",71
"2020-04-05 02:41:49",71
"2020-04-05 03:41:51",71
"2020-04-05 04:41:58",71
"2020-04-05 05:41:57",71
"2020-04-05 06:41:59",71
"2020-04-05 07:41:52",71
"2020-04-05 08:41:53",71
"2020-04-05 09:41:48",71
"2020-04-05 10:42:01",71
"2020-04-05 11:41:57",71
"2020-04-05 12:41:49",71
"2020-04-05 13:41:59",71
"2020-04-05 14:41:51",71
"2020-04-05 15:41:49",71
"2020-04-05 16:41:59",71
"2020-04-05 17:41:47",71
"2020-04-05 18:41:50",71
"2020-04-05 19:41:49",71
"2020-04-05 20:41:51",71
"2020-04-05 21:41:52",71
"2020-04-05 22:41:56",71
"2020-04-05 23:41:48",71
"2020-04-06 00:41:48",71
"2020-04-06 01:41:52",71
"2020-04-06 02:41:58",71
"2020-04-06 03:42:06",71
"2020-04-06 04:41:48",71
"2020-04-06 05:41:53",71
"2020-04-06 06:41:53",71
"2020-04-06 07:41:51",71
"2020-04-06 08:41:57",71
"2020-04-06 09:41:50",71
"2020-04-06 10:41:53",71
"2020-04-06 11:41:46",71
"2020-04-06 12:41:54",71
"2020-04-06 13:41:54",71
"2020-04-06 14:41:50",74
"2020-04-06 15:41:51",75
"2020-04-06 16:41:50",75
"2020-04-06 17:41:49",75
"2020-04-06 18:42:31",75
"2020-04-06 19:41:57",76
"2020-04-06 20:41:49",76
"2020-04-06 21:41:47",76
"2020-04-06 22:41:51",76
"2020-04-06 23:41:55",76
"2020-04-07 00:41:51",76
"2020-04-07 01:41:54",76
"2020-04-07 02:41:50",76
"2020-04-07 03:41:50",76
"2020-04-07 04:41:49",76
"2020-04-07 05:41:47",76
"2020-04-07 06:41:53",76
"2020-04-07 07:41:52",76
"2020-04-07 08:41:56",76
"2020-04-07 09:41:50",76
"2020-04-07 10:41:45",76
"2020-04-07 11:41:47",76
"2020-04-07 12:41:50",76
"2020-04-07 13:41:50",76
"2020-04-07 14:41:48",76
"2020-04-07 15:41:48",76
"2020-04-07 16:41:52",77
"2020-04-07 17:41:46",78
"2020-04-07 18:41:47",78
"2020-04-07 19:41:45",77
"2020-04-07 20:41:51",77
"2020-04-07 21:41:52",77
"2020-04-07 22:41:48",77
"2020-04-07 23:41:49",77
"2020-04-08 00:41:51",77
"2020-04-08 01:41:47",77
"2020-04-08 02:41:45",77
"2020-04-08 03:41:52",77
"2020-04-08 04:41:46",77
"2020-04-08 06:41:50",77
"2020-04-08 07:41:53",77
"2020-04-08 08:41:53",77
"2020-04-08 09:41:53",77
"2020-04-08 10:41:48",77
"2020-04-08 11:41:47",77
"2020-04-08 12:41:47",77
"2020-04-08 13:41:49",77
"2020-04-08 14:41:46",77
"2020-04-08 15:41:51",77
"2020-04-08 16:41:47",76
"2020-04-08 17:41:53",76
"2020-04-08 18:41:46",76
"2020-04-08 19:41:52",76
"2020-04-08 20:41:51",76
"2020-04-08 21:41:49",76
"2020-04-08 22:41:45",76
"2020-04-08 23:41:48",76
"2020-04-09 00:41:46",76
"2020-04-09 01:41:48",76
"2020-04-09 02:41:48",76
"2020-04-09 03:41:47",76
"2020-04-09 04:41:54",76
"2020-04-09 05:41:50",76
"2020-04-09 06:41:54",76
"2020-04-09 07:41:45",76
"2020-04-09 08:41:46",76
"2020-04-09 09:41:45",76
"2020-04-09 10:41:48",76
"2020-04-09 11:41:47",76
"2020-04-09 12:41:46",76
"2020-04-09 13:41:50",76
"2020-04-09 14:41:49",76
"2020-04-09 15:41:43",76
"2020-04-09 16:41:47",77
"2020-04-09 17:41:47",77
"2020-04-09 18:41:43",76
"2020-04-09 19:41:51",76
"2020-04-09 20:41:46",76
"2020-04-09 21:41:47",76
"2020-04-09 22:41:46",76
"2020-04-09 23:41:45",76
"2020-04-10 00:41:47",76
"2020-04-10 01:41:45",76
"2020-04-10 02:41:49",76
"2020-04-10 03:41:49",76
"2020-04-10 04:41:46",76
"2020-04-10 05:41:49",76
"2020-04-10 06:41:46",76
"2020-04-10 07:41:48",76
"2020-04-10 08:41:48",76
"2020-04-10 09:41:47",76
"2020-04-10 10:41:50",76
"2020-04-10 11:41:48",76
"2020-04-10 12:41:47",76
"2020-04-10 13:41:47",76
"2020-04-10 14:41:51",76
"2020-04-10 15:41:48",76
"2020-04-10 16:41:45",76
"2020-04-10 17:41:49",76
"2020-04-10 18:41:47",76
"2020-04-10 19:41:47",76
"2020-04-10 20:41:56",76
"2020-04-10 21:41:42",76
"2020-04-10 22:41:41",76
"2020-04-10 23:41:41",76
"2020-04-11 00:41:43",76
"2020-04-11 01:41:40",76
"2020-04-11 02:41:41",76
"2020-04-11 03:41:41",76
"2020-04-11 04:41:42",76
"2020-04-11 05:41:42",76
"2020-04-11 06:41:41",76
"2020-04-11 07:41:40",76
"2020-04-11 08:41:38",76
"2020-04-11 09:41:39",76
"2020-04-11 10:41:42",76
"2020-04-11 11:41:38",76
"2020-04-11 12:41:40",76
"2020-04-11 13:41:43",76
"2020-04-11 14:41:39",76
"2020-04-11 15:41:42",76
"2020-04-11 16:41:42",76
"2020-04-11 17:41:41",76
"2020-04-11 18:41:42",76
"2020-04-11 19:41:40",76
"2020-04-11 20:41:39",76
"2020-04-11 21:41:41",76
"2020-04-11 22:41:41",76
"2020-04-11 23:41:40",76
"2020-04-12 00:41:43",76
"2020-04-12 01:41:40",76
"2020-04-12 02:41:41",76
"2020-04-12 03:41:39",76
"2020-04-12 04:41:44",76
"2020-04-12 05:41:42",76
"2020-04-12 06:41:41",76
"2020-04-12 07:41:41",76
"2020-04-12 08:41:40",76
"2020-04-12 09:41:42",76
"2020-04-12 10:41:42",76
"2020-04-12 11:41:40",76
"2020-04-12 12:41:41",76
"2020-04-12 13:41:43",76
"2020-04-12 14:41:43",76
"2020-04-12 15:41:40",76
"2020-04-12 16:41:40",76
"2020-04-12 17:41:39",76
"2020-04-12 18:41:42",76
"2020-04-12 19:41:41",76
"2020-04-12 20:41:45",76
"2020-04-12 21:41:42",76
"2020-04-12 22:41:44",76
"2020-04-12 23:41:45",76
"2020-04-13 00:41:48",76
"2020-04-13 01:41:44",76
"2020-04-13 02:41:44",76
"2020-04-13 03:41:52",76
"2020-04-13 04:41:45",76
"2020-04-13 05:41:46",76
"2020-04-13 06:41:41",76
"2020-04-13 07:41:39",76
"2020-04-13 08:41:42",76
"2020-04-13 09:41:40",76
"2020-04-13 10:41:40",76
"2020-04-13 11:41:44",76
"2020-04-13 13:07:17",76
"2020-04-13 13:41:40",76
"2020-04-13 14:41:40",76
"2020-04-13 15:41:42",76
"2020-04-13 16:41:42",76
"2020-04-13 17:41:44",76
"2020-04-13 18:41:40",76
"2020-04-13 19:41:41",76
"2020-04-13 20:41:42",75
"2020-04-13 21:41:45",75
"2020-04-13 22:41:41",75
"2020-04-13 23:41:41",75
"2020-04-14 00:41:50",75
"2020-04-14 01:41:47",75
"2020-04-14 02:41:46",75
"2020-04-14 03:41:46",75
"2020-04-14 04:41:46",75
"2020-04-14 05:41:48",75
"2020-04-14 06:41:43",75
"2020-04-14 07:41:41",75
"2020-04-14 08:41:42",75
"2020-04-14 09:41:42",75
"2020-04-14 10:41:41",75
"2020-04-14 11:41:43",75
"2020-04-14 12:41:41",75
"2020-04-14 13:41:42",75
"2020-04-14 14:41:45",76
"2020-04-14 15:41:45",76
"2020-04-14 16:41:49",76
"2020-04-14 17:41:39",76
"2020-04-14 18:41:46",76
"2020-04-14 19:41:42",76
"2020-04-14 20:41:41",76
"2020-04-14 21:41:42",76
"2020-04-14 22:41:42",76
"2020-04-14 23:41:47",76
"2020-04-15 00:41:45",76
"2020-04-15 01:41:44",76
"2020-04-15 02:41:43",76
"2020-04-15 03:41:45",76
"2020-04-15 04:41:48",76
"2020-04-15 05:41:42",76
"2020-04-15 06:41:42",76
"2020-04-15 07:41:43",76
"2020-04-15 08:41:44",76
"2020-04-15 09:41:43",76
"2020-04-15 10:41:41",76
"2020-04-15 11:41:41",76
"2020-04-15 13:10:18",76
"2020-04-15 13:41:51",76
"2020-04-15 14:41:44",76
"2020-04-15 15:41:43",77
"2020-04-15 16:41:48",77
"2020-04-15 17:41:42",77
"2020-04-15 18:41:43",77
"2020-04-15 19:41:46",77
"2020-04-15 20:41:44",78
"2020-04-15 21:41:45",78
"2020-04-15 22:41:47",78
"2020-04-15 23:41:44",78
"2020-04-16 00:41:49",78
"2020-04-16 01:41:50",78
"2020-04-16 02:41:50",78
"2020-04-16 03:41:50",78
"2020-04-16 04:41:52",78
"2020-04-16 05:41:46",78
"2020-04-16 06:41:49",78
"2020-04-16 07:41:45",78
"2020-04-16 08:41:45",78
"2020-04-16 09:41:43",78
"2020-04-16 10:41:44",78
"2020-04-16 11:41:45",78
"2020-04-16 12:41:46",78
"2020-04-16 13:41:46",78
"2020-04-16 14:41:44",78
"2020-04-16 15:41:51",77
"2020-04-16 16:41:51",77
"2020-04-16 17:41:46",77
"2020-04-16 18:41:49",77
"2020-04-16 19:41:44",76
"2020-04-16 20:41:45",76
"2020-04-16 21:41:52",76
"2020-04-16 22:41:45",76
"2020-04-16 23:41:51",76
"2020-04-17 00:41:50",76
"2020-04-17 01:41:45",76
"2020-04-17 02:41:50",76
"2020-04-17 03:41:46",76
"2020-04-17 04:41:44",76
"2020-04-17 05:41:45",76
"2020-04-17 06:41:48",76
"2020-04-17 07:41:58",76
"2020-04-17 08:41:47",76
"2020-04-17 09:41:44",76
"2020-04-17 10:41:45",76
"2020-04-17 11:41:42",76
"2020-04-17 13:07:19",76
"2020-04-17 13:41:49",76
"2020-04-17 14:41:45",76
"2020-04-17 15:41:46",76
"2020-04-17 16:41:43",76
"2020-04-17 17:41:45",76
"2020-04-17 18:41:49",76
"2020-04-17 19:41:48",77
"2020-04-17 20:41:49",78
"2020-04-17 21:41:48",78
"2020-04-17 22:41:47",78
"2020-04-17 23:41:49",78
"2020-04-18 00:41:48",78
"2020-04-18 01:41:47",78
"2020-04-18 02:41:46",78
"2020-04-18 03:41:46",78
"2020-04-18 04:41:49",78
"2020-04-18 05:41:49",78
"2020-04-18 06:41:45",78
"2020-04-18 07:41:43",78
"2020-04-18 08:41:48",78
"2020-04-18 09:41:41",78
"2020-04-18 10:41:44",78
"2020-04-18 11:41:44",78
"2020-04-18 12:41:41",78
"2020-04-18 13:41:47",78
"2020-04-18 14:41:46",78
"2020-04-18 15:41:44",78
"2020-04-18 16:41:42",78
"2020-04-18 17:41:48",78
"2020-04-18 18:41:45",78
"2020-04-18 19:41:41",78
"2020-04-18 20:41:47",78
"2020-04-18 21:41:44",78
"2020-04-18 22:41:48",78
"2020-04-18 23:41:49",78
"2020-04-19 00:41:50",78
"2020-04-19 01:41:53",78
"2020-04-19 02:41:50",78
"2020-04-19 03:41:50",78
"2020-04-19 04:41:55",78
"2020-04-19 05:41:48",78
"2020-04-19 06:41:48",78
"2020-04-19 07:41:49",78
"2020-04-19 08:41:45",78
"2020-04-19 09:41:45",78
"2020-04-19 10:41:44",78
"2020-04-19 11:41:41",78
"2020-04-19 12:41:42",78
"2020-04-19 13:41:49",78
"2020-04-19 14:41:42",78
"2020-04-19 15:41:42",78
"2020-04-19 16:41:46",78
"2020-04-19 17:41:52",78
"2020-04-19 18:41:45",78
"2020-04-19 19:41:43",78
"2020-04-19 20:41:42",78
"2020-04-19 21:41:53",78
"2020-04-19 22:41:51",78
"2020-04-19 23:41:49",78
"2020-04-20 00:41:52",78
"2020-04-20 01:41:51",78
"2020-04-20 02:41:53",78
"2020-04-20 03:41:54",78
"2020-04-20 04:41:51",78
"2020-04-20 05:41:58",78
"2020-04-20 06:41:49",78
"2020-04-20 07:41:44",78
"2020-04-20 08:41:44",78
"2020-04-20 09:41:45",78
"2020-04-20 10:41:44",78
"2020-04-20 11:41:44",78
"2020-04-20 12:41:45",78
"2020-04-20 13:41:46",78
"2020-04-20 14:41:49",78
"2020-04-20 15:41:46",78
"2020-04-20 16:41:47",78
"2020-04-20 17:41:45",78
"2020-04-20 18:41:49",78
"2020-04-20 20:42:05",78
"2020-04-20 21:41:57",78
"2020-04-20 22:42:03",78
"2020-04-20 23:41:51",78
"2020-04-21 00:41:51",78
"2020-04-21 01:41:50",78
"2020-04-21 02:41:51",78
"2020-04-21 03:42:12",78
"2020-04-21 04:42:20",78
"2020-04-21 05:42:33",78
"2020-04-21 06:41:52",78
"2020-04-21 07:41:48",78
"2020-04-21 08:41:46",78
"2020-04-21 09:41:45",78
"2020-04-21 10:41:45",78
"2020-04-21 11:41:44",78
"2020-04-21 12:41:44",78
"2020-04-21 13:41:47",78
"2020-04-21 14:41:51",77
"2020-04-21 15:41:43",77
"2020-04-21 16:41:43",77
"2020-04-21 17:41:50",77
"2020-04-21 18:41:43",77
"2020-04-21 19:41:45",77
"2020-04-21 20:41:49",77
"2020-04-21 21:41:52",77
"2020-04-21 22:41:52",77
"2020-04-21 23:41:44",77
"2020-04-22 00:41:48",77
"2020-04-22 01:41:51",77
"2020-04-22 02:41:50",77
"2020-04-22 03:41:45",77
"2020-04-22 04:41:44",77
"2020-04-22 05:41:45",77
"2020-04-22 06:41:47",77
"2020-04-22 07:41:46",77
"2020-04-22 08:41:43",77
"2020-04-22 09:41:46",77
"2020-04-22 10:41:52",77
"2020-04-22 11:41:42",77
"2020-04-22 12:41:45",77
"2020-04-22 13:41:42",77
"2020-04-22 14:41:45",77
"2020-04-22 15:41:43",77
"2020-04-22 16:41:50",77
"2020-04-22 17:41:53",77
"2020-04-22 18:41:48",77
"2020-04-22 19:41:44",77
"2020-04-22 20:41:45",77
"2020-04-22 21:41:49",77
"2020-04-22 22:41:46",77
"2020-04-22 23:41:49",77
"2020-04-23 00:41:44",77
"2020-04-23 01:41:47",77
"2020-04-23 02:41:50",77
"2020-04-23 03:41:51",77
"2020-04-23 04:41:51",77
"2020-04-23 05:41:42",77
"2020-04-23 06:41:44",77
"2020-04-23 07:41:46",77
"2020-04-23 08:41:44",77
"2020-04-23 09:41:41",77
"2020-04-23 10:41:44",77
"2020-04-23 11:41:49",77
"2020-04-23 12:41:42",77
"2020-04-23 13:41:43",77
"2020-04-23 14:41:44",76
"2020-04-23 15:41:45",76
"2020-04-23 16:41:51",76
"2020-04-23 17:41:43",76
"2020-04-23 18:41:46",76
"2020-04-23 19:41:43",76
"2020-04-23 20:41:51",77
"2020-04-23 21:41:48",77
"2020-04-23 22:41:44",77
"2020-04-23 23:41:45",77
"2020-04-24 00:41:50",77
"2020-04-24 01:42:02",77
"2020-04-24 02:41:43",77
"2020-04-24 03:41:52",77
"2020-04-24 04:41:44",77
"2020-04-24 05:41:43",77
"2020-04-24 06:41:45",77
"2020-04-24 07:41:42",77
"2020-04-24 08:41:52",77
"2020-04-24 09:41:44",77
"2020-04-24 10:41:43",77
"2020-04-24 11:41:42",77
"2020-04-24 13:08:20",77
"2020-04-24 13:41:54",77
"2020-04-24 14:41:48",76
"2020-04-24 15:41:45",76
"2020-04-24 16:41:44",76
"2020-04-24 17:41:46",76
"2020-04-24 18:41:49",76
"2020-04-24 19:41:45",77
"2020-04-24 20:41:50",77
"2020-04-24 21:41:49",77
"2020-04-24 22:41:55",77
"2020-04-24 23:41:47",77
"2020-04-25 00:41:57",77
"2020-04-25 01:41:53",77
"2020-04-25 02:41:51",77
"2020-04-25 03:41:48",77
"2020-04-25 04:41:52",77
"2020-04-25 05:41:53",77
"2020-04-25 06:41:47",77
"2020-04-25 07:41:45",77
"2020-04-25 08:41:47",77
"2020-04-25 09:41:46",77
"2020-04-25 10:41:44",77
"2020-04-25 11:41:46",77
"2020-04-25 12:41:44",77
"2020-04-25 13:41:51",77
"2020-04-25 14:41:46",77
"2020-04-25 15:41:47",77
"2020-04-25 16:41:48",77
"2020-04-25 17:41:48",77
"2020-04-25 18:41:46",77
"2020-04-25 19:41:49",77
"2020-04-25 20:41:46",77
"2020-04-25 21:41:45",77
"2020-04-25 22:41:49",77
"2020-04-25 23:41:51",77
"2020-04-26 00:41:44",77
"2020-04-26 01:41:50",77
"2020-04-26 02:41:49",77
"2020-04-26 03:41:51",77
"2020-04-26 04:41:44",77
"2020-04-26 05:41:55",77
"2020-04-26 06:41:49",77
"2020-04-26 07:41:46",77
"2020-04-26 08:41:45",77
"2020-04-26 09:41:45",77
"2020-04-26 10:41:44",77
"2020-04-26 11:41:48",77
"2020-04-26 12:41:45",77
"2020-04-26 13:41:43",77
"2020-04-26 14:41:44",77
"2020-04-26 15:41:47",77
"2020-04-26 16:41:45",77
"2020-04-26 17:41:46",77
"2020-04-26 18:41:46",77
"2020-04-26 19:41:47",77
"2020-04-26 20:41:44",77
"2020-04-26 21:41:45",77
"2020-04-26 22:41:49",77
"2020-04-26 23:41:54",77
"2020-04-27 00:41:54",77
"2020-04-27 01:41:53",77
"2020-04-27 02:41:50",77
"2020-04-27 03:41:54",77
"2020-04-27 04:41:54",77
"2020-04-27 05:41:48",77
"2020-04-27 06:41:46",77
"2020-04-27 07:41:45",77
"2020-04-27 08:41:48",77
"2020-04-27 09:41:46",77
"2020-04-27 10:41:45",77
"2020-04-27 11:41:42",77
"2020-04-27 12:41:45",77
"2020-04-27 13:41:54",77
"2020-04-27 14:41:48",78
"2020-04-27 15:41:46",79
"2020-04-27 16:41:43",79
"2020-04-27 17:41:46",79
"2020-04-27 18:41:45",79
"2020-04-27 19:41:44",79
"2020-04-27 20:41:45",79
"2020-04-27 21:41:52",79
"2020-04-27 22:41:50",79
"2020-04-27 23:41:51",79
"2020-04-28 00:41:59",79
"2020-04-28 01:41:47",79
"2020-04-28 02:41:57",79
"2020-04-28 03:41:54",79
"2020-04-28 04:41:56",79
"2020-04-28 05:41:45",79
"2020-04-28 06:41:45",79
"2020-04-28 07:41:53",79
"2020-04-28 08:41:46",79
"2020-04-28 09:41:47",79
"2020-04-28 10:41:43",79
"2020-04-28 11:41:46",79
"2020-04-28 12:41:47",79
"2020-04-28 13:41:45",79
"2020-04-28 14:41:55",79
"2020-04-28 15:41:51",79
"2020-04-28 16:41:44",79
"2020-04-28 17:41:51",79
"2020-04-28 18:41:51",79
"2020-04-28 19:41:45",79
"2020-04-28 20:41:46",79
"2020-04-28 21:41:47",79
"2020-04-28 22:41:45",79
"2020-04-28 23:41:45",79
"2020-04-29 00:41:55",79
"2020-04-29 01:42:00",79
"2020-04-29 02:41:52",79
"2020-04-29 03:41:45",79
"2020-04-29 04:41:52",79
"2020-04-29 05:41:44",79
"2020-04-29 06:41:47",79
"2020-04-29 07:41:48",79
"2020-04-29 08:41:45",79
"2020-04-29 09:41:50",79
"2020-04-29 10:41:49",79
"2020-04-29 11:41:43",79
"2020-04-29 13:06:18",79
"2020-04-29 13:41:47",79
"2020-04-29 14:41:44",78
"2020-04-29 15:41:43",78
"2020-04-29 16:41:48",81
"2020-04-29 17:41:46",82
"2020-04-29 18:41:55",82
"2020-04-29 19:41:54",82
"2020-04-29 20:41:46",83
"2020-04-29 21:41:54",83
"2020-04-29 22:41:54",83
"2020-04-29 23:41:53",83
"2020-04-30 00:41:54",83
"2020-04-30 01:41:54",83
"2020-04-30 02:42:02",83
"2020-04-30 03:41:58",83
"2020-04-30 04:41:53",83
"2020-04-30 05:41:49",83
"2020-04-30 06:41:47",83
"2020-04-30 07:41:46",83
"2020-04-30 08:41:47",83
"2020-04-30 09:41:46",83
"2020-04-30 10:41:43",83
"2020-04-30 11:41:46",83
"2020-04-30 12:41:45",83
"2020-04-30 13:41:47",83
"2020-04-30 14:41:52",83
"2020-04-30 15:41:44",83
"2020-04-30 16:41:44",83
"2020-04-30 17:42:31",84
"2020-04-30 18:41:50",85
"2020-04-30 20:41:47",84
"2020-04-30 21:41:47",84
"2020-04-30 22:41:47",84
"2020-04-30 23:41:46",84
"2020-05-01 00:41:54",84
"2020-05-01 01:41:53",84
"2020-05-01 02:41:46",84
"2020-05-01 03:41:45",84
"2020-05-01 04:41:48",84
"2020-05-01 05:41:49",84
"2020-05-01 06:41:46",84
"2020-05-01 07:41:48",84
"2020-05-01 08:41:46",84
"2020-05-01 09:41:45",84
"2020-05-01 10:41:44",84
"2020-05-01 11:41:45",84
"2020-05-01 13:07:20",84
"2020-05-01 13:41:57",84
"2020-05-01 14:41:46",83
"2020-05-01 15:41:47",83
"2020-05-01 16:41:50",82
"2020-05-01 17:41:51",82
"2020-05-01 18:41:46",82
"2020-05-01 19:41:48",82
"2020-05-01 20:41:45",82
"2020-05-01 21:41:55",82
"2020-05-01 22:41:47",82
"2020-05-01 23:41:46",82
"2020-05-02 00:41:47",82
"2020-05-02 01:41:55",82
"2020-05-02 02:41:53",82
"2020-05-02 03:41:48",82
"2020-05-02 04:41:47",82
"2020-05-02 05:41:52",82
"2020-05-02 06:41:47",82
"2020-05-02 07:41:53",82
"2020-05-02 08:41:47",82
"2020-05-02 09:41:47",82
"2020-05-02 10:41:45",82
"2020-05-02 11:41:46",82
"2020-05-02 12:41:45",82
"2020-05-02 13:41:48",82
"2020-05-02 14:41:50",82
"2020-05-02 15:41:48",82
"2020-05-02 16:41:50",82
"2020-05-02 17:41:48",82
"2020-05-02 18:41:52",82
"2020-05-02 19:41:47",82
"2020-05-02 20:41:46",82
"2020-05-02 21:41:46",82
"2020-05-02 22:41:45",82
"2020-05-02 23:41:53",82
"2020-05-03 00:41:47",82
"2020-05-03 01:41:56",82
"2020-05-03 02:41:52",82
"2020-05-03 03:41:52",82
"2020-05-03 04:41:53",82
"2020-05-03 05:41:49",82
"2020-05-03 06:41:48",82
"2020-05-03 07:41:50",82
"2020-05-03 08:41:49",82
"2020-05-03 09:41:56",82
"2020-05-03 10:41:48",82
"2020-05-03 11:41:47",82
"2020-05-03 12:41:46",82
"2020-05-03 13:41:47",82
"2020-05-03 14:41:50",82
"2020-05-03 15:41:48",82
"2020-05-03 16:41:53",82
"2020-05-03 17:41:55",82
"2020-05-03 18:41:46",82
"2020-05-03 19:42:01",82
"2020-05-03 20:41:54",82
"2020-05-03 21:41:51",82
"2020-05-03 22:41:54",82
"2020-05-03 23:41:55",82
"2020-05-04 00:41:54",82
"2020-05-04 01:41:55",82
"2020-05-04 02:41:53",82
"2020-05-04 03:41:54",82
"2020-05-04 04:41:47",82
"2020-05-04 05:41:49",82
"2020-05-04 06:41:49",82
"2020-05-04 09:28:27",82
"2020-05-04 10:47:22",82
"2020-05-04 10:55:12",82
"2020-05-04 11:02:47",82
"2020-05-04 11:41:52",82
"2020-05-04 13:06:22",82
"2020-05-04 13:41:49",82
"2020-05-04 14:41:50",82
"2020-05-04 15:41:48",82
"2020-05-04 16:41:49",82
"2020-05-04 17:41:47",81
"2020-05-04 18:41:48",81
"2020-05-04 19:41:54",81
"2020-05-04 20:41:54",81
"2020-05-04 21:41:55",81
"2020-05-04 22:41:47",81
"2020-05-04 23:41:48",81
"2020-05-05 00:41:46",81
"2020-05-05 01:41:53",81
"2020-05-05 02:41:46",81
"2020-05-05 03:41:51",81
"2020-05-05 04:41:47",81
"2020-05-05 05:41:48",81
"2020-05-05 06:41:50",81
"2020-05-05 07:41:50",81
"2020-05-05 08:41:58",81
"2020-05-05 09:41:45",81
"2020-05-05 10:41:46",81
"2020-05-05 11:41:55",81
"2020-05-05 12:41:49",81
"2020-05-05 13:41:49",81
"2020-05-05 14:41:47",81
"2020-05-05 15:41:47",83
"2020-05-05 16:41:49",83
"2020-05-05 17:41:47",83
"2020-05-05 18:41:47",83
"2020-05-05 19:41:55",83
"2020-05-05 20:41:50",83
"2020-05-05 21:41:45",83
"2020-05-05 22:41:45",83
"2020-05-05 23:41:55",83
"2020-05-06 00:41:49",83
"2020-05-06 01:41:49",83
"2020-05-06 02:41:47",83
"2020-05-06 03:41:44",83
"2020-05-06 04:41:49",83
"2020-05-06 05:41:49",83
"2020-05-06 06:41:45",83
"2020-05-06 17:41:56",84
"2020-05-06 18:41:58",85
"2020-05-06 19:41:47",85
"2020-05-06 20:41:52",85
"2020-05-06 21:41:57",85
"2020-05-06 22:41:54",85
"2020-05-06 23:41:56",85
"2020-05-07 00:41:54",85
"2020-05-07 01:41:49",85
"2020-05-07 02:41:44",85
"2020-05-07 03:41:48",85
"2020-05-07 04:41:50",85
"2020-05-07 05:41:47",85
"2020-05-07 06:41:48",85
"2020-05-07 08:41:49",85
"2020-05-07 09:41:48",85
"2020-05-07 10:41:53",85
"2020-05-07 11:41:49",85
"2020-05-07 12:41:50",85
"2020-05-07 13:41:51",85
"2020-05-07 14:41:54",86
"2020-05-07 15:41:47",86
"2020-05-07 16:41:49",84
"2020-05-07 17:41:46",84
"2020-05-07 18:41:45",84
"2020-05-07 19:41:57",84
"2020-05-07 20:41:45",84
"2020-05-07 21:41:46",84
"2020-05-07 22:41:46",84
"2020-05-07 23:41:49",84
"2020-05-08 00:41:48",84
"2020-05-08 01:41:44",84
"2020-05-08 02:41:46",84
"2020-05-08 03:41:48",84
"2020-05-08 04:41:45",84
"2020-05-08 05:41:46",84
"2020-05-08 06:41:46",84
"2020-05-08 07:41:49",84
"2020-05-08 08:41:50",84
"2020-05-08 09:41:50",84
"2020-05-08 10:41:48",84
"2020-05-08 11:41:48",84
"2020-05-08 13:06:20",84
"2020-05-08 13:41:50",84
"2020-05-08 14:41:48",84
"2020-05-08 15:41:48",83
"2020-05-08 16:41:55",83
"2020-05-08 17:41:49",83
"2020-05-08 18:41:50",83
"2020-05-08 19:41:46",83
"2020-05-08 20:41:49",84
"2020-05-08 21:41:48",84
"2020-05-08 22:41:49",84
"2020-05-08 23:41:49",84
"2020-05-09 00:41:46",84
"2020-05-09 01:41:56",84
"2020-05-09 02:41:48",84
"2020-05-09 03:41:56",84
"2020-05-09 04:41:47",84
"2020-05-09 05:41:50",84
"2020-05-09 06:41:50",84
"2020-05-09 07:41:45",84
"2020-05-09 08:41:49",84
"2020-05-09 09:41:47",84
"2020-05-09 10:41:47",84
"2020-05-09 11:41:44",84
"2020-05-09 12:41:47",84
"2020-05-09 13:41:47",84
"2020-05-09 14:41:46",84
"2020-05-09 15:41:48",84
"2020-05-09 16:41:45",84
"2020-05-09 17:41:48",84
"2020-05-09 18:41:48",84
"2020-05-09 19:41:46",84
"2020-05-09 20:41:46",84
"2020-05-09 21:41:48",84
"2020-05-09 22:41:48",84
"2020-05-09 23:41:48",84
"2020-05-10 00:41:54",84
"2020-05-10 01:41:48",84
"2020-05-10 02:41:55",84
"2020-05-10 03:41:50",84
"2020-05-10 04:41:50",84
"2020-05-10 05:41:51",84
"2020-05-10 06:41:48",84
"2020-05-10 07:41:50",84
"2020-05-10 08:41:49",84
"2020-05-10 09:41:50",84
"2020-05-10 10:41:48",84
"2020-05-10 11:41:50",84
"2020-05-10 12:41:47",84
"2020-05-10 13:41:49",84
"2020-05-10 14:41:45",84
"2020-05-10 15:41:48",84
"2020-05-10 16:41:50",84
"2020-05-10 17:41:47",84
"2020-05-10 18:41:49",84
"2020-05-10 19:41:48",84
"2020-05-10 20:41:50",84
"2020-05-10 21:41:48",84
"2020-05-10 22:41:47",84
"2020-05-10 23:41:49",84
"2020-05-11 00:41:50",84
"2020-05-11 01:41:46",84
"2020-05-11 02:41:48",84
"2020-05-11 03:41:56",84
"2020-05-11 04:41:48",84
"2020-05-11 05:41:50",84
"2020-05-11 06:41:47",84
"2020-05-11 07:41:48",84
"2020-05-11 08:41:53",84
"2020-05-11 09:43:44",84
"2020-05-11 10:41:48",84
"2020-05-11 11:41:45",84
"2020-05-11 13:05:21",84
"2020-05-11 13:41:55",84
"2020-05-11 14:41:53",84
"2020-05-11 15:41:57",84
"2020-05-11 16:41:51",85
"2020-05-11 17:41:52",86
"2020-05-11 18:41:51",86
"2020-05-11 19:41:48",87
"2020-05-11 20:41:48",87
"2020-05-11 21:41:50",87
"2020-05-11 22:41:46",87
"2020-05-11 23:41:52",87
"2020-05-12 00:41:51",87
"2020-05-12 01:41:50",87
"2020-05-12 02:41:49",87
"2020-05-12 03:41:47",87
"2020-05-12 04:41:49",87
"2020-05-12 05:41:49",87
"2020-05-12 06:41:53",87
"2020-05-12 07:41:49",87
"2020-05-12 08:41:51",87
"2020-05-12 09:41:50",87
"2020-05-12 10:41:51",87
"2020-05-12 11:41:48",87
"2020-05-12 13:11:21",87
"2020-05-12 17:41:47",89
"2020-05-12 18:41:48",89
"2020-05-12 19:41:54",89
"2020-05-12 20:41:56",90
"2020-05-12 21:41:57",90
"2020-05-12 22:41:47",90
"2020-05-12 23:41:47",90
"2020-05-13 00:41:55",90
"2020-05-13 01:41:50",90
"2020-05-13 02:41:55",90
"2020-05-13 03:41:57",90
"2020-05-13 06:41:49",90
"2020-05-13 07:41:56",90
"2020-05-13 08:41:53",90
"2020-05-13 09:41:47",90
"2020-05-13 10:41:48",90
"2020-05-13 11:41:47",90
"2020-05-13 12:41:47",90
"2020-05-13 13:41:47",90
"2020-05-13 14:41:48",90
"2020-05-13 15:41:50",92
"2020-05-13 16:41:57",91
"2020-05-13 17:41:49",91
"2020-05-13 18:41:53",91
"2020-05-13 19:41:49",91
"2020-05-13 20:41:49",91
"2020-05-13 21:41:47",91
"2020-05-13 22:41:50",91
"2020-05-13 23:41:50",91
"2020-05-14 00:41:48",91
"2020-05-14 01:41:52",91
"2020-05-14 02:41:48",91
"2020-05-14 03:41:50",91
"2020-05-14 04:41:49",91
"2020-05-14 05:41:52",91
"2020-05-14 06:41:52",91
"2020-05-14 07:41:49",91
"2020-05-14 08:41:52",91
"2020-05-14 09:41:48",91
"2020-05-14 10:41:50",91
"2020-05-14 11:41:50",91
"2020-05-14 12:41:51",91
"2020-05-14 13:41:52",91
"2020-05-14 14:41:51",91
"2020-05-14 15:41:48",90
"2020-05-14 16:41:47",90
"2020-05-14 17:41:48",90
"2020-05-14 18:41:53",90
"2020-05-14 19:41:55",90
"2020-05-14 20:41:48",90
"2020-05-14 21:41:49",90
"2020-05-14 22:41:55",90
"2020-05-14 23:41:51",90
"2020-05-15 00:41:56",90
"2020-05-15 01:42:14",90
"2020-05-15 02:41:56",90
"2020-05-15 03:41:56",90
"2020-05-15 04:41:56",90
"2020-05-15 05:41:50",90
"2020-05-15 06:41:55",90
"2020-05-15 07:41:48",90
"2020-05-15 08:41:50",90
"2020-05-15 09:41:57",90
"2020-05-15 10:41:47",90
"2020-05-15 11:41:49",90
"2020-05-15 12:41:50",90
"2020-05-15 13:41:50",90
"2020-05-15 14:41:47",91
"2020-05-15 15:41:49",91
"2020-05-15 16:41:47",91
"2020-05-15 17:41:55",91
"2020-05-15 18:41:48",91
"2020-05-15 19:41:51",91
"2020-05-15 20:41:50",91
"2020-05-15 21:41:49",91
"2020-05-15 22:41:48",91
"2020-05-15 23:41:47",91
"2020-05-16 00:41:54",91
"2020-05-16 01:42:02",91
"2020-05-16 02:41:58",91
"2020-05-16 03:41:52",91
"2020-05-16 04:41:50",91
"2020-05-16 05:41:49",91
"2020-05-16 06:41:56",91
"2020-05-16 07:41:56",91
"2020-05-16 08:41:49",91
"2020-05-16 09:41:52",91
"2020-05-16 10:41:48",91
"2020-05-16 11:41:47",91
"2020-05-16 12:41:50",91
"2020-05-16 13:41:49",91
"2020-05-16 14:41:48",91
"2020-05-16 15:41:53",91
"2020-05-16 16:41:51",91
"2020-05-16 17:41:48",91
"2020-05-16 18:41:49",91
"2020-05-16 19:41:47",91
"2020-05-16 20:41:50",91
"2020-05-16 21:41:49",91
"2020-05-16 22:41:51",91
"2020-05-16 23:41:49",91
"2020-05-17 00:41:49",91
"2020-05-17 01:41:50",91
"2020-05-18 08:10:42",91
"2020-05-18 08:15:14",91
"2020-05-18 08:15:38",91
"2020-05-18 08:16:15",91
"2020-05-18 08:16:24",91
"2020-05-18 08:16:33",91
"2020-05-18 08:16:37",91
"2020-05-18 08:16:44",91
"2020-05-18 08:17:30",91
"2020-05-18 08:24:17",91
"2020-05-18 08:25:07",91
"2020-05-18 08:25:14",91
"2020-05-18 08:25:16",91
"2020-05-18 08:29:09",91
"2020-05-18 08:29:35",91
"2020-05-18 08:29:48",91
"2020-05-18 08:30:20",91
"2020-05-18 08:34:22",91
"2020-05-18 08:38:23",91
"2020-05-18 08:38:24",91
"2020-05-18 08:44:29",91
"2020-05-18 08:51:45",91
"2020-05-18 08:52:29",91
"2020-05-18 08:52:53",91
"2020-05-18 08:53:23",91
"2020-05-18 08:53:46",91
"2020-05-18 08:55:05",91
"2020-05-18 09:30:45",91
"2020-05-18 09:31:18",91
"2020-05-18 09:31:22",91
"2020-05-18 11:43:03",91
"2020-05-18 11:50:39",91
"2020-05-18 11:58:15",91
"2020-05-18 12:05:53",91
"2020-05-18 13:05:50",91
"2020-05-18 13:41:52",91
"2020-05-18 14:41:47",92
"2020-05-18 15:41:59",92
"2020-05-18 16:42:01",92
"2020-05-18 17:41:48",93
"2020-05-18 18:41:54",93
"2020-05-18 19:41:52",93
"2020-05-18 20:41:51",93
"2020-05-18 21:41:58",93
"2020-05-18 22:41:57",93
"2020-05-18 23:41:59",93
"2020-05-19 00:42:40",93
"2020-05-19 01:41:48",93
"2020-05-19 02:41:51",93
"2020-05-19 03:41:51",93
"2020-05-19 04:41:53",93
"2020-05-19 05:41:52",93
"2020-05-19 06:41:52",93
"2020-05-19 07:41:51",93
"2020-05-19 08:41:54",93
"2020-05-19 09:42:02",93
"2020-05-19 10:41:51",93
"2020-05-19 11:41:57",93
"2020-05-19 13:06:24",93
"2020-05-19 13:41:53",93
"2020-05-19 14:41:50",94
"2020-05-19 15:41:50",94
"2020-05-19 16:41:55",94
"2020-05-19 17:41:50",94
"2020-05-19 18:41:53",93
"2020-05-19 19:41:52",93
"2020-05-19 20:41:54",93
"2020-05-19 21:41:54",93
"2020-05-19 22:41:59",93
"2020-05-19 23:41:51",93
"2020-05-20 00:42:01",93
"2020-05-20 01:42:05",93
"2020-05-20 02:41:56",93
"2020-05-20 03:41:58",93
"2020-05-20 04:41:54",93
"2020-05-20 05:41:52",93
"2020-05-20 06:41:50",93
"2020-05-20 07:41:54",93
"2020-05-20 08:41:51",93
"2020-05-20 09:41:55",93
"2020-05-20 10:41:50",93
"2020-05-20 11:41:51",93
"2020-05-20 12:41:49",93
"2020-05-20 13:41:52",93
"2020-05-20 14:41:53",94
"2020-05-20 15:41:50",94
"2020-05-20 16:41:51",94
"2020-05-20 17:41:58",93
"2020-05-20 18:41:52",93
"2020-05-20 19:41:51",93
"2020-05-20 20:41:49",93
"2020-05-20 21:41:52",93
"2020-05-20 22:41:49",93
"2020-05-20 23:41:51",93
"2020-05-21 00:41:57",93
"2020-05-21 01:41:50",93
"2020-05-21 02:41:52",93
"2020-05-21 03:41:53",93
"2020-05-21 04:41:50",93
"2020-05-21 05:41:50",93
"2020-05-21 06:41:53",93
"2020-05-21 07:41:50",93
"2020-05-21 08:41:52",93
"2020-05-21 09:41:51",93
"2020-05-21 10:41:52",93
"2020-05-21 11:41:54",93
"2020-05-21 12:41:51",93
"2020-05-21 13:41:53",93
"2020-05-21 14:41:49",93
"2020-05-21 15:41:50",94
"2020-05-21 16:41:56",94
"2020-05-21 17:41:53",94
"2020-05-21 18:41:51",94
"2020-05-21 19:41:50",95
"2020-05-21 20:41:52",95
"2020-05-21 21:41:53",95
"2020-05-21 22:41:53",95
"2020-05-21 23:41:58",95
"2020-05-22 00:42:25",95
"2020-05-22 01:41:52",95
"2020-05-22 02:41:56",95
"2020-05-22 03:41:59",95
"2020-05-22 04:41:54",95
"2020-05-22 05:41:55",95
"2020-05-22 06:41:49",95
"2020-05-22 07:41:52",95
"2020-05-22 08:41:54",95
"2020-05-22 09:41:52",95
"2020-05-22 10:41:50",95
"2020-05-22 11:41:50",95
"2020-05-22 12:41:52",95
"2020-05-22 13:41:54",95
"2020-05-22 14:41:51",95
"2020-05-22 15:41:51",94
"2020-05-22 16:41:51",94
"2020-05-22 17:41:51",94
"2020-05-22 18:41:58",94
"2020-05-22 19:41:51",93
"2020-05-22 20:41:49",93
"2020-05-22 21:41:50",93
"2020-05-22 22:41:51",93
"2020-05-22 23:41:51",93
"2020-05-23 00:41:50",93
"2020-05-23 01:41:51",93
"2020-05-23 02:41:56",93
"2020-05-23 03:41:52",93
"2020-05-23 04:41:58",93
"2020-05-23 05:41:50",93
"2020-05-23 06:41:54",93
"2020-05-23 07:41:54",93
"2020-05-23 08:41:54",93
"2020-05-23 09:41:51",93
"2020-05-23 10:41:51",93
"2020-05-23 11:41:55",93
"2020-05-23 12:41:53",93
"2020-05-23 13:41:53",93
"2020-05-23 14:41:52",93
"2020-05-23 15:41:51",93
"2020-05-23 16:41:54",93
"2020-05-23 17:41:52",93
"2020-05-23 18:41:56",93
"2020-05-23 19:41:51",93
"2020-05-23 20:41:50",93
"2020-05-23 21:41:50",93
"2020-05-23 22:41:52",93
"2020-05-23 23:41:53",93
"2020-05-24 00:42:01",93
"2020-05-24 01:41:51",93
"2020-05-24 02:41:51",93
"2020-05-24 03:41:52",93
"2020-05-24 04:41:52",93
"2020-05-24 05:41:51",93
"2020-05-24 06:41:51",93
"2020-05-24 07:41:51",93
"2020-05-24 08:41:55",93
"2020-05-24 09:41:50",93
"2020-05-24 10:41:54",93
"2020-05-24 11:41:52",93
"2020-05-24 12:41:51",93
"2020-05-24 13:41:53",93
"2020-05-24 14:41:54",93
"2020-05-24 15:41:49",93
"2020-05-24 16:41:54",93
"2020-05-24 17:41:53",93
"2020-05-24 18:41:53",93
"2020-05-24 19:41:53",93
"2020-05-24 20:41:53",93
"2020-05-24 21:41:55",93
"2020-05-24 22:41:53",93
"2020-05-24 23:41:50",93
"2020-05-25 00:41:50",93
"2020-05-25 01:41:56",93
"2020-05-25 02:41:52",93
"2020-05-25 03:42:04",93
"2020-05-25 04:41:51",93
"2020-05-25 05:42:47",93
"2020-05-25 06:42:07",93
"2020-05-25 07:41:53",93
"2020-05-25 08:41:57",93
"2020-05-25 09:41:52",93
"2020-05-25 10:41:50",93
"2020-05-25 11:41:59",93
"2020-05-25 12:41:52",93
"2020-05-25 13:41:49",93
"2020-05-25 14:41:54",93
"2020-05-25 15:41:51",93
"2020-05-25 16:41:49",93
"2020-05-25 17:41:52",93
"2020-05-25 18:41:52",93
"2020-05-25 19:41:53",93
"2020-05-25 20:41:54",93
"2020-05-25 21:41:49",93
"2020-05-25 22:41:49",93
"2020-05-25 23:41:50",93
"2020-05-26 00:41:53",93
"2020-05-26 01:41:51",93
"2020-05-26 02:41:49",93
"2020-05-26 03:41:54",93
"2020-05-26 04:41:55",93
"2020-05-26 05:41:51",93
"2020-05-26 06:41:54",93
"2020-05-26 07:41:55",93
"2020-05-26 08:41:56",93
"2020-05-26 09:41:52",93
"2020-05-26 10:41:52",93
"2020-05-26 11:41:55",93
"2020-05-26 12:41:51",93
"2020-05-26 13:41:53",93
"2020-05-26 14:41:53",94
"2020-05-26 15:41:50",94
"2020-05-26 16:41:51",94
"2020-05-26 17:41:52",94
"2020-05-26 18:41:50",95
"2020-05-26 19:41:53",95
"2020-05-26 20:41:51",95
"2020-05-26 21:41:57",95
"2020-05-26 22:41:50",95
"2020-05-26 23:41:51",95
"2020-05-27 00:42:02",95
"2020-05-27 01:41:50",95
"2020-05-27 02:41:52",95
"2020-05-27 03:41:51",95
"2020-05-27 04:41:52",95
"2020-05-27 05:41:51",95
"2020-05-27 06:41:54",95
"2020-05-27 07:41:52",95
"2020-05-27 08:41:50",95
"2020-05-27 09:41:50",95
"2020-05-27 10:41:50",95
"2020-05-27 11:41:49",95
"2020-05-27 13:06:52",95
"2020-05-27 13:41:57",95
"2020-05-27 14:41:53",95
"2020-05-27 15:41:50",95
"2020-05-27 16:41:51",95
"2020-05-27 17:41:50",95
"2020-05-27 18:41:49",95
"2020-05-27 19:41:53",95
"2020-05-27 20:41:52",95
"2020-05-27 21:41:54",95
"2020-05-27 22:41:50",95
"2020-05-27 23:41:50",95
"2020-05-28 00:41:51",95
"2020-05-28 01:41:54",95
"2020-05-28 02:41:50",95
"2020-05-28 03:41:50",95
"2020-05-28 04:41:51",95
"2020-05-28 05:41:50",95
"2020-05-28 06:41:51",95
"2020-05-28 07:41:55",95
"2020-05-28 08:41:52",95
"2020-05-28 09:41:50",95
"2020-05-28 10:41:54",95
"2020-05-28 11:41:54",95
"2020-05-28 13:07:25",95
"2020-05-28 13:41:53",95
"2020-05-28 14:41:54",96
"2020-05-28 15:41:52",97
"2020-05-28 16:41:54",97
"2020-05-28 17:41:52",97
"2020-05-28 18:41:52",97
"2020-05-28 19:41:50",97
"2020-05-28 20:41:56",98
"2020-05-28 21:42:00",98
"2020-05-28 22:41:54",98
"2020-05-28 23:41:56",98
"2020-05-29 00:41:55",98
"2020-05-29 01:41:53",98
"2020-05-29 02:41:59",98
"2020-05-29 03:41:52",98
"2020-05-29 04:41:51",98
"2020-05-29 05:41:58",98
"2020-05-29 06:41:58",98
"2020-05-29 07:41:57",98
"2020-05-29 08:41:57",98
"2020-05-29 09:49:49",98
"2020-05-29 10:41:56",98
"2020-05-29 11:41:52",98
"2020-05-29 12:41:53",98
"2020-05-29 13:41:56",98
"2020-05-29 14:41:58",100
"2020-05-29 15:41:53",102
"2020-05-29 16:41:50",102
"2020-05-29 17:41:54",102
"2020-05-29 18:41:53",102
"2020-05-29 19:41:54",102
"2020-05-29 20:41:56",102
"2020-05-29 21:41:52",102
"2020-05-29 22:41:51",102
"2020-05-29 23:41:59",102
"2020-05-30 00:41:51",102
"2020-05-30 01:41:50",102
"2020-05-30 02:41:51",102
"2020-05-30 03:41:52",102
"2020-05-30 04:41:51",102
"2020-05-30 05:41:54",102
"2020-05-30 06:41:56",102
"2020-05-30 07:42:00",102
"2020-05-30 08:41:54",102
"2020-05-30 09:41:51",102
"2020-05-30 10:41:55",102
"2020-05-30 11:41:53",102
"2020-05-30 12:41:52",102
"2020-05-30 13:41:52",102
"2020-05-30 14:41:51",102
"2020-05-30 15:41:52",102
"2020-05-30 16:42:00",102
"2020-05-30 17:41:52",102
"2020-05-30 18:41:52",102
"2020-05-30 19:41:55",102
"2020-05-30 20:41:52",102
"2020-05-30 21:41:54",102
"2020-05-30 22:41:53",102
"2020-05-30 23:41:53",102
"2020-05-31 00:41:54",102
"2020-05-31 01:41:54",102
"2020-05-31 02:41:53",102
"2020-05-31 03:41:54",102
"2020-05-31 04:41:53",102
"2020-05-31 05:41:55",102
"2020-05-31 06:41:55",102
"2020-05-31 07:41:54",102
"2020-05-31 09:27:49",102
"2020-05-31 09:41:54",102
"2020-05-31 10:41:53",102
"2020-05-31 13:08:13",102
"2020-05-31 13:17:03",102
"2020-06-01 04:46:02",102
"2020-06-01 04:56:19",102
"2020-06-01 04:57:34",102
"2020-06-01 04:57:36",102
"2020-06-01 04:57:47",102
"2020-06-01 04:58:08",102
"2020-06-01 04:58:30",102
"2020-06-01 04:59:47",102
"2020-06-01 05:01:34",102
"2020-06-01 05:01:55",102
"2020-06-01 05:07:01",102
"2020-06-01 05:07:20",102
"2020-06-01 05:07:47",102
"2020-06-01 05:12:12",102
"2020-06-01 05:12:21",102
"2020-06-01 06:36:31",102
"2020-06-01 06:44:07",102
"2020-06-01 06:51:43",102
"2020-06-01 07:41:53",102
"2020-06-01 08:41:55",102
"2020-06-01 09:41:53",102
"2020-06-01 10:41:50",102
"2020-06-01 11:41:53",102
"2020-06-01 13:05:26",102
"2020-06-01 13:42:04",102
"2020-06-01 14:41:56",103
"2020-06-01 15:41:54",102
"2020-06-01 16:42:02",102
"2020-06-01 17:42:01",102
"2020-06-01 18:42:01",103
"2020-06-01 19:41:56",103
"2020-06-01 20:41:55",104
"2020-06-01 21:41:55",104
"2020-06-01 22:41:51",104
"2020-06-01 23:41:54",104
"2020-06-02 00:41:56",104
"2020-06-02 01:41:52",104
"2020-06-02 02:41:53",104
"2020-06-02 03:41:54",104
"2020-06-02 04:41:53",104
"2020-06-02 05:41:53",104
"2020-06-02 06:41:52",104
"2020-06-02 07:41:56",104
"2020-06-02 08:41:55",104
"2020-06-02 09:41:53",104
"2020-06-02 10:41:56",104
"2020-06-02 11:41:53",104
"2020-06-02 12:42:02",104
"2020-06-02 13:41:57",104
"2020-06-02 14:42:02",104
"2020-06-02 15:42:03",105
"2020-06-02 16:41:52",106
"2020-06-02 17:42:02",106
"2020-06-02 18:41:54",106
"2020-06-02 19:42:01",106
"2020-06-02 20:42:01",106
"2020-06-02 21:41:51",106
"2020-06-02 22:41:54",106
"2020-06-02 23:41:51",106
"2020-06-03 00:41:57",106
"2020-06-03 01:42:03",106
"2020-06-03 02:41:50",106
"2020-06-03 03:41:59",106
"2020-06-03 04:41:58",105
"2020-06-03 05:41:51",105
"2020-06-03 06:41:54",105
"2020-06-03 07:42:00",105
"2020-06-03 08:41:52",105
"2020-06-03 09:41:53",105
"2020-06-03 10:41:54",105
"2020-06-03 11:41:53",105
"2020-06-03 13:08:56",105
"2020-06-03 13:41:55",105
"2020-06-03 14:41:53",107
"2020-06-03 15:42:01",110
"2020-06-03 16:42:01",110
"2020-06-03 17:42:04",110
"2020-06-03 18:42:05",110
"2020-06-03 19:42:03",110
"2020-06-03 20:41:53",110
"2020-06-03 21:41:54",111
"2020-06-03 22:41:52",111
"2020-06-03 23:41:51",111
"2020-06-04 00:42:01",111
"2020-06-04 01:41:59",111
"2020-06-04 02:41:54",111
"2020-06-04 03:41:55",111
"2020-06-04 04:41:57",111
"2020-06-04 05:41:52",111
"2020-06-04 06:41:54",111
"2020-06-04 07:41:59",111
"2020-06-04 08:41:59",111
"2020-06-04 09:41:56",111
"2020-06-04 10:41:53",111
"2020-06-04 11:41:54",111
"2020-06-04 12:41:56",111
"2020-06-04 13:41:58",111
"2020-06-04 14:42:10",111
"2020-06-04 15:42:01",110
"2020-06-04 17:07:28",110
"2020-06-04 17:41:54",110
"2020-06-04 18:42:00",111
"2020-06-04 19:41:52",113
"2020-06-04 20:42:01",113
"2020-06-04 21:42:01",113
"2020-06-04 22:41:54",113
"2020-06-04 23:41:56",113
"2020-06-05 00:41:55",113
"2020-06-05 01:41:52",113
"2020-06-05 02:41:54",113
"2020-06-05 03:41:54",113
"2020-06-05 04:41:54",113
"2020-06-05 05:41:56",113
"2020-06-05 06:41:56",113
"2020-06-05 07:41:55",113
"2020-06-05 08:41:56",113
"2020-06-05 09:41:52",113
"2020-06-05 10:41:51",113
"2020-06-05 11:41:54",113
"2020-06-05 13:09:56",113
"2020-06-05 13:42:05",113
"2020-06-05 14:42:02",113
"2020-06-05 15:41:57",114
"2020-06-05 16:42:10",114
"2020-06-05 17:41:57",114
"2020-06-05 18:41:57",114
"2020-06-05 19:41:57",114
"2020-06-05 20:42:06",114
"2020-06-05 21:41:59",114
"2020-06-05 22:41:57",114
"2020-06-05 23:41:57",114
"2020-06-06 00:42:00",114
"2020-06-06 01:41:54",114
"2020-06-06 02:41:57",114
"2020-06-06 03:41:58",114
"2020-06-06 04:41:58",114
"2020-06-06 05:42:00",114
"2020-06-06 06:41:58",114
"2020-06-06 07:42:09",114
"2020-06-06 08:41:57",114
"2020-06-06 09:53:14",114
"2020-06-06 10:41:54",114
"2020-06-06 11:41:57",114
"2020-06-06 12:41:57",114
"2020-06-06 13:41:56",114
"2020-06-06 14:42:05",114
"2020-06-06 15:41:57",114
"2020-06-06 16:42:04",114
"2020-06-06 18:41:58",114
"2020-06-06 19:41:56",114
"2020-06-06 20:41:57",114
"2020-06-06 21:41:56",114
"2020-06-06 22:41:57",114
"2020-06-06 23:41:59",114
"2020-06-07 00:42:00",114
"2020-06-07 01:41:55",114
"2020-06-07 02:41:56",114
"2020-06-07 03:41:58",114
"2020-06-07 04:41:58",114
"2020-06-07 05:41:56",114
"2020-06-07 06:41:58",114
"2020-06-07 07:41:58",114
"2020-06-07 08:41:58",114
"2020-06-08 04:41:54",114
"2020-06-08 05:41:54",114
"2020-06-08 06:42:05",114
"2020-06-08 07:41:54",114
"2020-06-08 08:41:57",114
"2020-06-08 09:41:55",114
"2020-06-08 10:41:54",114
"2020-06-08 11:41:56",114
"2020-06-08 12:42:04",114
"2020-06-08 13:41:57",114
"2020-06-08 14:42:15",117
"2020-06-08 15:41:56",118
"2020-06-08 16:42:02",120
"2020-06-08 17:42:01",121
"2020-06-08 18:42:09",123
"2020-06-08 19:42:07",124
"2020-06-08 20:42:01",124
"2020-06-08 21:42:01",124
"2020-06-08 22:41:58",124
"2020-06-08 23:42:00",124
"2020-06-09 00:41:59",124
"2020-06-09 01:42:03",124
"2020-06-09 02:42:01",124
"2020-06-09 03:41:58",124
"2020-06-09 04:42:10",124
"2020-06-09 05:42:15",124
"2020-06-09 06:42:09",124
"2020-06-09 07:42:00",124
"2020-06-09 08:42:01",124
"2020-06-09 09:42:08",124
"2020-06-09 10:41:59",124
"2020-06-09 11:42:03",124
"2020-06-09 12:42:12",124
"2020-06-09 13:42:06",124
"2020-06-09 14:42:06",124
"2020-06-09 15:42:07",123
"2020-06-09 16:42:12",124
"2020-06-09 17:41:57",124
"2020-06-09 18:42:06",124
"2020-06-09 19:42:13",124
"2020-06-09 20:42:16",124
"2020-06-09 21:42:06",125
"2020-06-09 22:42:07",125
"2020-06-09 23:42:07",125
"2020-06-10 00:42:09",125
"2020-06-10 01:42:05",125
"2020-06-10 02:42:05",125
"2020-06-10 03:42:09",125
"2020-06-10 04:42:04",125
"2020-06-10 05:42:08",125
"2020-06-10 06:42:00",125
"2020-06-10 07:41:55",125
"2020-06-10 08:42:00",125
"2020-06-10 09:41:53",125
"2020-06-10 10:41:54",125
"2020-06-10 11:41:58",125
"2020-06-10 12:42:00",125
"2020-06-10 13:42:03",125
"2020-06-10 14:42:06",128
"2020-06-10 15:41:58",128
"2020-06-10 16:42:03",128
"2020-06-10 17:42:01",129
"2020-06-10 18:42:00",129
"2020-06-10 19:41:59",130
"2020-06-10 20:41:56",131
"2020-06-10 21:42:03",131
"2020-06-10 22:41:56",131
"2020-06-10 23:42:05",131
"2020-06-11 00:42:39",131
"2020-06-11 01:41:55",131
"2020-06-11 02:42:12",131
"2020-06-11 03:42:12",131
"2020-06-11 04:41:59",131
"2020-06-11 05:42:11",131
"2020-06-11 06:42:01",131
"2020-06-11 07:42:06",131
"2020-06-11 08:41:57",131
"2020-06-11 09:41:59",131
"2020-06-11 10:41:58",131
"2020-06-11 11:41:55",131
"2020-06-11 12:41:59",131
"2020-06-11 13:42:12",131
"2020-06-11 14:41:59",135
"2020-06-11 15:42:13",135
"2020-06-11 16:42:21",134
"2020-06-11 17:42:04",132
"2020-06-11 18:42:09",132
"2020-06-11 19:42:04",131
"2020-06-11 20:41:57",131
"2020-06-11 21:41:58",131
"2020-06-11 22:41:54",131
"2020-06-11 23:41:53",131
"2020-06-12 00:41:59",131
"2020-06-12 01:41:58",131
"2020-06-12 02:41:58",131
"2020-06-12 03:41:58",131
"2020-06-12 04:41:58",131
"2020-06-12 05:41:56",131
"2020-06-12 06:42:00",131
"2020-06-12 07:42:00",131
"2020-06-12 08:41:54",131
"2020-06-12 09:41:58",131
"2020-06-12 10:42:01",131
"2020-06-12 11:41:55",131
"2020-06-12 14:09:35",134
"2020-06-12 14:17:34",134
"2020-06-12 14:42:12",134
"2020-06-12 15:42:04",134
"2020-06-12 16:42:05",136
"2020-06-12 17:41:58",136
"2020-06-12 18:42:02",136
"2020-06-12 19:42:05",137
"2020-06-12 20:42:06",137
"2020-06-12 21:42:03",137
"2020-06-12 22:41:57",137
"2020-06-12 23:41:56",137
"2020-06-13 00:41:56",137
"2020-06-13 01:41:57",137
"2020-06-13 02:41:57",137
"2020-06-13 03:41:57",137
"2020-06-13 04:41:56",137
"2020-06-13 05:41:57",137
"2020-06-13 06:41:58",137
"2020-06-13 07:41:57",137
"2020-06-13 08:41:55",137
"2020-06-13 09:41:57",137
"2020-06-13 10:41:56",137
"2020-06-13 11:41:55",137
"2020-06-13 12:41:56",137
"2020-06-13 13:41:56",137
"2020-06-13 14:41:56",137
"2020-06-13 15:41:57",137
"2020-06-13 16:42:00",137
"2020-06-13 17:41:58",137
"2020-06-13 18:41:58",137
"2020-06-13 19:41:58",137
"2020-06-13 20:41:58",137
"2020-06-13 21:41:59",137
"2020-06-13 22:41:59",137
"2020-06-13 23:41:59",137
"2020-06-14 00:41:57",137
"2020-06-14 01:41:55",137
"2020-06-14 02:41:58",137
"2020-06-14 03:42:00",137
"2020-06-14 04:41:54",137
"2020-06-14 05:42:04",137
"2020-06-14 06:41:56",137
"2020-06-14 07:41:59",137
"2020-06-14 08:41:56",137
"2020-06-14 09:41:57",137
"2020-06-14 10:41:58",137
"2020-06-14 11:41:57",137
"2020-06-14 12:41:55",137
"2020-06-14 13:41:56",137
"2020-06-14 14:41:59",137
"2020-06-14 15:41:55",137
"2020-06-14 16:41:56",137
"2020-06-14 17:41:58",137
"2020-06-14 18:41:58",137
"2020-06-14 19:41:56",137
"2020-06-14 20:41:57",137
"2020-06-14 21:42:01",137
"2020-06-14 22:41:55",137
"2020-06-14 23:41:56",137
"2020-06-15 00:42:03",137
"2020-06-15 01:42:01",137
"2020-06-15 02:41:59",137
"2020-06-15 03:41:57",137
"2020-06-15 04:41:57",137
"2020-06-15 05:42:07",137
"2020-06-15 06:41:56",137
"2020-06-15 07:41:56",137
"2020-06-15 08:41:58",137
"2020-06-15 09:42:00",137
"2020-06-15 10:41:54",137
"2020-06-15 11:41:57",137
"2020-06-15 12:42:00",137
"2020-06-15 13:42:10",137
"2020-06-15 14:42:07",139
"2020-06-15 15:42:00",140
"2020-06-15 16:42:03",140
"2020-06-15 17:42:00",140
"2020-06-15 18:40:31",140
"2020-06-15 18:48:14",140
"2020-06-15 18:55:53",140
"2020-06-15 19:03:35",141
"2020-06-15 19:11:19",141
"2020-06-15 19:19:07",141
"2020-06-15 19:26:50",141
"2020-06-15 19:34:30",141
"2020-06-15 19:42:09",141
"2020-06-15 19:49:49",141
"2020-06-15 19:57:34",141
"2020-06-15 20:05:20",142
"2020-06-15 20:10:22",142
"2020-06-15 20:18:01",142
"2020-06-15 20:25:39",142
"2020-06-15 20:33:18",142
"2020-06-15 20:40:56",142
"2020-06-15 20:48:33",142
"2020-06-15 20:56:13",142
"2020-06-15 21:03:54",142
"2020-06-15 21:11:37",142
"2020-06-15 21:19:15",142
"2020-06-15 21:26:51",142
"2020-06-15 21:34:29",142
"2020-06-15 21:42:07",142
"2020-06-15 21:49:45",142
"2020-06-15 22:41:57",142
"2020-06-15 23:41:57",142
"2020-06-16 00:41:59",142
"2020-06-16 01:41:55",142
"2020-06-16 02:42:11",142
"2020-06-16 03:41:55",142
"2020-06-16 04:41:54",142
"2020-06-16 05:41:55",142
"2020-06-16 06:42:06",142
"2020-06-16 07:42:04",142
"2020-06-16 08:41:57",142
"2020-06-16 09:41:55",142
"2020-06-16 10:41:57",142
"2020-06-16 11:41:56",142
"2020-06-16 12:41:59",142
"2020-06-16 13:41:58",142
"2020-06-16 14:42:05",141
"2020-06-16 15:41:58",140
"2020-06-16 16:41:58",141
"2020-06-16 17:42:09",141
"2020-06-16 18:41:58",141
"2020-06-16 19:41:58",142
"2020-06-16 20:41:56",142
"2020-06-16 21:41:57",142
"2020-06-16 22:41:54",142
"2020-06-16 23:41:55",142
"2020-06-17 00:41:57",142
"2020-06-17 01:42:03",142
"2020-06-17 02:41:58",142
"2020-06-17 03:41:56",142
"2020-06-17 04:41:58",142
"2020-06-17 05:41:57",142
"2020-06-17 06:42:04",142
"2020-06-17 07:41:58",142
"2020-06-17 08:41:56",142
"2020-06-17 09:41:56",142
"2020-06-17 10:41:55",142
"2020-06-17 11:41:59",142
"2020-06-17 12:41:56",142
"2020-06-17 13:42:01",142
"2020-06-17 14:41:56",143
"2020-06-17 15:42:01",142
"2020-06-17 16:42:03",142
"2020-06-17 17:42:00",142
"2020-06-17 18:42:02",142
"2020-06-17 19:42:06",142
"2020-06-17 20:42:06",141
"2020-06-17 21:42:03",141
"2020-06-17 22:41:56",141
"2020-06-17 23:41:59",141
"2020-06-18 00:41:58",141
"2020-06-18 01:41:59",141
"2020-06-18 02:41:57",141
"2020-06-18 03:42:05",141
"2020-06-18 04:41:59",141
"2020-06-18 05:41:57",141
"2020-06-18 06:41:58",141
"2020-06-18 07:42:03",141
"2020-06-18 08:41:55",141
"2020-06-18 09:41:57",141
"2020-06-18 10:41:54",141
"2020-06-18 11:41:57",141
"2020-06-18 12:41:58",141
"2020-06-18 13:42:04",141
"2020-06-18 14:42:02",140
"2020-06-18 17:03:59",140
"2020-06-18 17:42:00",140
"2020-06-18 18:42:04",140
"2020-06-18 19:42:01",140
"2020-06-18 20:41:59",140
"2020-06-18 21:42:05",140
"2020-06-18 22:41:56",140
"2020-06-18 23:42:02",140
"2020-06-19 00:42:06",140
"2020-06-19 01:41:57",140
"2020-06-19 02:41:58",140
"2020-06-19 03:42:07",140
"2020-06-19 04:44:29",140
"2020-06-19 05:41:59",140
"2020-06-19 06:41:55",140
"2020-06-19 07:42:07",140
"2020-06-19 08:42:07",140
"2020-06-19 09:42:03",140
"2020-06-19 10:41:57",140
"2020-06-19 11:41:53",140
"2020-06-19 13:07:28",140
"2020-06-19 13:42:03",140
"2020-06-19 14:41:59",138
"2020-06-19 15:42:01",140
"2020-06-19 16:42:00",139
"2020-06-19 17:42:06",139
"2020-06-19 18:41:55",139
"2020-06-19 19:42:01",138
"2020-06-19 20:41:58",138
"2020-06-19 21:41:55",138
"2020-06-19 22:42:05",138
"2020-06-19 23:42:04",138
"2020-06-20 00:42:02",138
"2020-06-20 01:41:59",138
"2020-06-20 02:42:01",138
"2020-06-20 03:41:56",138
"2020-06-20 04:41:54",138
"2020-06-20 05:42:01",138
"2020-06-20 06:41:57",138
"2020-06-20 07:41:58",138
"2020-06-20 08:42:00",138
"2020-06-20 09:41:58",138
"2020-06-20 10:41:57",138
"2020-06-20 11:41:58",138
"2020-06-20 12:42:02",138
"2020-06-20 13:41:59",138
"2020-06-20 14:42:01",138
"2020-06-20 15:41:55",138
"2020-06-20 16:42:05",138
"2020-06-20 17:41:56",138
"2020-06-20 18:41:58",138
"2020-06-20 19:42:03",138
"2020-06-20 20:42:01",138
"2020-06-20 21:41:58",138
"2020-06-20 22:41:59",138
"2020-06-20 23:42:00",138
"2020-06-21 00:42:01",138
"2020-06-21 01:42:00",138
"2020-06-21 02:41:58",138
"2020-06-21 03:42:08",138
"2020-06-21 04:41:59",138
"2020-06-21 05:42:07",138
"2020-06-21 06:41:58",138
"2020-06-21 07:41:59",138
"2020-06-21 08:41:55",138
"2020-06-21 09:41:58",138
"2020-06-21 10:41:54",138
"2020-06-21 11:41:59",138
"2020-06-21 12:42:01",138
"2020-06-21 13:42:00",138
"2020-06-21 14:42:10",138
"2020-06-21 15:42:01",138
"2020-06-21 16:41:56",138
"2020-06-21 17:42:00",138
"2020-06-21 18:42:00",138
"2020-06-21 19:42:01",138
"2020-06-21 20:41:58",138
"2020-06-21 21:42:00",138
"2020-06-21 22:42:05",138
"2020-06-21 23:42:04",138
"2020-06-22 00:41:58",138
"2020-06-22 01:42:02",138
"2020-06-22 02:42:00",138
"2020-06-22 03:41:59",138
"2020-06-22 04:41:59",138
"2020-06-22 05:42:06",138
"2020-06-22 06:41:59",138
"2020-06-22 07:41:56",138
"2020-06-22 08:42:00",138
"2020-06-22 09:42:02",138
"2020-06-22 10:42:08",138
"2020-06-22 11:41:57",138
"2020-06-22 12:42:00",138
"2020-06-22 13:42:01",138
"2020-06-22 14:42:02",140
"2020-06-22 15:42:06",140
"2020-06-22 16:42:02",140
"2020-06-22 17:42:07",141
"2020-06-22 18:42:01",141
"2020-06-22 19:42:04",140
"2020-06-22 20:41:57",139
"2020-06-22 21:41:58",139
"2020-06-22 22:41:56",139
"2020-06-22 23:41:57",139
"2020-06-23 00:41:58",139
"2020-06-23 01:42:00",139
"2020-06-23 02:42:03",139
"2020-06-23 03:42:02",139
"2020-06-23 04:42:05",139
"2020-06-23 05:42:13",139
"2020-06-23 06:41:58",139
"2020-06-23 07:42:01",139
"2020-06-23 08:42:12",139
"2020-06-23 09:42:00",139
"2020-06-23 10:42:02",139
"2020-06-23 11:41:59",139
"2020-06-23 12:42:00",139
"2020-06-23 13:42:01",139
"2020-06-23 14:42:03",140
"2020-06-23 15:42:13",140
"2020-06-23 16:42:00",140
"2020-06-23 17:42:03",140
"2020-06-23 18:42:09",140
"2020-06-23 19:41:59",140
"2020-06-23 20:42:04",141
"2020-06-23 21:41:56",141
"2020-06-23 22:42:05",141
"2020-06-23 23:42:09",141
"2020-06-24 00:42:06",141
"2020-06-24 01:42:10",141
"2020-06-24 02:42:05",141
"2020-06-24 03:41:58",141
"2020-06-24 04:42:04",141
"2020-06-24 05:42:08",141
"2020-06-24 06:42:01",141
"2020-06-24 07:42:01",141
"2020-06-24 08:42:00",141
"2020-06-24 09:42:01",141
"2020-06-24 10:42:08",141
"2020-06-24 11:41:57",141
"2020-06-24 12:42:00",141
"2020-06-24 13:42:03",141
"2020-06-24 14:42:07",141
"2020-06-24 15:41:57",140
"2020-06-24 16:42:00",141
"2020-06-24 17:42:09",141
"2020-06-24 18:42:05",140
"2020-06-24 19:42:06",140
"2020-06-24 20:42:02",140
"2020-06-24 21:41:59",140
"2020-06-24 22:41:58",140
"2020-06-24 23:42:01",140
"2020-06-25 00:42:03",140
"2020-06-25 01:42:00",140
"2020-06-25 02:41:57",140
"2020-06-25 03:41:58",140
"2020-06-25 04:42:00",140
"2020-06-25 05:41:58",140
"2020-06-25 06:42:04",140
"2020-06-25 07:42:04",140
"2020-06-25 08:41:59",140
"2020-06-25 09:42:07",140
"2020-06-25 10:41:57",140
"2020-06-25 11:42:12",140
"2020-06-25 13:06:29",140
"2020-06-25 13:42:12",140
"2020-06-25 14:42:21",140
"2020-06-25 15:42:12",140
"2020-06-25 16:42:11",140
"2020-06-25 17:42:11",140
"2020-06-25 18:42:04",140
"2020-06-25 19:42:09",141
"2020-06-25 20:42:01",141
"2020-06-25 21:42:09",141
"2020-06-25 22:42:12",141
"2020-06-25 23:42:02",141
"2020-06-26 00:42:14",141
"2020-06-26 01:42:11",141
"2020-06-26 02:42:06",141
"2020-06-26 03:42:09",141
"2020-06-26 04:41:59",141
"2020-06-26 05:42:03",141
"2020-06-26 06:42:06",141
"2020-06-26 07:42:06",141
"2020-06-26 08:42:06",141
"2020-06-26 09:42:00",141
"2020-06-26 10:42:02",141
"2020-06-26 11:42:07",141
"2020-06-26 12:42:06",141
"2020-06-26 13:42:12",141
"2020-06-26 14:42:03",141
"2020-06-26 15:42:02",141
"2020-06-26 16:42:05",140
"2020-06-26 17:42:05",140
"2020-06-26 18:42:03",141
"2020-06-26 19:42:06",141
"2020-06-26 20:42:03",141
"2020-06-26 21:42:05",141
"2020-06-26 22:42:09",141
"2020-06-26 23:42:01",141
"2020-06-27 00:42:13",141
"2020-06-27 01:42:10",141
"2020-06-27 02:42:08",141
"2020-06-27 03:42:09",141
"2020-06-27 04:42:11",141
"2020-06-27 05:42:00",141
"2020-06-27 06:42:03",141
"2020-06-27 07:42:03",141
"2020-06-27 08:41:59",141
"2020-06-27 09:42:02",141
"2020-06-27 10:42:02",141
"2020-06-27 11:42:00",141
"2020-06-27 12:42:06",141
"2020-06-27 13:42:04",141
"2020-06-27 14:41:59",141
"2020-06-27 15:42:12",141
"2020-06-27 16:42:02",141
"2020-06-27 17:42:01",141
"2020-06-27 18:42:03",141
"2020-06-27 19:42:02",141
"2020-06-27 20:42:00",141
"2020-06-27 21:42:01",141
"2020-06-27 22:42:00",141
"2020-06-27 23:42:00",141
"2020-06-28 00:42:07",141
"2020-06-28 01:41:59",141
"2020-06-28 02:42:04",141
"2020-06-28 03:42:02",141
"2020-06-28 04:41:59",141
"2020-06-28 05:42:02",141
"2020-06-28 06:42:00",141
"2020-06-28 07:42:05",141
"2020-06-28 08:42:03",141
"2020-06-28 09:42:00",141
"2020-06-28 10:42:02",141
"2020-06-28 11:41:59",141
"2020-06-28 12:42:03",141
"2020-06-28 13:42:02",141
"2020-06-28 14:42:00",141
"2020-06-28 15:42:04",141
"2020-06-28 16:42:03",141
"2020-06-28 17:41:59",141
"2020-06-28 18:42:02",141
"2020-06-28 19:42:03",141
"2020-06-28 20:41:58",141
"2020-06-28 21:42:03",141
"2020-06-28 22:42:07",141
"2020-06-28 23:42:03",141
"2020-06-29 00:42:09",141
"2020-06-29 01:41:58",141
"2020-06-29 02:42:04",141
"2020-06-29 03:42:01",141
"2020-06-29 04:42:04",141
"2020-06-29 05:42:00",141
"2020-06-29 06:42:05",141
"2020-06-29 07:42:05",141
"2020-06-29 08:42:03",141
"2020-06-29 09:42:03",141
"2020-06-29 10:42:04",141
"2020-06-29 11:42:02",141
"2020-06-29 12:42:09",141
"2020-06-29 13:42:10",141
"2020-06-29 14:42:16",142
"2020-06-29 15:42:04",142
"2020-06-29 16:42:03",142
"2020-06-29 17:42:02",143
"2020-06-29 18:42:03",143
"2020-06-29 19:42:02",144
"2020-06-29 20:42:03",144
"2020-06-29 21:42:02",144
"2020-06-29 22:42:01",144
"2020-06-29 23:42:05",144
"2020-06-30 00:42:09",144
"2020-06-30 01:42:08",144
"2020-06-30 02:42:17",144
"2020-06-30 03:42:01",144
"2020-06-30 04:42:11",144
"2020-06-30 05:42:08",144
"2020-06-30 06:42:13",144
"2020-06-30 07:42:02",143
"2020-06-30 08:42:02",143
"2020-06-30 09:42:07",143
"2020-06-30 10:42:03",143
"2020-06-30 11:42:01",143
"2020-06-30 12:42:03",143
"2020-06-30 13:42:20",143
"2020-06-30 14:42:10",144
"2020-06-30 15:42:09",144
"2020-06-30 16:42:14",144
"2020-06-30 17:42:03",144
"2020-06-30 18:42:06",144
"2020-06-30 19:42:04",144
"2020-06-30 20:42:07",144
"2020-06-30 21:42:10",144
"2020-06-30 22:41:59",144
"2020-06-30 23:42:03",144
"2020-07-01 00:42:27",144
"2020-07-01 01:42:06",144
"2020-07-01 02:42:11",144
"2020-07-01 03:42:06",144
"2020-07-01 04:42:08",144
"2020-07-01 05:42:05",144
"2020-07-01 06:42:04",144
"2020-07-01 07:42:06",144
"2020-07-01 08:42:10",144
"2020-07-01 09:42:21",144
"2020-07-01 10:42:17",144
"2020-07-01 11:42:03",144
"2020-07-01 13:06:06",144
"2020-07-01 13:42:17",144
"2020-07-01 14:42:19",142
"2020-07-01 15:42:18",143
"2020-07-01 16:42:16",144
"2020-07-01 17:42:11",144
"2020-07-01 18:42:15",144
"2020-07-01 19:42:18",144
"2020-07-01 20:42:13",144
"2020-07-01 21:42:07",144
"2020-07-01 22:42:14",144
"2020-07-01 23:42:09",144
"2020-07-02 00:42:32",144
"2020-07-02 01:42:09",144
"2020-07-02 02:42:10",144
"2020-07-02 03:42:10",144
"2020-07-02 04:42:08",144
"2020-07-02 05:42:09",144
"2020-07-02 06:42:09",144
"2020-07-02 07:42:04",144
"2020-07-02 08:42:05",144
"2020-07-02 09:42:09",144
"2020-07-02 10:42:06",144
"2020-07-02 11:42:07",144
"2020-07-02 13:09:05",144
"2020-07-02 13:42:22",144
"2020-07-02 14:42:07",144
"2020-07-02 15:42:07",145
"2020-07-02 16:42:12",146
"2020-07-02 17:42:12",146
"2020-07-02 18:42:13",147
"2020-07-02 19:42:09",147
"2020-07-02 20:42:02",147
"2020-07-02 21:42:08",147
"2020-07-02 22:42:02",147
"2020-07-02 23:42:03",147
"2020-07-03 00:42:16",147
"2020-07-03 01:42:07",147
"2020-07-03 02:42:11",147
"2020-07-03 03:42:05",147
"2020-07-03 04:42:12",147
"2020-07-03 05:42:05",147
"2020-07-03 06:42:05",147
"2020-07-03 07:42:04",147
"2020-07-03 08:42:04",147
"2020-07-03 09:42:16",147
"2020-07-03 10:42:05",147
"2020-07-03 11:42:05",147
"2020-07-03 12:42:03",147
"2020-07-03 13:42:04",147
"2020-07-03 14:42:11",147
"2020-07-03 15:42:03",147
"2020-07-03 16:42:05",147
"2020-07-03 17:42:04",147
"2020-07-03 18:42:09",147
"2020-07-03 19:42:05",147
"2020-07-03 20:42:06",147
"2020-07-03 21:42:06",147
"2020-07-03 22:42:03",147
"2020-07-03 23:42:04",147
"2020-07-04 00:42:04",147
"2020-07-04 01:42:08",147
"2020-07-04 02:42:12",147
"2020-07-04 03:42:06",147
"2020-07-04 04:42:03",147
"2020-07-04 05:42:06",147
"2020-07-04 06:42:07",147
"2020-07-04 07:42:05",147
"2020-07-04 08:42:04",147
"2020-07-04 09:42:06",147
"2020-07-04 11:36:08",147
"2020-07-04 11:43:56",147
"2020-07-04 12:42:07",147
"2020-07-04 13:42:05",147
"2020-07-04 14:42:06",147
"2020-07-04 15:42:02",147
"2020-07-04 16:42:14",147
"2020-07-04 17:42:05",147
"2020-07-04 18:42:04",147
"2020-07-04 19:42:02",147
"2020-07-04 20:42:07",147
"2020-07-04 21:42:04",147
"2020-07-04 22:42:03",147
"2020-07-04 23:42:08",147
"2020-07-05 00:42:08",147
"2020-07-05 01:42:06",147
"2020-07-05 02:42:02",147
"2020-07-05 03:42:05",147
"2020-07-05 04:42:02",147
"2020-07-05 05:42:05",147
"2020-07-05 06:42:06",147
"2020-07-05 07:42:07",147
"2020-07-05 08:42:06",147
"2020-07-05 09:42:05",147
"2020-07-05 11:33:59",147
"2020-07-05 11:45:25",147
"2020-07-05 12:42:05",147
"2020-07-05 13:42:07",147
"2020-07-05 14:42:02",147
"2020-07-05 15:42:09",147
"2020-07-05 16:42:08",147
"2020-07-05 17:42:03",147
"2020-07-05 18:42:03",147
"2020-07-05 19:42:05",147
"2020-07-05 20:42:03",147
"2020-07-05 21:42:05",147
"2020-07-05 22:42:02",147
"2020-07-05 23:42:03",147
"2020-07-06 00:42:06",147
"2020-07-06 01:42:07",147
"2020-07-06 02:42:05",147
"2020-07-06 03:42:05",147
"2020-07-06 04:42:04",147
"2020-07-06 05:42:00",147
"2020-07-06 06:42:08",147
"2020-07-06 07:42:10",147
"2020-07-06 08:42:09",147
"2020-07-06 09:42:04",147
"2020-07-06 11:39:22",147
"2020-07-06 11:49:54",147
"2020-07-06 14:07:41",148
"2020-07-06 14:15:46",148
"2020-07-06 14:42:13",148
"2020-07-06 15:42:07",148
"2020-07-06 16:42:17",147
"2020-07-06 17:42:09",147
"2020-07-06 18:42:06",147
"2020-07-06 19:42:04",146
"2020-07-06 20:42:05",145
"2020-07-06 21:42:04",145
"2020-07-06 22:42:10",145
"2020-07-06 23:42:04",145
"2020-07-07 00:42:07",145
"2020-07-07 01:42:02",145
"2020-07-07 02:42:05",145
"2020-07-07 03:42:11",145
"2020-07-07 04:42:04",145
"2020-07-07 05:42:01",145
"2020-07-07 06:42:01",145
"2020-07-07 07:42:01",145
"2020-07-07 08:42:01",145
"2020-07-07 11:22:49",145
"2020-07-07 11:27:49",145
"2020-07-07 11:42:04",145
"2020-07-07 12:42:07",145
"2020-07-07 13:42:06",145
"2020-07-07 14:42:05",147
"2020-07-07 15:42:14",148
"2020-07-07 16:42:57",149
"2020-07-07 17:42:10",151
"2020-07-07 18:42:01",152
"2020-07-07 19:42:15",152
"2020-07-07 20:42:08",152
"2020-07-07 21:42:16",152
"2020-07-07 22:42:08",152
"2020-07-07 23:42:06",152
"2020-07-08 00:42:19",152
"2020-07-08 01:42:13",152
"2020-07-08 02:42:06",152
"2020-07-08 03:42:09",152
"2020-07-08 04:42:05",152
"2020-07-08 05:42:13",152
"2020-07-08 06:42:09",152
"2020-07-08 07:42:08",152
"2020-07-08 08:42:07",152
"2020-07-08 11:47:58",152
"2020-07-08 11:52:31",152
"2020-07-08 11:54:05",152
"2020-07-08 13:10:07",152
"2020-07-08 13:42:15",152
"2020-07-08 14:42:06",151
"2020-07-08 15:42:07",151
"2020-07-08 16:42:08",151
"2020-07-08 17:42:10",151
"2020-07-08 18:42:11",151
"2020-07-08 19:42:12",151
"2020-07-08 20:42:07",151
"2020-07-08 21:42:07",151
"2020-07-08 22:42:05",151
"2020-07-08 23:42:08",151
"2020-07-09 00:42:27",151
"2020-07-09 01:42:09",151
"2020-07-09 18:42:06",151
"2020-07-09 18:44:38",151
"2020-07-09 18:57:29",151
"2020-07-09 19:43:44",152
"2020-07-09 20:42:09",153
"2020-07-09 21:42:08",153
"2020-07-09 22:42:12",153
"2020-07-09 23:42:07",153
"2020-07-10 00:42:26",153
"2020-07-10 01:42:06",153
"2020-07-10 02:42:11",153
"2020-07-10 03:42:07",153
"2020-07-10 04:42:01",153
"2020-07-10 05:42:03",153
"2020-07-10 06:42:06",153
"2020-07-10 07:42:07",153
"2020-07-10 08:42:05",153
"2020-07-10 11:41:43",153
"2020-07-10 11:49:31",153
"2020-07-10 11:57:07",153
"2020-07-10 13:10:05",153
"2020-07-10 13:42:12",153
"2020-07-10 14:42:06",153
"2020-07-10 15:42:08",153
"2020-07-10 16:42:11",154
"2020-07-10 17:42:09",154
"2020-07-10 18:42:11",155
"2020-07-10 19:42:11",155
"2020-07-10 20:42:06",155
"2020-07-10 21:42:19",155
"2020-07-10 22:42:05",155
"2020-07-10 23:42:12",155
"2020-07-11 00:42:07",155
"2020-07-11 01:42:08",155
"2020-07-11 02:42:05",155
"2020-07-11 03:42:11",155
"2020-07-11 04:42:08",155
"2020-07-11 05:42:06",155
"2020-07-11 06:42:04",155
"2020-07-11 07:42:11",155
"2020-07-11 08:42:11",155
"2020-07-11 11:46:26",155
"2020-07-11 11:50:13",155
"2020-07-11 11:55:22",155
"2020-07-11 12:42:09",155
"2020-07-11 13:42:10",155
"2020-07-11 14:42:08",155
"2020-07-11 15:42:11",155
"2020-07-11 16:42:04",155
"2020-07-11 17:42:09",155
"2020-07-11 18:42:08",155
"2020-07-11 19:42:07",155
"2020-07-11 20:42:02",155
"2020-07-11 21:42:09",155
"2020-07-11 22:42:08",155
"2020-07-11 23:42:07",155
"2020-07-12 00:42:06",155
"2020-07-12 01:42:16",155
"2020-07-12 02:42:06",155
"2020-07-12 03:42:10",155
"2020-07-12 04:42:06",155
"2020-07-12 05:42:08",155
"2020-07-12 06:42:12",155
"2020-07-12 07:42:08",155
"2020-07-12 08:42:03",155
"2020-07-12 11:32:39",155
"2020-07-12 11:35:07",155
"2020-07-12 11:51:27",155
"2020-07-12 12:42:05",155
"2020-07-12 13:42:10",155
"2020-07-12 14:42:04",155
"2020-07-12 15:42:07",155
"2020-07-12 16:42:10",155
"2020-07-12 17:42:03",155
"2020-07-12 18:42:07",155
"2020-07-12 19:42:07",155
"2020-07-12 20:42:11",155
"2020-07-12 21:42:05",155
"2020-07-12 22:42:11",155
"2020-07-12 23:42:06",155
"2020-07-13 00:42:18",155
"2020-07-13 01:42:20",155
"2020-07-13 02:42:16",155
"2020-07-13 03:42:10",155
"2020-07-13 04:42:10",155
"2020-07-13 05:42:05",155
"2020-07-13 06:42:14",155
"2020-07-13 07:42:07",155
"2020-07-13 08:42:07",155
"2020-07-13 11:56:08",155
"2020-07-13 11:58:36",155
"2020-07-13 12:00:40",155
"2020-07-13 12:42:21",155
"2020-07-13 13:42:08",155
"2020-07-13 14:42:07",156
"2020-07-13 15:42:16",156
"2020-07-13 16:42:10",157
"2020-07-13 17:42:09",157
"2020-07-13 18:42:11",157
"2020-07-13 19:42:16",157
"2020-07-13 20:42:14",158
"2020-07-13 21:42:12",158
"2020-07-13 22:42:18",158
"2020-07-13 23:42:13",158
"2020-07-14 00:42:21",158
"2020-07-14 01:42:15",158
"2020-07-14 02:42:16",158
"2020-07-14 03:42:09",158
"2020-07-14 04:42:07",158
"2020-07-14 05:42:07",158
"2020-07-14 06:42:11",158
"2020-07-14 07:42:11",158
"2020-07-14 08:42:11",158
"2020-07-14 12:04:43",158
"2020-07-14 12:08:50",158
"2020-07-14 12:14:13",158
"2020-07-14 12:42:17",158
"2020-07-14 13:42:22",158
"2020-07-14 14:42:15",159
"2020-07-14 15:42:21",157
"2020-07-14 16:42:24",158
"2020-07-14 17:42:24",157
"2020-07-14 18:42:14",157
"2020-07-14 19:42:12",157
"2020-07-14 20:42:13",157
"2020-07-14 21:42:15",157
"2020-07-14 22:42:17",157
"2020-07-14 23:42:20",157
"2020-07-15 00:42:22",157
"2020-07-15 01:42:18",157
"2020-07-15 02:28:32",157
"2020-07-15 02:36:20",157
"2020-07-15 02:43:59",157
"2020-07-15 02:51:40",157
"2020-07-15 02:59:39",157
"2020-07-15 03:13:19",157
"2020-07-15 03:21:05",157
"2020-07-15 03:28:56",157
"2020-07-15 03:36:46",157
"2020-07-15 03:44:29",157
"2020-07-15 03:52:14",157
"2020-07-15 03:59:57",157
"2020-07-15 04:07:48",157
"2020-07-15 04:15:34",157
"2020-07-15 04:23:19",157
"2020-07-15 04:31:09",157
"2020-07-15 04:38:56",157
"2020-07-15 04:46:39",157
"2020-07-15 04:54:24",157
"2020-07-15 05:02:36",157
"2020-07-15 05:10:26",157
"2020-07-15 12:16:42",157
"2020-07-15 12:25:12",157
"2020-07-15 12:33:05",157
"2020-07-15 12:40:59",157
"2020-07-15 12:48:52",157
"2020-07-15 12:56:48",157
"2020-07-15 13:04:45",157
"2020-07-15 13:12:56",157
"2020-07-15 13:21:05",157
"2020-07-15 13:29:15",157
"2020-07-15 13:37:14",157
"2020-07-15 13:45:19",157
"2020-07-15 13:53:15",157
"2020-07-15 14:01:15",157
"2020-07-15 14:09:19",157
"2020-07-15 14:17:21",157
"2020-07-15 14:25:23",157
"2020-07-15 14:33:28",157
"2020-07-15 14:43:21",157
"2020-07-15 14:53:15",157
"2020-07-15 15:03:16",157
"2020-07-15 15:13:23",159
"2020-07-15 15:23:18",159
"2020-07-15 15:33:14",159
"2020-07-15 15:43:14",159
"2020-07-15 15:53:30",159
"2020-07-15 16:03:30",159
"2020-07-15 16:13:34",159
"2020-07-15 16:23:37",159
"2020-07-15 16:33:46",159
"2020-07-15 16:43:56",159
"2020-07-15 16:54:11",159
"2020-07-15 17:04:15",159
"2020-07-15 17:11:32",159
"2020-07-15 17:19:28",159
"2020-07-15 17:27:11",159
"2020-07-15 17:34:58",159
"2020-07-15 17:42:44",159
"2020-07-15 17:50:32",159
"2020-07-15 17:58:26",159
"2020-07-15 18:06:26",160
"2020-07-15 18:14:20",160
"2020-07-15 18:22:17",160
"2020-07-15 18:30:08",160
"2020-07-15 18:38:07",160
"2020-07-15 18:46:17",160
"2020-07-15 18:54:15",160
"2020-07-15 19:02:25",160
"2020-07-15 19:10:31",160
"2020-07-15 19:18:20",161
"2020-07-15 19:26:15",161
"2020-07-15 19:36:18",161
"2020-07-15 19:46:14",161
"2020-07-15 19:56:04",161
"2020-07-15 20:06:00",161
"2020-07-15 20:15:57",161
"2020-07-15 20:26:03",161
"2020-07-15 20:35:50",161
"2020-07-15 20:45:38",161
"2020-07-15 20:55:23",161
"2020-07-15 21:05:12",161
"2020-07-15 21:15:00",161
"2020-07-15 21:24:47",161
"2020-07-15 21:35:08",161
"2020-07-15 21:45:11",161
"2020-07-15 21:55:21",161
"2020-07-15 22:05:23",161
"2020-07-15 22:15:15",161
"2020-07-15 22:25:10",161
"2020-07-15 22:34:55",161
"2020-07-15 22:44:38",161
"2020-07-15 22:54:22",161
"2020-07-15 22:58:09",161
"2020-07-15 23:03:32",161
"2020-07-15 23:24:04",161
"2020-07-15 23:33:51",161
"2020-07-15 23:43:40",161
"2020-07-15 23:53:24",161
"2020-07-16 00:03:43",161
"2020-07-16 00:14:10",161
"2020-07-16 00:24:39",161
"2020-07-16 00:35:04",161
"2020-07-16 00:45:04",161
"2020-07-16 00:54:51",161
"2020-07-16 01:04:44",161
"2020-07-16 01:14:34",161
"2020-07-16 01:24:33",161
"2020-07-16 01:34:19",161
"2020-07-16 01:44:03",161
"2020-07-16 01:53:53",161
"2020-07-16 02:03:46",161
"2020-07-16 02:13:43",161
"2020-07-16 02:24:12",161
"2020-07-16 02:34:14",161
"2020-07-16 02:44:16",161
"2020-07-16 02:55:14",161
"2020-07-16 02:57:47",161
"2020-07-16 03:14:48",161
"2020-07-16 03:25:12",161
"2020-07-16 03:35:13",161
"2020-07-16 03:45:14",161
"2020-07-16 03:55:19",161
"2020-07-16 04:05:51",161
"2020-07-16 04:15:51",161
"2020-07-16 04:25:46",161
"2020-07-16 04:35:43",161
"2020-07-16 04:45:37",161
"2020-07-16 04:55:30",161
"2020-07-16 05:05:28",161
"2020-07-16 05:15:20",161
"2020-07-16 05:25:14",161
"2020-07-16 05:35:05",161
"2020-07-16 05:47:34",161
"2020-07-16 05:58:58",161
"2020-07-16 06:08:56",161
"2020-07-16 06:16:51",161
"2020-07-16 06:25:24",161
"2020-07-16 06:34:37",161
"2020-07-16 06:43:56",161
"2020-07-16 06:54:40",161
"2020-07-16 06:57:54",161
"2020-07-16 07:00:30",161
"2020-07-16 07:25:40",161
"2020-07-16 07:36:39",161
"2020-07-16 07:40:55",161
"2020-07-16 07:50:37",161
"2020-07-16 07:57:09",161
"2020-07-16 08:08:04",161
"2020-07-16 08:18:03",161
"2020-07-16 08:27:24",161
"2020-07-16 08:36:55",161
"2020-07-16 08:46:15",161
"2020-07-16 08:55:19",161
"2020-07-16 09:04:46",161
"2020-07-16 09:14:42",161
"2020-07-16 09:24:47",161
"2020-07-16 09:34:36",161
"2020-07-16 09:43:41",161
"2020-07-16 09:52:25",161
"2020-07-16 10:01:22",161
"2020-07-16 10:10:27",161
"2020-07-16 10:19:04",161
"2020-07-16 10:27:23",161
"2020-07-16 10:35:55",161
"2020-07-16 10:46:19",161
"2020-07-16 10:56:49",161
"2020-07-16 11:07:48",161
"2020-07-16 11:18:46",161
"2020-07-16 11:29:17",161
"2020-07-16 11:39:41",161
"2020-07-16 11:50:31",161
"2020-07-16 12:01:53",161
"2020-07-16 12:13:36",161
"2020-07-16 12:24:37",161
"2020-07-16 12:35:54",161
"2020-07-16 12:47:02",161
"2020-07-16 12:57:59",161
"2020-07-16 13:09:34",161
"2020-07-16 13:21:26",161
"2020-07-16 13:33:26",161
"2020-07-16 13:44:46",161
"2020-07-16 13:55:37",161
"2020-07-16 14:06:49",161
"2020-07-16 14:17:56",161
"2020-07-16 14:29:07",161
"2020-07-16 14:33:29",161
"2020-07-16 14:39:16",161
"2020-07-16 15:01:33",161
"2020-07-16 15:12:35",161
"2020-07-16 16:56:18",162
"2020-07-16 17:04:34",162
"2020-07-16 17:12:51",162
"2020-07-16 17:21:01",162
"2020-07-16 17:29:04",162
"2020-07-16 17:37:20",162
"2020-07-16 17:45:30",162
"2020-07-16 17:53:35",162
"2020-07-16 18:01:44",162
"2020-07-16 18:10:02",162
"2020-07-16 18:18:14",162
"2020-07-16 18:26:24",162
"2020-07-16 18:34:31",162
"2020-07-16 18:42:37",162
"2020-07-16 18:50:57",162
"2020-07-16 18:59:03",162
"2020-07-16 19:07:13",162
"2020-07-16 19:15:26",162
"2020-07-16 19:25:32",162
"2020-07-16 19:35:40",162
"2020-07-16 19:45:46",162
"2020-07-16 19:55:48",162
"2020-07-16 20:05:54",162
"2020-07-16 20:15:57",162
"2020-07-16 20:25:57",162
"2020-07-16 20:35:57",162
"2020-07-16 20:46:03",162
"2020-07-16 20:56:05",162
"2020-07-16 21:06:13",162
"2020-07-16 21:16:16",162
"2020-07-16 21:26:20",162
"2020-07-16 21:36:43",162
"2020-07-16 21:46:52",162
"2020-07-16 21:56:53",162
"2020-07-16 22:07:03",162
"2020-07-16 22:17:05",162
"2020-07-16 22:27:05",162
"2020-07-16 22:37:09",162
"2020-07-16 22:47:08",162
"2020-07-16 22:51:02",162
"2020-07-16 22:56:22",162
"2020-07-16 23:17:14",162
"2020-07-16 23:27:14",162
"2020-07-16 23:37:14",162
"2020-07-16 23:47:12",162
"2020-07-16 23:57:14",162
"2020-07-17 00:08:02",162
"2020-07-17 00:18:39",162
"2020-07-17 00:29:07",162
"2020-07-17 00:39:45",162
"2020-07-17 00:49:57",162
"2020-07-17 01:00:12",162
"2020-07-17 01:10:25",162
"2020-07-17 01:20:30",162
"2020-07-17 01:30:31",162
"2020-07-17 01:40:34",162
"2020-07-17 01:50:35",162
"2020-07-17 02:00:41",162
"2020-07-17 02:10:45",162
"2020-07-17 02:20:52",162
"2020-07-17 02:30:51",162
"2020-07-17 02:40:48",162
"2020-07-17 02:51:27",162
"2020-07-17 02:54:01",162
"2020-07-17 03:10:53",162
"2020-07-17 03:20:54",162
"2020-07-17 03:31:01",162
"2020-07-17 03:41:07",162
"2020-07-17 03:51:12",162
"2020-07-17 04:01:22",162
"2020-07-17 04:11:34",162
"2020-07-17 04:21:39",162
"2020-07-17 04:31:44",162
"2020-07-17 04:41:48",162
"2020-07-17 04:51:50",162
"2020-07-17 05:01:58",162
"2020-07-17 05:12:04",162
"2020-07-17 05:22:10",162
"2020-07-17 05:32:09",162
"2020-07-17 05:42:10",162
"2020-07-17 05:52:09",162
"2020-07-17 06:02:13",162
"2020-07-17 06:10:28",162
"2020-07-17 06:18:36",162
"2020-07-17 06:26:50",162
"2020-07-17 06:35:02",162
"2020-07-17 06:44:28",162
"2020-07-17 06:47:05",162
"2020-07-17 06:49:19",162
"2020-07-17 07:08:17",162
"2020-07-17 07:16:27",162
"2020-07-17 07:24:35",162
"2020-07-17 07:32:44",162
"2020-07-17 07:40:49",162
"2020-07-17 07:48:55",162
"2020-07-17 07:57:00",162
"2020-07-17 08:05:22",162
"2020-07-17 08:13:47",162
"2020-07-17 08:22:19",162
"2020-07-17 08:30:53",162
"2020-07-17 08:39:24",162
"2020-07-17 08:47:41",162
"2020-07-17 08:55:53",162
"2020-07-17 09:04:09",162
"2020-07-17 09:12:16",162
"2020-07-17 09:20:25",162
"2020-07-17 09:28:33",162
"2020-07-17 09:36:36",162
"2020-07-17 09:44:37",162
"2020-07-17 09:52:41",162
"2020-07-17 10:01:04",162
"2020-07-17 10:05:19",162
"2020-07-17 10:10:51",162
"2020-07-17 10:25:14",162
"2020-07-17 10:35:15",162
"2020-07-17 10:45:18",162
"2020-07-17 10:55:28",162
"2020-07-17 11:05:54",162
"2020-07-17 11:16:00",162
"2020-07-17 11:26:06",162
"2020-07-17 11:36:14",162
"2020-07-17 11:46:17",162
"2020-07-17 11:56:25",162
"2020-07-17 12:06:45",162
"2020-07-17 12:17:07",162
"2020-07-17 12:27:19",162
"2020-07-17 12:37:26",162
"2020-07-17 12:47:30",162
"2020-07-17 12:57:40",162
"2020-07-17 13:08:22",162
"2020-07-17 13:18:52",162
"2020-07-17 13:27:15",162
"2020-07-17 13:35:52",162
"2020-07-17 13:44:12",162
"2020-07-17 13:52:15",162
"2020-07-17 14:01:06",162
"2020-07-17 14:09:40",162
"2020-07-17 14:18:05",162
"2020-07-17 14:26:26",162
"2020-07-17 14:34:44",162
"2020-07-17 14:42:49",162
"2020-07-17 14:50:52",162
"2020-07-17 14:59:25",162
"2020-07-17 15:08:22",160
"2020-07-17 15:17:15",160
"2020-07-17 15:25:48",160
"2020-07-17 15:34:20",160
"2020-07-17 15:42:46",160
"2020-07-17 15:51:07",160
"2020-07-17 15:57:15",160
"2020-07-17 16:06:27",160
"2020-07-17 16:13:46",160
"2020-07-17 16:22:38",160
"2020-07-17 16:31:21",160
"2020-07-17 16:39:57",160
"2020-07-17 16:48:27",160
"2020-07-17 16:56:56",160
"2020-07-17 17:01:31",160
"2020-07-17 17:09:45",160
"2020-07-17 17:18:00",160
"2020-07-17 17:26:35",160
"2020-07-17 17:35:00",160
"2020-07-17 17:43:29",160
"2020-07-17 17:51:54",160
"2020-07-17 18:00:28",160
"2020-07-17 18:09:17",159
"2020-07-17 18:17:52",159
"2020-07-17 18:26:19",159
"2020-07-17 18:34:53",159
"2020-07-17 18:43:20",159
"2020-07-17 18:51:43",159
"2020-07-17 19:00:22",159
"2020-07-17 19:03:28",159
"2020-07-17 19:12:56",159
"2020-07-17 19:21:22",159
"2020-07-17 19:29:35",159
"2020-07-17 19:37:43",159
"2020-07-17 19:41:23",159
"2020-07-17 19:49:25",159
"2020-07-17 19:57:30",159
"2020-07-17 20:05:43",159
"2020-07-17 20:13:47",159
"2020-07-17 20:21:46",159
"2020-07-17 20:29:45",159
"2020-07-17 20:37:51",159
"2020-07-17 20:45:51",159
"2020-07-17 20:53:51",159
"2020-07-17 21:02:05",159
"2020-07-17 21:10:16",159
"2020-07-17 21:18:15",159
"2020-07-17 21:26:12",159
"2020-07-17 21:34:13",159
"2020-07-17 21:42:15",159
"2020-07-17 21:50:22",159
"2020-07-17 21:58:32",159
"2020-07-17 22:08:53",159
"2020-07-17 22:19:05",159
"2020-07-17 22:29:11",159
"2020-07-17 22:39:27",159
"2020-07-17 22:49:53",159
"2020-07-17 23:00:33",159
"2020-07-17 23:11:12",159
"2020-07-17 23:21:23",159
"2020-07-17 23:31:27",159
"2020-07-17 23:41:31",159
"2020-07-17 23:51:37",159
"2020-07-18 00:02:40",159
"2020-07-18 00:14:30",159
"2020-07-18 00:25:17",159
"2020-07-18 00:35:43",159
"2020-07-18 00:46:27",159
"2020-07-18 00:56:41",159
"2020-07-18 01:06:54",159
"2020-07-18 01:17:02",159
"2020-07-18 01:27:11",159
"2020-07-18 01:37:16",159
"2020-07-18 01:41:13",159
"2020-07-18 01:46:34",159
"2020-07-18 02:07:28",159
"2020-07-18 02:17:33",159
"2020-07-18 02:27:32",159
"2020-07-18 02:37:31",159
"2020-07-18 02:47:30",159
"2020-07-18 02:57:30",159
"2020-07-18 03:07:45",159
"2020-07-18 03:17:54",159
"2020-07-18 03:28:01",159
"2020-07-18 03:38:09",159
"2020-07-18 03:48:21",159
"2020-07-18 03:58:31",159
"2020-07-18 04:09:07",159
"2020-07-18 04:19:42",159
"2020-07-18 04:30:00",159
"2020-07-18 04:40:06",159
"2020-07-18 04:50:08",159
"2020-07-18 05:00:20",159
"2020-07-18 05:11:05",159
"2020-07-18 05:21:25",159
"2020-07-18 05:31:35",159
"2020-07-18 05:42:14",159
"2020-07-18 05:44:48",159
"2020-07-18 06:01:46",159
"2020-07-18 06:12:03",159
"2020-07-18 08:36:01",159
"2020-07-18 08:44:12",159
"2020-07-18 08:52:18",159
"2020-07-18 09:00:25",159
"2020-07-18 09:08:27",159
"2020-07-18 09:16:26",159
"2020-07-18 09:24:25",159
"2020-07-18 09:32:28",159
"2020-07-18 09:40:29",159
"2020-07-18 09:48:29",159
"2020-07-18 09:56:31",159
"2020-07-18 10:04:36",159
"2020-07-18 10:12:39",159
"2020-07-18 10:20:39",159
"2020-07-18 10:28:45",159
"2020-07-18 10:36:45",159
"2020-07-18 10:44:40",159
"2020-07-18 10:52:38",159
"2020-07-18 11:02:39",159
"2020-07-18 11:12:41",159
"2020-07-18 11:22:39",159
"2020-07-18 11:32:38",159
"2020-07-18 11:42:37",159
"2020-07-18 11:52:33",159
"2020-07-18 12:02:37",159
"2020-07-18 12:12:48",159
"2020-07-18 12:22:55",159
"2020-07-18 12:32:56",159
"2020-07-18 12:42:58",159
"2020-07-18 12:53:00",159
"2020-07-18 13:03:13",159
"2020-07-18 13:13:27",159
"2020-07-18 13:23:33",159
"2020-07-18 13:33:36",159
"2020-07-18 13:43:31",159
"2020-07-18 13:53:28",159
"2020-07-18 14:03:25",159
"2020-07-18 14:13:23",159
"2020-07-18 14:23:19",159
"2020-07-18 14:27:13",159
"2020-07-18 14:32:35",159
"2020-07-18 14:53:21",159
"2020-07-18 15:03:25",159
"2020-07-18 15:13:30",159
"2020-07-18 15:23:33",159
"2020-07-18 15:33:32",159
"2020-07-18 15:43:30",159
"2020-07-18 15:53:29",159
"2020-07-18 16:03:30",159
"2020-07-18 16:13:31",159
"2020-07-18 16:23:32",159
"2020-07-18 16:33:33",159
"2020-07-18 16:43:32",159
"2020-07-18 16:53:30",159
"2020-07-18 17:03:31",159
"2020-07-18 17:13:39",159
"2020-07-18 17:23:39",159
"2020-07-18 17:33:37",159
"2020-07-18 17:43:35",159
"2020-07-18 17:53:32",159
"2020-07-18 18:03:31",159
"2020-07-18 18:13:33",159
"2020-07-18 18:24:12",159
"2020-07-18 18:26:44",159
"2020-07-18 18:43:25",159
"2020-07-18 18:53:23",159
"2020-07-18 19:03:26",159
"2020-07-18 19:13:52",159
"2020-07-18 19:23:49",159
"2020-07-18 19:34:07",159
"2020-07-18 19:44:07",159
"2020-07-18 22:08:29",159
"2020-07-18 22:16:01",159
"2020-07-18 22:23:35",159
"2020-07-18 22:31:07",159
"2020-07-18 22:38:40",159
"2020-07-18 22:46:13",159
"2020-07-18 22:53:45",159
"2020-07-18 23:01:19",159
"2020-07-18 23:08:54",159
"2020-07-18 23:16:27",159
"2020-07-18 23:24:00",159
"2020-07-18 23:31:32",159
"2020-07-18 23:39:10",159
"2020-07-18 23:46:51",159
"2020-07-18 23:54:39",159
"2020-07-19 00:02:23",159
"2020-07-19 00:09:54",159
"2020-07-19 00:17:30",159
"2020-07-19 00:27:05",159
"2020-07-19 00:36:40",159
"2020-07-19 00:46:15",159
"2020-07-19 00:55:50",159
"2020-07-19 01:05:26",159
"2020-07-19 01:15:01",159
"2020-07-19 01:24:36",159
"2020-07-19 01:34:13",159
"2020-07-19 01:43:48",159
"2020-07-19 01:53:23",159
"2020-07-19 02:02:58",159
"2020-07-19 02:12:33",159
"2020-07-19 02:22:07",159
"2020-07-19 02:31:40",159
"2020-07-19 02:41:14",159
"2020-07-19 02:50:47",159
"2020-07-19 03:00:21",159
"2020-07-19 03:09:56",159
"2020-07-19 03:19:29",159
"2020-07-19 03:29:05",159
"2020-07-19 03:38:38",159
"2020-07-19 03:42:19",159
"2020-07-19 03:47:22",159
"2020-07-19 04:07:23",159
"2020-07-19 04:16:56",159
"2020-07-19 04:26:29",159
"2020-07-19 04:36:03",159
"2020-07-19 04:45:36",159
"2020-07-19 04:55:10",159
"2020-07-19 05:04:43",159
"2020-07-19 05:14:15",159
"2020-07-19 05:23:49",159
"2020-07-19 05:33:21",159
"2020-07-19 05:42:53",159
"2020-07-19 05:52:25",159
"2020-07-19 06:01:57",159
"2020-07-19 06:11:31",159
"2020-07-19 06:21:09",159
"2020-07-19 06:30:44",159
"2020-07-19 06:41:51",159
"2020-07-19 06:49:28",159
"2020-07-19 06:57:03",159
"2020-07-19 07:04:38",159
"2020-07-19 07:12:15",159
"2020-07-19 07:19:51",159
"2020-07-19 07:27:25",159
"2020-07-19 07:34:58",159
"2020-07-19 07:42:33",159
"2020-07-19 07:50:08",159
"2020-07-19 07:57:42",159
"2020-07-19 08:05:16",159
"2020-07-19 08:12:50",159
"2020-07-19 08:20:23",159
"2020-07-19 08:28:02",159
"2020-07-19 08:35:36",159
"2020-07-19 08:43:04",159
"2020-07-19 08:50:39",159
"2020-07-19 09:00:13",159
"2020-07-19 09:09:49",159
"2020-07-19 09:19:24",159
"2020-07-19 09:28:59",159
"2020-07-19 09:38:39",159
"2020-07-19 09:48:21",159
"2020-07-19 09:58:03",159
"2020-07-19 10:07:47",159
"2020-07-19 10:17:21",159
"2020-07-19 10:26:56",159
"2020-07-19 10:36:32",159
"2020-07-19 10:46:10",159
"2020-07-19 10:55:47",159
"2020-07-19 11:05:22",159
"2020-07-19 11:14:56",159
"2020-07-19 11:24:31",159
"2020-07-19 11:34:06",159
"2020-07-19 11:43:43",159
"2020-07-19 11:53:19",159
"2020-07-19 12:02:54",159
"2020-07-19 12:12:30",159
"2020-07-19 12:16:12",159
"2020-07-19 12:21:16",159
"2020-07-19 12:41:18",159
"2020-07-19 12:50:58",159
"2020-07-19 13:00:33",159
"2020-07-19 13:10:08",159
"2020-07-19 13:19:44",159
"2020-07-19 13:29:22",159
"2020-07-19 13:38:57",159
"2020-07-19 13:48:32",159
"2020-07-19 13:58:07",159
"2020-07-19 14:07:42",159
"2020-07-19 14:17:16",159
"2020-07-19 14:26:50",159
"2020-07-19 14:36:26",159
"2020-07-19 14:46:01",159
"2020-07-19 14:55:35",159
"2020-07-19 15:05:12",159
"2020-07-19 15:14:48",159
"2020-07-19 15:24:24",159
"2020-07-19 15:33:59",159
"2020-07-19 15:43:34",159
"2020-07-19 15:53:09",159
"2020-07-19 16:03:24",159
"2020-07-19 16:05:50",159
"2020-07-19 16:22:00",159
"2020-07-19 16:31:35",159
"2020-07-19 16:41:10",159
"2020-07-19 16:50:50",159
"2020-07-19 17:00:28",159
"2020-07-19 17:10:06",159
"2020-07-19 17:19:41",159
"2020-07-19 17:29:16",159
"2020-07-19 17:38:50",159
"2020-07-19 17:48:24",159
"2020-07-19 17:57:58",159
"2020-07-19 18:07:33",159
"2020-07-19 18:17:08",159
"2020-07-19 18:26:43",159
"2020-07-19 18:36:19",159
"2020-07-19 18:45:53",159
"2020-07-19 18:55:28",159
"2020-07-19 19:05:04",159
"2020-07-19 19:12:39",159
"2020-07-19 19:20:14",159
"2020-07-19 19:27:49",159
"2020-07-19 19:35:25",159
"2020-07-19 19:44:09",159
"2020-07-19 19:46:30",159
"2020-07-19 19:48:30",159
"2020-07-19 20:05:48",159
"2020-07-19 20:13:23",159
"2020-07-19 20:20:59",159
"2020-07-19 20:28:34",159
"2020-07-19 20:36:10",159
"2020-07-19 20:43:46",159
"2020-07-19 20:51:21",159
"2020-07-19 20:58:56",159
"2020-07-19 21:06:32",159
"2020-07-19 21:14:07",159
"2020-07-19 21:21:41",159
"2020-07-19 21:29:14",159
"2020-07-19 21:36:49",159
"2020-07-19 21:44:23",159
"2020-07-19 21:51:58",159
"2020-07-19 21:59:34",159
"2020-07-19 22:07:11",159
"2020-07-19 22:14:47",159
"2020-07-19 22:22:21",159
"2020-07-19 22:29:55",159
"2020-07-19 22:37:30",159
"2020-07-19 22:45:11",159
"2020-07-19 22:49:09",159
"2020-07-19 22:54:23",159
"2020-07-19 23:07:50",159
"2020-07-19 23:17:24",159
"2020-07-19 23:26:58",159
"2020-07-19 23:36:32",159
"2020-07-19 23:46:05",159
"2020-07-19 23:55:41",159
"2020-07-20 00:05:16",159
"2020-07-20 00:14:52",159
"2020-07-20 00:24:28",159
"2020-07-20 00:34:03",159
"2020-07-20 00:43:38",159
"2020-07-20 00:53:14",159
"2020-07-20 01:02:48",159
"2020-07-20 01:12:23",159
"2020-07-20 01:21:58",159
"2020-07-20 01:31:34",159
"2020-07-20 01:41:10",159
"2020-07-20 01:50:47",159
"2020-07-20 01:58:23",159
"2020-07-20 02:06:00",159
"2020-07-20 02:13:37",159
"2020-07-20 02:21:13",159
"2020-07-20 02:28:49",159
"2020-07-20 02:36:25",159
"2020-07-20 02:44:00",159
"2020-07-20 02:51:37",159
"2020-07-20 02:59:11",159
"2020-07-20 03:06:48",159
"2020-07-20 03:14:24",159
"2020-07-20 03:22:00",159
"2020-07-20 03:29:36",159
"2020-07-20 03:37:13",159
"2020-07-20 03:44:48",159
"2020-07-20 03:52:24",159
"2020-07-20 03:59:59",159
"2020-07-20 04:07:34",159
"2020-07-20 04:13:01",159
"2020-07-20 04:20:36",159
"2020-07-20 04:27:00",159
"2020-07-20 04:34:38",159
"2020-07-20 04:42:15",159
"2020-07-20 04:49:53",159
"2020-07-20 04:57:35",159
"2020-07-20 05:05:24",159
"2020-07-20 05:13:08",159
"2020-07-20 05:20:54",159
"2020-07-20 05:28:38",159
"2020-07-20 05:36:23",159
"2020-07-20 05:44:08",159
"2020-07-20 05:51:53",159
"2020-07-20 05:59:37",159
"2020-07-20 06:07:23",159
"2020-07-20 06:15:07",159
"2020-07-20 06:22:52",159
"2020-07-20 06:30:37",159
"2020-07-20 06:38:20",159
"2020-07-20 06:46:05",159
"2020-07-20 06:53:49",159
"2020-07-20 07:01:33",159
"2020-07-20 07:09:16",159
"2020-07-20 07:16:58",159
"2020-07-20 07:24:42",159
"2020-07-20 07:32:26",159
"2020-07-20 07:40:09",159
"2020-07-20 07:47:52",159
"2020-07-20 07:55:36",159
"2020-07-20 08:03:21",159
"2020-07-20 08:11:04",159
"2020-07-20 08:18:47",159
"2020-07-20 08:26:29",159
"2020-07-20 08:34:10",159
"2020-07-20 08:41:53",159
"2020-07-20 08:49:37",159
"2020-07-20 08:57:20",159
"2020-07-20 09:05:07",159
"2020-07-20 09:12:51",159
"2020-07-20 09:20:34",159
"2020-07-20 09:28:17",159
"2020-07-20 09:36:00",159
"2020-07-20 09:43:44",159
"2020-07-20 09:51:28",159
"2020-07-20 09:59:11",159
"2020-07-20 10:06:56",159
"2020-07-20 10:14:41",159
"2020-07-20 10:22:24",159
"2020-07-20 10:30:08",159
"2020-07-20 10:37:54",159
"2020-07-20 10:45:40",159
"2020-07-20 10:53:24",159
"2020-07-20 11:01:10",159
"2020-07-20 11:08:55",159
"2020-07-20 11:16:40",159
"2020-07-20 11:24:23",159
"2020-07-20 11:32:07",159
"2020-07-20 11:39:49",159
"2020-07-20 11:47:33",159
"2020-07-20 11:55:16",159
"2020-07-20 12:03:01",159
"2020-07-20 12:10:46",159
"2020-07-20 12:18:31",159
"2020-07-20 12:26:15",159
"2020-07-20 12:34:01",159
"2020-07-20 12:41:45",159
"2020-07-20 12:49:28",159
"2020-07-20 12:57:11",159
"2020-07-20 13:04:57",159
"2020-07-20 13:12:44",159
"2020-07-20 13:20:27",159
"2020-07-20 13:28:16",159
"2020-07-20 13:36:02",159
"2020-07-20 13:43:49",159
"2020-07-20 13:51:35",159
"2020-07-20 13:59:20",159
"2020-07-20 14:07:04",159
"2020-07-20 14:14:49",159
"2020-07-20 14:22:34",159
"2020-07-20 14:41:45",159
"2020-07-20 15:41:50",162
"2020-07-20 16:41:43",161
"2020-07-20 17:41:40",161
"2020-07-20 18:41:49",162
"2020-07-20 19:41:52",162
"2020-07-20 20:41:51",162
"2020-07-20 21:41:51",162
"2020-07-20 22:41:47",162
"2020-07-20 23:41:44",162
"2020-07-21 00:41:45",162
"2020-07-21 01:41:48",162
"2020-07-21 02:41:48",162
"2020-07-21 03:41:49",162
"2020-07-21 04:41:53",162
"2020-07-21 05:41:51",162
"2020-07-21 06:41:54",162
"2020-07-21 07:41:50",162
"2020-07-21 08:41:47",162
"2020-07-21 09:41:41",162
"2020-07-21 10:41:45",162
"2020-07-21 11:41:46",162
"2020-07-21 12:41:41",162
"2020-07-21 13:41:47",162
"2020-07-21 14:41:45",162
"2020-07-21 15:41:42",162
"2020-07-21 16:41:52",164
"2020-07-21 17:41:53",166
"2020-07-21 18:41:46",166
"2020-07-21 19:41:42",166
"2020-07-21 20:41:47",166
"2020-07-21 21:41:39",166
"2020-07-21 22:41:48",166
"2020-07-21 23:41:51",166
"2020-07-22 00:41:47",166
"2020-07-22 01:41:44",166
"2020-07-22 02:41:40",166
"2020-07-22 03:41:52",166
"2020-07-22 04:41:40",166
"2020-07-22 05:41:40",166
"2020-07-22 06:41:39",166
"2020-07-22 07:41:39",166
"2020-07-22 08:41:38",166
"2020-07-22 09:41:39",166
"2020-07-22 10:41:39",166
"2020-07-22 11:41:38",166
"2020-07-22 12:41:43",166
"2020-07-22 13:41:45",166
"2020-07-22 14:41:44",168
"2020-07-22 15:41:42",168
"2020-07-22 16:41:50",168
"2020-07-22 17:41:44",169
"2020-07-22 18:41:49",169
"2020-07-22 19:41:39",169
"2020-07-22 20:41:45",169
"2020-07-22 21:41:44",169
"2020-07-22 22:41:46",169
"2020-07-22 23:41:38",169
"2020-07-23 00:41:44",169
"2020-07-23 01:41:47",169
"2020-07-23 02:41:45",169
"2020-07-23 03:41:45",169
"2020-07-23 04:41:41",169
"2020-07-23 05:41:49",169
"2020-07-23 06:41:38",169
"2020-07-23 07:41:42",169
"2020-07-23 08:41:43",169
"2020-07-23 09:41:46",169
"2020-07-23 10:41:50",169
"2020-07-23 11:41:45",169
"2020-07-23 13:07:33",169
"2020-07-23 13:41:58",169
"2020-07-23 14:41:44",169
"2020-07-23 15:41:50",168
"2020-07-23 16:41:41",168
"2020-07-23 17:41:45",168
"2020-07-23 18:41:41",168
"2020-07-23 19:41:49",169
"2020-07-23 20:41:44",168
"2020-07-23 21:41:46",168
"2020-07-23 22:41:46",168
"2020-07-23 23:41:39",168
"2020-07-24 00:41:51",168
"2020-07-24 01:41:43",168
"2020-07-24 02:41:44",168
"2020-07-24 03:41:47",168
"2020-07-24 04:41:43",168
"2020-07-24 05:41:50",168
"2020-07-24 06:41:39",168
"2020-07-24 07:41:50",168
"2020-07-24 08:41:46",168
"2020-07-24 09:41:48",168
"2020-07-24 10:41:45",168
"2020-07-24 11:41:45",168
"2020-07-24 12:41:49",168
"2020-07-24 13:41:43",168
"2020-07-24 14:41:45",168
"2020-07-24 15:41:52",167
"2020-07-24 16:41:46",166
"2020-07-24 17:41:42",166
"2020-07-24 18:41:46",166
"2020-07-24 19:41:44",167
"2020-07-24 20:41:48",167
"2020-07-24 21:41:40",167
"2020-07-24 22:41:48",167
"2020-07-24 23:41:47",167
"2020-07-25 00:41:44",167
"2020-07-25 01:41:43",167
"2020-07-25 02:41:45",167
"2020-07-25 03:41:49",167
"2020-07-25 04:41:45",167
"2020-07-25 05:41:48",167
"2020-07-25 06:41:45",167
"2020-07-25 07:41:54",167
"2020-07-25 08:41:51",167
"2020-07-25 09:41:45",167
"2020-07-25 10:41:41",167
"2020-07-25 11:41:51",167
"2020-07-25 12:41:47",167
"2020-07-25 13:41:50",167
"2020-07-25 14:41:45",167
"2020-07-25 15:41:47",167
"2020-07-25 16:41:49",167
"2020-07-25 17:41:47",167
"2020-07-25 18:41:47",167
"2020-07-25 19:41:43",167
"2020-07-25 20:41:51",167
"2020-07-25 21:41:47",167
"2020-07-25 22:41:46",167
"2020-07-25 23:41:47",167
"2020-07-26 00:41:46",167
"2020-07-26 01:41:49",167
"2020-07-26 02:41:51",167
"2020-07-26 03:41:46",167
"2020-07-26 04:41:47",167
"2020-07-26 05:41:48",167
"2020-07-26 06:41:46",167
"2020-07-26 07:41:46",167
"2020-07-26 08:41:46",167
"2020-07-26 09:41:47",167
"2020-07-26 10:41:43",167
"2020-07-26 11:41:49",167
"2020-07-26 12:41:52",167
"2020-07-26 13:41:53",167
"2020-07-26 14:41:42",167
"2020-07-26 15:41:48",167
"2020-07-26 16:41:47",167
"2020-07-26 17:41:46",167
"2020-07-26 18:41:49",167
"2020-07-26 19:41:46",167
"2020-07-26 20:41:47",167
"2020-07-26 21:41:52",167
"2020-07-26 22:41:51",167
"2020-07-26 23:41:47",167
"2020-07-27 00:41:51",167
"2020-07-27 01:41:47",167
"2020-07-27 02:41:54",167
"2020-07-27 03:41:54",167
"2020-07-27 04:41:49",167
"2020-07-27 05:41:55",167
"2020-07-27 06:41:52",167
"2020-07-27 07:41:51",167
"2020-07-27 08:41:48",167
"2020-07-27 09:41:48",167
"2020-07-27 10:41:41",167
"2020-07-27 11:41:50",167
"2020-07-27 12:41:47",167
"2020-07-27 13:41:47",167
"2020-07-27 14:41:50",166
"2020-07-27 15:41:51",166
"2020-07-27 16:41:53",167
"2020-07-27 17:41:54",167
"2020-07-27 18:41:53",167
"2020-07-27 19:41:47",168
"2020-07-27 20:41:54",168
"2020-07-27 21:41:48",168
"2020-07-27 22:41:48",168
"2020-07-27 23:41:49",168
"2020-07-28 00:41:58",168
"2020-07-28 01:41:54",168
"2020-07-28 02:42:00",168
"2020-07-28 03:41:56",168
"2020-07-28 04:41:59",168
"2020-07-28 07:05:12",168
"2020-07-28 07:05:18",168
"2020-07-28 07:41:49",168
"2020-07-28 08:41:45",168
"2020-07-28 09:41:48",168
"2020-07-28 10:41:49",168
"2020-07-28 11:41:49",168
"2020-07-28 13:11:05",168
"2020-07-28 13:41:49",168
"2020-07-28 14:41:44",169
"2020-07-28 15:41:48",169
"2020-07-28 16:41:47",169
"2020-07-28 17:41:41",169
"2020-07-28 18:41:43",169
"2020-07-28 19:41:48",169
"2020-07-28 20:41:46",169
"2020-07-28 21:41:43",169
"2020-07-28 22:41:50",169
"2020-07-28 23:41:53",169
"2020-07-29 00:41:46",169
"2020-07-29 01:41:53",169
"2020-07-29 02:41:41",169
"2020-07-29 03:41:46",169
"2020-07-29 04:41:42",169
"2020-07-29 05:41:52",169
"2020-07-29 06:41:41",169
"2020-07-29 07:41:47",169
"2020-07-29 08:41:47",169
"2020-07-29 09:41:49",169
"2020-07-29 10:41:52",169
"2020-07-29 11:41:51",169
"2020-07-29 13:13:36",169
"2020-07-29 13:41:50",169
"2020-07-29 14:41:53",168
"2020-07-29 15:41:52",168
"2020-07-29 16:42:10",168
"2020-07-29 17:41:54",167
"2020-07-29 18:41:53",168
"2020-07-29 19:41:51",168
"2020-07-29 20:41:53",168
"2020-07-29 21:41:52",168
"2020-07-29 22:41:53",168
"2020-07-29 23:41:54",168
"2020-07-30 00:41:52",168
"2020-07-30 01:41:54",168
"2020-07-30 02:41:53",168
"2020-07-30 03:41:52",168
"2020-07-30 04:41:54",168
"2020-07-30 05:41:53",168
"2020-07-30 06:41:49",168
"2020-07-30 07:41:52",168
"2020-07-30 08:41:56",168
"2020-07-30 09:41:50",168
"2020-07-30 10:41:49",168
"2020-07-30 11:41:51",168
"2020-07-30 13:06:06",168
"2020-07-30 13:41:57",168
"2020-07-30 14:41:55",168
"2020-07-30 15:41:55",167
"2020-07-30 16:41:48",167
"2020-07-30 17:41:55",167
"2020-07-30 18:41:55",167
"2020-07-30 19:41:54",167
"2020-07-30 20:41:48",167
"2020-07-30 21:41:51",167
"2020-07-30 22:41:53",167
"2020-07-30 23:41:46",167
"2020-07-31 00:41:57",167
"2020-07-31 01:41:46",167
"2020-07-31 02:41:53",167
"2020-07-31 03:41:50",167
"2020-07-31 04:41:44",167
"2020-07-31 05:41:48",167
"2020-07-31 06:41:43",167
"2020-07-31 07:41:52",167
"2020-07-31 08:41:50",167
"2020-07-31 09:41:48",167
"2020-07-31 10:41:44",167
"2020-07-31 11:41:43",167
"2020-07-31 12:41:43",167
"2020-07-31 13:41:55",167
"2020-07-31 14:41:43",170
"2020-07-31 15:41:47",170
"2020-07-31 16:41:52",170
"2020-07-31 17:41:48",170
"2020-07-31 18:41:49",170
"2020-07-31 19:41:49",170
"2020-07-31 20:41:48",170
"2020-07-31 21:41:50",170
"2020-07-31 22:41:46",170
"2020-07-31 23:41:50",170
"2020-08-01 00:41:53",170
"2020-08-01 01:41:42",170
"2020-08-01 02:41:43",170
"2020-08-01 03:41:49",170
"2020-08-01 04:41:51",170
"2020-08-01 05:41:49",170
"2020-08-01 06:41:48",170
"2020-08-01 07:41:53",170
"2020-08-01 08:41:53",170
"2020-08-01 09:41:51",170
"2020-08-01 10:41:47",170
"2020-08-01 11:41:46",170
"2020-08-01 12:41:47",170
"2020-08-01 13:41:48",170
"2020-08-01 14:41:42",170
"2020-08-01 15:42:03",170
"2020-08-01 16:41:55",170
"2020-08-01 17:41:47",170
"2020-08-01 18:41:46",170
"2020-08-01 19:41:47",170
"2020-08-01 20:41:46",170
"2020-08-01 21:41:46",170
"2020-08-01 22:41:46",170
"2020-08-01 23:41:48",170
"2020-08-02 00:41:54",170
"2020-08-02 01:41:47",170
"2020-08-02 02:41:42",170
"2020-08-02 03:41:54",170
"2020-08-02 04:41:43",170
"2020-08-02 05:41:50",170
"2020-08-02 06:41:52",170
"2020-08-02 07:41:51",170
"2020-08-02 08:41:51",170
"2020-08-02 09:41:53",170
"2020-08-02 10:41:52",170
"2020-08-02 11:41:42",170
"2020-08-02 12:41:47",170
"2020-08-02 13:41:44",170
"2020-08-02 14:41:43",170
"2020-08-02 15:41:55",170
"2020-08-02 16:41:41",170
"2020-08-02 17:41:48",170
"2020-08-02 18:41:48",170
"2020-08-02 19:41:49",170
"2020-08-02 20:41:43",170
"2020-08-02 21:41:48",170
"2020-08-02 22:41:49",170
"2020-08-02 23:41:51",170
"2020-08-03 00:41:51",170
"2020-08-03 01:41:50",170
"2020-08-03 02:41:47",170
"2020-08-03 03:41:48",170
"2020-08-03 04:41:46",170
"2020-08-03 05:41:52",170
"2020-08-03 06:41:42",170
"2020-08-03 07:41:48",170
"2020-08-03 08:41:47",170
"2020-08-03 09:41:53",170
"2020-08-03 10:41:49",170
"2020-08-03 11:41:46",170
"2020-08-03 12:41:51",170
"2020-08-03 13:41:51",170
"2020-08-03 14:41:46",171
"2020-08-03 15:41:55",171
"2020-08-03 16:41:50",174
"2020-08-03 17:41:49",174
"2020-08-03 18:41:45",173
"2020-08-03 19:41:49",174
"2020-08-03 20:41:46",174
"2020-08-03 21:41:44",174
"2020-08-03 22:41:47",174
"2020-08-03 23:41:51",174
"2020-08-04 00:41:54",174
"2020-08-04 01:41:52",174
"2020-08-04 02:41:52",174
"2020-08-04 03:41:51",174
"2020-08-04 04:42:01",174
"2020-08-04 05:41:48",174
"2020-08-04 06:41:49",174
"2020-08-04 07:41:44",174
"2020-08-04 08:41:56",174
"2020-08-04 09:41:47",174
"2020-08-04 10:41:42",174
"2020-08-04 11:41:46",174
"2020-08-04 12:41:41",174
"2020-08-04 13:41:56",174
"2020-08-04 14:41:49",173
"2020-08-04 15:41:50",173
"2020-08-04 16:41:49",173
"2020-08-04 17:41:50",173
"2020-08-04 18:41:58",173
"2020-08-04 19:41:44",173
"2020-08-04 20:41:48",174
"2020-08-04 21:41:50",174
"2020-08-04 22:41:49",174
"2020-08-04 23:41:56",174
"2020-08-05 00:41:52",174
"2020-08-05 01:41:53",174
"2020-08-05 02:41:45",174
"2020-08-05 03:41:54",174
"2020-08-05 04:41:52",174
"2020-08-05 05:41:50",174
"2020-08-05 06:41:42",174
"2020-08-05 07:41:43",174
"2020-08-05 08:41:50",174
"2020-08-05 09:41:56",174
"2020-08-05 10:41:47",174
"2020-08-05 11:41:49",174
"2020-08-05 13:09:38",174
"2020-08-05 13:42:00",174
"2020-08-05 14:41:50",174
"2020-08-05 15:41:46",174
"2020-08-05 16:41:47",174
"2020-08-05 17:41:46",174
"2020-08-05 18:41:48",174
"2020-08-05 19:41:52",174
"2020-08-05 20:41:45",174
"2020-08-05 21:41:47",174
"2020-08-05 22:41:51",174
"2020-08-05 23:41:49",174
"2020-08-06 00:41:58",174
"2020-08-06 01:41:49",174
"2020-08-06 02:41:47",174
"2020-08-06 03:41:52",174
"2020-08-06 04:41:48",174
"2020-08-06 05:42:02",174
"2020-08-06 06:41:51",174
"2020-08-06 07:41:52",174
"2020-08-06 08:41:57",174
"2020-08-06 09:41:47",174
"2020-08-06 10:41:54",174
"2020-08-06 11:41:46",174
"2020-08-06 12:41:54",174
"2020-08-06 13:41:45",174
"2020-08-06 14:41:43",175
"2020-08-06 15:41:49",175
"2020-08-06 16:41:54",175
"2020-08-06 17:41:48",175
"2020-08-06 18:41:48",176
"2020-08-06 19:41:50",176
"2020-08-06 20:41:53",176
"2020-08-06 21:41:50",176
"2020-08-06 22:41:44",176
"2020-08-06 23:41:55",176
"2020-08-07 00:41:50",176
"2020-08-07 01:41:52",176
"2020-08-07 02:41:49",176
"2020-08-07 03:41:46",176
"2020-08-07 04:41:54",176
"2020-08-07 05:41:52",176
"2020-08-07 06:41:45",176
"2020-08-07 07:41:52",176
"2020-08-07 08:41:49",176
"2020-08-07 09:41:48",176
"2020-08-07 10:41:48",176
"2020-08-07 11:41:42",176
"2020-08-07 12:41:43",176
"2020-08-07 13:41:48",176
"2020-08-07 14:41:43",176
"2020-08-07 15:41:53",176
"2020-08-07 16:41:48",175
"2020-08-07 17:41:47",175
"2020-08-07 18:41:50",175
"2020-08-07 19:41:43",175
"2020-08-07 20:41:51",174
"2020-08-07 21:41:48",174
"2020-08-07 22:41:48",174
"2020-08-07 23:41:48",174
"2020-08-08 00:41:45",174
"2020-08-08 01:41:52",174
"2020-08-08 02:41:46",174
"2020-08-08 03:41:42",174
"2020-08-08 04:41:43",174
"2020-08-08 05:41:45",174
"2020-08-08 06:41:49",174
"2020-08-08 07:41:48",174
"2020-08-08 08:41:56",174
"2020-08-08 09:41:47",174
"2020-08-08 10:41:48",174
"2020-08-08 11:41:50",174
"2020-08-08 12:41:46",174
"2020-08-08 13:41:48",174
"2020-08-08 14:41:48",174
"2020-08-08 15:41:48",174
"2020-08-08 16:41:48",174
"2020-08-08 17:41:45",174
"2020-08-08 18:41:43",174
"2020-08-08 19:41:49",174
"2020-08-08 20:41:55",174
"2020-08-08 21:41:50",174
"2020-08-08 22:41:49",174
"2020-08-08 23:41:53",174
"2020-08-09 00:41:57",174
"2020-08-09 01:41:50",174
"2020-08-09 02:41:52",174
"2020-08-09 03:41:56",174
"2020-08-09 04:41:48",174
"2020-08-09 05:41:56",174
"2020-08-09 06:41:51",174
"2020-08-09 07:41:51",174
"2020-08-09 08:41:43",174
"2020-08-09 09:41:50",174
"2020-08-09 10:41:46",174
"2020-08-09 11:41:42",174
"2020-08-09 12:41:48",174
"2020-08-09 13:41:55",174
"2020-08-09 14:41:52",174
"2020-08-09 15:41:48",174
"2020-08-09 16:41:55",174
"2020-08-09 17:41:48",174
"2020-08-09 18:41:50",174
"2020-08-09 19:41:53",174
"2020-08-09 20:41:51",174
"2020-08-09 21:41:49",174
"2020-08-09 22:41:49",174
"2020-08-09 23:41:49",174
"2020-08-10 00:41:54",174
"2020-08-10 01:41:50",174
"2020-08-10 02:41:54",174
"2020-08-10 03:41:48",174
"2020-08-10 04:41:45",174
"2020-08-10 05:41:48",174
"2020-08-10 06:41:42",174
"2020-08-10 07:41:43",174
"2020-08-10 08:41:52",174
"2020-08-10 09:41:48",174
"2020-08-10 10:41:49",174
"2020-08-10 11:41:48",174
"2020-08-10 12:41:42",174
"2020-08-10 13:41:51",175
"2020-08-10 14:41:49",178
"2020-08-10 15:41:56",180
"2020-08-10 16:41:49",180
"2020-08-10 17:41:53",181
"2020-08-10 18:41:50",181
"2020-08-10 19:41:54",182
"2020-08-10 20:41:46",181
"2020-08-10 21:41:54",181
"2020-08-10 22:41:44",181
"2020-08-10 23:41:46",181
"2020-08-11 00:41:44",181
"2020-08-11 01:41:50",181
"2020-08-11 02:41:51",181
"2020-08-11 03:41:54",181
"2020-08-11 04:41:50",181
"2020-08-11 05:41:50",181
"2020-08-11 06:41:48",181
"2020-08-11 07:41:52",181
"2020-08-11 08:41:45",181
"2020-08-11 09:41:48",181
"2020-08-11 10:41:49",181
"2020-08-11 11:41:43",181
"2020-08-11 12:41:47",181
"2020-08-11 13:41:58",181
"2020-08-11 14:41:52",182
"2020-08-11 15:41:49",183
"2020-08-11 16:41:42",183
"2020-08-11 17:41:50",183
"2020-08-11 18:41:49",183
"2020-08-11 19:41:43",183
"2020-08-11 20:41:48",184
"2020-08-11 21:41:53",184
"2020-08-11 22:41:47",184
"2020-08-11 23:41:48",184
"2020-08-12 00:41:46",184
"2020-08-12 01:41:51",184
"2020-08-12 02:41:48",184
"2020-08-12 03:41:50",184
"2020-08-12 04:41:48",184
"2020-08-12 05:41:52",184
"2020-08-12 06:41:47",184
"2020-08-12 07:41:54",184
"2020-08-12 08:41:45",184
"2020-08-12 09:41:52",184
"2020-08-12 10:41:47",184
"2020-08-12 11:41:47",184
"2020-08-12 12:41:49",184
"2020-08-12 13:41:43",184
"2020-08-12 14:41:47",183
"2020-08-12 15:41:51",183
"2020-08-12 16:41:49",184
"2020-08-12 22:41:42",185
"2020-08-12 23:41:57",185
"2020-08-13 00:41:50",185
"2020-08-13 01:41:44",185
"2020-08-13 02:41:41",185
"2020-08-13 03:43:43",185
"2020-08-13 04:44:07",185
"2020-08-13 05:43:02",185
"2020-08-13 06:43:32",185
"2020-08-13 07:43:03",185
"2020-08-13 08:42:44",185
"2020-08-13 09:43:35",185
"2020-08-13 10:43:42",185
"2020-08-13 11:44:36",185
"2020-08-13 12:43:06",185
"2020-08-13 13:43:35",185
"2020-08-13 14:43:32",185
"2020-08-13 15:43:05",184
"2020-08-13 16:44:02",186
"2020-08-13 20:43:32",186
"2020-08-13 21:42:33",186
"2020-08-13 22:44:34",186
