timestamp,users_holding
"2018-05-02 04:55:17",2498
"2018-05-02 06:40:29",2498
"2018-05-03 00:37:15",2508
"2018-05-03 06:35:34",2508
"2018-05-03 06:50:33",2508
"2018-05-03 07:08:49",2508
"2018-05-03 07:36:04",2508
"2018-05-03 07:45:16",2508
"2018-05-03 11:21:11",2508
"2018-05-03 12:44:35",2508
"2018-05-03 13:44:35",2508
"2018-05-03 14:44:36",2516
"2018-05-03 15:44:36",2515
"2018-05-03 16:44:36",2512
"2018-05-03 17:44:36",2510
"2018-05-03 18:44:35",2507
"2018-05-03 19:44:35",2505
"2018-05-03 20:44:36",2503
"2018-05-03 21:44:35",2503
"2018-05-03 22:44:36",2503
"2018-05-03 23:44:35",2503
"2018-05-04 00:44:35",2503
"2018-05-04 01:44:36",2503
"2018-05-04 02:44:37",2503
"2018-05-04 03:44:35",2503
"2018-05-04 04:44:35",2503
"2018-05-04 05:44:35",2503
"2018-05-04 06:44:36",2503
"2018-05-04 07:44:35",2503
"2018-05-04 08:44:37",2503
"2018-05-04 09:44:36",2503
"2018-05-04 10:44:36",2503
"2018-05-04 11:44:36",2503
"2018-05-04 12:44:35",2503
"2018-05-04 20:49:19",2509
"2018-05-04 20:55:19",2509
"2018-05-04 21:01:19",2509
"2018-05-04 21:07:18",2509
"2018-05-04 21:13:18",2509
"2018-05-04 21:19:18",2509
"2018-05-04 21:25:17",2509
"2018-05-04 21:31:17",2509
"2018-05-04 21:44:34",2509
"2018-05-04 22:44:35",2509
"2018-05-04 23:44:36",2509
"2018-05-05 00:44:34",2509
"2018-05-05 01:44:36",2509
"2018-05-05 02:44:35",2509
"2018-05-05 03:44:36",2509
"2018-05-05 04:44:36",2509
"2018-05-05 05:44:34",2509
"2018-05-05 06:44:36",2509
"2018-05-05 07:44:36",2509
"2018-05-05 08:44:36",2509
"2018-05-05 09:44:34",2509
"2018-05-05 10:44:36",2509
"2018-05-05 11:44:35",2509
"2018-05-05 12:44:36",2509
"2018-05-05 13:44:37",2509
"2018-05-05 14:44:36",2509
"2018-05-05 15:44:37",2509
"2018-05-05 16:44:36",2509
"2018-05-05 17:44:36",2509
"2018-05-05 18:44:35",2509
"2018-05-05 19:44:35",2509
"2018-05-05 20:44:36",2509
"2018-05-05 21:44:34",2509
"2018-05-05 22:44:36",2509
"2018-05-05 23:44:35",2509
"2018-05-06 00:44:35",2509
"2018-05-06 01:44:35",2509
"2018-05-06 02:44:36",2509
"2018-05-06 03:44:35",2509
"2018-05-06 04:44:35",2509
"2018-05-06 05:44:36",2509
"2018-05-06 06:44:35",2509
"2018-05-06 07:44:39",2509
"2018-05-06 08:44:34",2509
"2018-05-06 09:44:35",2509
"2018-05-06 10:44:34",2509
"2018-05-06 11:44:36",2509
"2018-05-06 12:44:34",2509
"2018-05-06 13:44:36",2509
"2018-05-06 14:44:35",2509
"2018-05-06 15:44:35",2509
"2018-05-06 16:44:36",2509
"2018-05-06 17:44:35",2509
"2018-05-06 18:44:36",2509
"2018-05-06 19:44:36",2509
"2018-05-06 20:44:37",2509
"2018-05-06 21:44:36",2509
"2018-05-06 22:44:35",2509
"2018-05-06 23:44:36",2509
"2018-05-07 00:44:35",2509
"2018-05-07 01:44:35",2509
"2018-05-07 01:58:11",2509
"2018-05-07 02:44:36",2509
"2018-05-07 03:44:36",2509
"2018-05-07 04:44:35",2509
"2018-05-07 05:44:35",2509
"2018-05-07 06:44:35",2509
"2018-05-07 07:44:35",2509
"2018-05-07 08:44:37",2509
"2018-05-07 09:44:35",2509
"2018-05-07 10:44:35",2509
"2018-05-07 11:44:35",2509
"2018-05-07 12:44:35",2509
"2018-05-07 13:44:46",2509
"2018-05-07 14:44:35",2523
"2018-05-07 15:44:36",2533
"2018-05-07 16:44:40",2532
"2018-05-07 22:44:35",2547
"2018-05-07 23:44:35",2547
"2018-05-08 00:44:37",2547
"2018-05-08 01:44:40",2547
"2018-05-08 02:44:35",2547
"2018-05-08 03:44:35",2547
"2018-05-08 04:44:36",2547
"2018-05-08 05:44:34",2547
"2018-05-08 06:44:35",2547
"2018-05-08 07:44:35",2547
"2018-05-08 08:44:35",2547
"2018-05-08 09:44:34",2547
"2018-05-08 10:44:34",2547
"2018-05-08 11:44:34",2547
"2018-05-08 12:44:34",2547
"2018-05-08 13:44:35",2547
"2018-05-08 14:44:37",2552
"2018-05-08 15:44:36",2559
"2018-05-08 16:44:35",2560
"2018-05-08 17:44:35",2564
"2018-05-08 18:44:37",2567
"2018-05-08 19:44:36",2568
"2018-05-08 20:44:35",2572
"2018-05-08 21:44:35",2572
"2018-05-08 22:44:36",2572
"2018-05-08 23:44:41",2572
"2018-05-09 00:44:37",2572
"2018-05-09 01:44:36",2572
"2018-05-09 02:44:36",2572
"2018-05-09 03:44:35",2572
"2018-05-09 04:44:36",2572
"2018-05-09 05:44:37",2572
"2018-05-09 06:44:36",2572
"2018-05-09 07:44:36",2572
"2018-05-09 08:44:36",2572
"2018-05-09 09:44:35",2572
"2018-05-09 10:44:35",2572
"2018-05-09 11:44:36",2572
"2018-05-09 12:44:35",2572
"2018-05-09 13:44:38",2572
"2018-05-09 14:44:36",2573
"2018-05-09 15:44:35",2577
"2018-05-09 16:44:36",2581
"2018-05-09 17:44:37",2583
"2018-05-09 18:44:36",2587
"2018-05-09 19:44:36",2589
"2018-05-09 20:44:35",2591
"2018-05-09 21:44:37",2591
"2018-05-09 22:44:35",2591
"2018-05-09 23:44:35",2591
"2018-05-10 00:44:37",2591
"2018-05-10 01:44:36",2591
"2018-05-10 02:44:37",2591
"2018-05-10 03:44:38",2591
"2018-05-10 04:44:38",2591
"2018-05-10 05:44:37",2591
"2018-05-10 06:44:37",2591
"2018-05-10 07:44:38",2591
"2018-05-10 08:44:37",2591
"2018-05-10 09:44:36",2591
"2018-05-10 10:44:37",2591
"2018-05-10 11:44:37",2591
"2018-05-10 12:44:37",2591
"2018-05-10 13:44:48",2591
"2018-05-10 14:44:38",2594
"2018-05-10 15:44:38",2597
"2018-05-10 16:44:37",2596
"2018-05-10 17:44:38",2597
"2018-05-10 18:44:37",2595
"2018-05-10 19:44:38",2594
"2018-05-10 20:44:37",2596
"2018-05-10 21:44:37",2596
"2018-05-10 22:44:37",2596
"2018-05-10 23:44:38",2596
"2018-05-11 00:44:37",2596
"2018-05-11 01:44:38",2596
"2018-05-11 02:44:37",2596
"2018-05-11 03:44:37",2596
"2018-05-11 04:44:37",2596
"2018-05-11 05:44:39",2596
"2018-05-11 06:44:37",2596
"2018-05-11 07:44:37",2596
"2018-05-11 08:44:37",2596
"2018-05-11 09:44:36",2596
"2018-05-11 10:44:36",2596
"2018-05-11 11:44:37",2596
"2018-05-11 12:44:36",2596
"2018-05-11 13:44:39",2596
"2018-05-11 14:44:38",2601
"2018-05-11 15:44:38",2599
"2018-05-11 16:44:37",2598
"2018-05-11 17:44:38",2602
"2018-05-11 18:44:38",2601
"2018-05-11 19:44:38",2600
"2018-05-11 20:44:36",2603
"2018-05-11 21:44:37",2603
"2018-05-11 22:44:36",2603
"2018-05-11 23:44:37",2603
"2018-05-12 00:44:37",2603
"2018-05-12 01:44:37",2603
"2018-05-12 02:44:39",2603
"2018-05-12 03:44:38",2603
"2018-05-12 04:44:37",2603
"2018-05-12 05:44:37",2603
"2018-05-12 06:44:38",2603
"2018-05-12 07:44:37",2603
"2018-05-12 08:44:37",2603
"2018-05-12 09:44:37",2603
"2018-05-12 10:44:37",2604
"2018-05-12 11:44:37",2604
"2018-05-12 12:44:37",2604
"2018-05-12 13:44:38",2604
"2018-05-12 14:44:37",2604
"2018-05-12 15:44:39",2604
"2018-05-12 16:44:37",2604
"2018-05-12 17:44:38",2604
"2018-05-12 18:44:36",2604
"2018-05-12 19:44:38",2604
"2018-05-12 20:44:37",2604
"2018-05-12 21:44:36",2604
"2018-05-12 22:44:37",2604
"2018-05-12 23:44:37",2604
"2018-05-13 00:44:38",2604
"2018-05-13 01:44:37",2604
"2018-05-13 02:44:36",2604
"2018-05-13 03:44:37",2604
"2018-05-13 04:44:38",2604
"2018-05-13 05:44:37",2604
"2018-05-13 06:44:38",2604
"2018-05-13 07:44:37",2604
"2018-05-13 08:44:36",2604
"2018-05-13 09:44:37",2604
"2018-05-13 10:44:36",2604
"2018-05-13 11:44:36",2604
"2018-05-13 12:44:37",2604
"2018-05-13 13:44:37",2604
"2018-05-13 14:44:37",2604
"2018-05-13 15:44:37",2604
"2018-05-13 16:44:38",2604
"2018-05-13 17:44:37",2604
"2018-05-13 18:44:38",2604
"2018-05-13 19:44:36",2604
"2018-05-13 20:44:38",2604
"2018-05-13 21:44:37",2604
"2018-05-13 22:44:38",2604
"2018-05-13 23:44:38",2604
"2018-05-14 00:44:37",2604
"2018-05-14 01:44:38",2604
"2018-05-14 02:44:38",2604
"2018-05-14 03:44:37",2604
"2018-05-14 04:44:38",2604
"2018-05-14 05:44:37",2604
"2018-05-14 06:44:36",2604
"2018-05-14 07:44:37",2604
"2018-05-14 08:44:36",2604
"2018-05-14 09:44:36",2603
"2018-05-14 10:44:36",2603
"2018-05-14 11:44:37",2603
"2018-05-14 12:44:36",2603
"2018-05-14 13:44:40",2604
"2018-05-14 14:44:38",2609
"2018-05-14 15:44:37",2611
"2018-05-14 16:44:37",2610
"2018-05-14 17:44:37",2611
"2018-05-14 18:44:39",2618
"2018-05-14 19:44:36",2618
"2018-05-14 20:44:37",2620
"2018-05-14 21:44:36",2620
"2018-05-14 22:44:37",2620
"2018-05-14 23:44:38",2620
"2018-05-15 00:44:38",2620
"2018-05-15 01:44:38",2620
"2018-05-15 02:44:38",2620
"2018-05-15 03:44:37",2620
"2018-05-15 04:44:38",2620
"2018-05-15 05:44:37",2620
"2018-05-15 06:44:36",2620
"2018-05-15 07:44:36",2620
"2018-05-15 08:44:37",2620
"2018-05-15 09:44:36",2620
"2018-05-15 10:44:38",2619
"2018-05-15 11:44:36",2619
"2018-05-15 12:44:37",2619
"2018-05-15 13:44:38",2619
"2018-05-15 14:44:37",2620
"2018-05-15 15:44:37",2625
"2018-05-15 16:44:37",2627
"2018-05-15 17:44:36",2632
"2018-05-15 18:44:41",2633
"2018-05-15 19:44:36",2635
"2018-05-15 20:44:35",2638
"2018-05-15 21:44:35",2638
"2018-05-15 22:44:36",2638
"2018-05-15 23:44:36",2638
"2018-05-16 00:44:36",2638
"2018-05-16 01:44:36",2638
"2018-05-16 02:44:36",2638
"2018-05-16 03:44:37",2638
"2018-05-16 04:44:37",2638
"2018-05-16 05:44:36",2638
"2018-05-16 06:44:36",2638
"2018-05-16 07:44:37",2638
"2018-05-16 08:44:38",2638
"2018-05-16 09:44:35",2638
"2018-05-16 10:44:35",2638
"2018-05-16 11:44:37",2638
"2018-05-16 12:44:38",2638
"2018-05-16 13:44:37",2638
"2018-05-16 14:44:36",2639
"2018-05-16 15:44:36",2650
"2018-05-16 16:44:36",2660
"2018-05-16 17:44:38",2668
"2018-05-16 18:44:35",2672
"2018-05-16 19:44:36",2676
"2018-05-16 20:44:35",2679
"2018-05-16 21:44:35",2679
"2018-05-16 22:44:36",2679
"2018-05-16 23:44:35",2679
"2018-05-17 00:44:38",2679
"2018-05-17 01:44:35",2679
"2018-05-17 02:44:36",2679
"2018-05-17 03:44:36",2679
"2018-05-17 04:44:37",2679
"2018-05-17 05:44:37",2679
"2018-05-17 06:44:38",2679
"2018-05-17 07:44:37",2679
"2018-05-17 08:44:40",2679
"2018-05-17 09:44:36",2679
"2018-05-17 10:44:35",2679
"2018-05-17 11:44:37",2679
"2018-05-17 12:44:36",2679
"2018-05-17 13:44:38",2679
"2018-05-17 14:44:36",2687
"2018-05-17 15:44:37",2693
"2018-05-18 07:44:37",2717
"2018-05-18 08:44:37",2717
"2018-05-18 09:44:36",2717
"2018-05-18 10:44:36",2717
"2018-05-18 11:44:36",2717
"2018-05-18 12:44:37",2717
"2018-05-18 13:44:39",2717
"2018-05-18 14:44:37",2719
"2018-05-18 15:44:37",2721
"2018-05-18 16:44:37",2725
"2018-05-18 17:44:36",2732
"2018-05-18 18:44:36",2733
"2018-05-18 19:44:37",2734
"2018-05-18 20:44:38",2738
"2018-05-18 21:44:36",2738
"2018-05-18 22:44:37",2738
"2018-05-18 23:44:37",2738
"2018-05-19 00:44:36",2738
"2018-05-19 01:44:38",2738
"2018-05-19 02:44:38",2738
"2018-05-19 03:44:38",2738
"2018-05-19 04:44:37",2738
"2018-05-19 05:44:38",2738
"2018-05-19 06:44:39",2738
"2018-05-19 07:44:36",2738
"2018-05-19 08:44:37",2738
"2018-05-19 09:44:37",2738
"2018-05-19 10:44:36",2738
"2018-05-19 11:44:37",2738
"2018-05-19 12:44:37",2738
"2018-05-19 13:44:38",2738
"2018-05-19 14:44:38",2738
"2018-05-19 15:44:38",2738
"2018-05-19 16:44:37",2738
"2018-05-19 17:44:37",2738
"2018-05-19 18:44:37",2738
"2018-05-19 19:44:37",2738
"2018-05-19 20:44:37",2738
"2018-05-19 21:44:37",2738
"2018-05-19 22:44:36",2738
"2018-05-19 23:44:36",2738
"2018-05-20 00:44:37",2738
"2018-05-20 01:44:38",2738
"2018-05-20 02:44:37",2738
"2018-05-20 03:44:36",2738
"2018-05-20 04:44:37",2738
"2018-05-20 05:44:37",2738
"2018-05-20 06:44:36",2738
"2018-05-20 07:44:36",2738
"2018-05-20 08:44:37",2738
"2018-05-20 09:44:37",2738
"2018-05-20 10:44:36",2738
"2018-05-20 11:44:36",2738
"2018-05-20 12:44:36",2738
"2018-05-20 13:44:36",2738
"2018-05-20 14:44:39",2738
"2018-05-20 15:44:37",2738
"2018-05-20 16:44:37",2738
"2018-05-20 17:44:38",2738
"2018-05-20 18:44:37",2738
"2018-05-20 19:44:36",2738
"2018-05-20 20:44:37",2738
"2018-05-20 21:44:36",2738
"2018-05-20 22:44:37",2738
"2018-05-20 23:44:37",2738
"2018-05-21 00:44:38",2738
"2018-05-21 01:44:51",2738
"2018-05-21 02:44:45",2738
"2018-05-21 03:44:38",2738
"2018-05-21 04:44:42",2738
"2018-05-21 05:44:37",2738
"2018-05-21 06:44:37",2738
"2018-05-21 07:44:37",2738
"2018-05-21 08:44:40",2738
"2018-05-21 09:44:37",2738
"2018-05-21 10:44:35",2738
"2018-05-21 11:44:36",2739
"2018-05-21 12:44:41",2739
"2018-05-21 13:44:37",2739
"2018-05-21 14:44:37",2740
"2018-05-21 15:44:36",2737
"2018-05-21 16:44:36",2740
"2018-05-21 17:44:35",2737
"2018-05-21 18:44:36",2738
"2018-05-21 19:44:36",2733
"2018-05-21 20:44:36",2735
"2018-05-21 21:44:36",2735
"2018-05-21 22:44:35",2735
"2018-05-21 23:44:35",2735
"2018-05-22 00:44:36",2735
"2018-05-22 01:44:37",2735
"2018-05-22 02:44:36",2735
"2018-05-22 03:44:37",2735
"2018-05-22 04:44:37",2735
"2018-05-22 05:44:35",2735
"2018-05-22 06:44:35",2735
"2018-05-22 07:44:36",2735
"2018-05-22 08:44:42",2735
"2018-05-22 09:44:35",2735
"2018-05-22 10:44:36",2735
"2018-05-22 11:44:35",2735
"2018-05-22 12:44:37",2735
"2018-05-22 13:44:39",2735
"2018-05-22 14:44:38",2739
"2018-05-22 15:44:38",2727
"2018-05-22 16:44:37",2724
"2018-05-22 17:44:36",2717
"2018-05-22 18:44:37",2718
"2018-05-22 19:44:37",2720
"2018-05-22 20:44:38",2718
"2018-05-22 21:44:36",2719
"2018-05-22 22:44:37",2719
"2018-05-22 23:44:37",2719
"2018-05-23 00:44:36",2719
"2018-05-23 01:44:37",2719
"2018-05-23 02:44:36",2719
"2018-05-23 03:44:38",2719
"2018-05-23 04:44:37",2719
"2018-05-23 05:44:38",2719
"2018-05-23 06:44:38",2719
"2018-05-23 07:44:41",2719
"2018-05-23 08:44:37",2719
"2018-05-23 09:44:37",2719
"2018-05-23 10:44:38",2720
"2018-05-23 11:44:37",2720
"2018-05-23 12:44:36",2720
"2018-05-23 13:44:38",2720
"2018-05-23 14:44:37",2718
"2018-05-23 15:44:37",2719
"2018-05-23 16:44:39",2719
"2018-05-23 17:44:37",2718
"2018-05-23 18:44:36",2721
"2018-05-23 19:44:37",2720
"2018-05-23 20:44:38",2719
"2018-05-23 21:44:37",2719
"2018-05-23 22:44:36",2719
"2018-05-23 23:44:35",2719
"2018-05-24 00:44:36",2719
"2018-05-24 01:44:36",2719
"2018-05-24 02:44:37",2719
"2018-05-24 03:44:36",2719
"2018-05-24 04:44:35",2719
"2018-05-24 06:44:37",2719
"2018-05-24 07:44:36",2719
"2018-05-24 08:44:36",2719
"2018-05-24 09:44:36",2719
"2018-05-24 10:44:37",2719
"2018-05-24 11:44:36",2719
"2018-05-24 12:44:36",2719
"2018-05-24 20:13:44",2707
"2018-05-24 20:44:36",2707
"2018-05-24 21:44:37",2707
"2018-05-24 22:44:37",2707
"2018-05-24 23:44:37",2707
"2018-05-25 00:44:37",2707
"2018-05-25 01:44:38",2707
"2018-05-25 02:44:37",2707
"2018-05-25 03:44:37",2707
"2018-05-25 04:44:38",2707
"2018-05-25 05:44:38",2707
"2018-05-25 06:44:37",2707
"2018-05-25 07:44:37",2707
"2018-05-25 08:44:37",2707
"2018-05-25 09:44:36",2707
"2018-05-25 10:44:38",2707
"2018-05-25 11:44:37",2707
"2018-05-25 12:44:37",2707
"2018-05-25 13:44:37",2707
"2018-05-25 14:44:37",2704
"2018-05-25 15:44:37",2703
"2018-05-25 16:44:38",2705
"2018-05-25 17:44:36",2708
"2018-05-25 18:44:37",2706
"2018-05-25 19:44:37",2703
"2018-05-25 20:44:37",2703
"2018-05-25 21:44:36",2703
"2018-05-25 22:44:36",2703
"2018-05-25 23:44:37",2703
"2018-05-26 00:44:37",2703
"2018-05-26 01:44:37",2703
"2018-05-26 02:44:37",2703
"2018-05-26 03:44:37",2703
"2018-05-26 04:44:36",2703
"2018-05-26 05:44:37",2703
"2018-05-26 06:44:37",2703
"2018-05-26 07:44:37",2703
"2018-05-26 08:44:38",2703
"2018-05-26 09:44:36",2703
"2018-05-26 10:44:36",2703
"2018-05-26 11:44:36",2703
"2018-05-26 12:44:37",2703
"2018-05-26 13:44:38",2703
"2018-05-26 14:44:37",2703
"2018-05-26 15:44:37",2703
"2018-05-26 16:44:37",2703
"2018-05-26 17:44:37",2703
"2018-05-26 18:44:38",2703
"2018-05-26 19:44:41",2703
"2018-05-26 20:44:37",2703
"2018-05-26 21:44:36",2703
"2018-05-26 22:44:37",2703
"2018-05-26 23:44:37",2703
"2018-05-27 00:44:37",2703
"2018-05-27 01:44:38",2703
"2018-05-27 02:44:37",2703
"2018-05-27 03:44:36",2703
"2018-05-27 04:44:37",2703
"2018-05-27 05:44:38",2703
"2018-05-27 06:44:37",2703
"2018-05-27 07:44:36",2703
"2018-05-27 08:44:36",2703
"2018-05-27 09:44:36",2703
"2018-05-27 10:44:36",2703
"2018-05-27 11:44:36",2703
"2018-05-27 12:44:36",2703
"2018-05-27 13:44:38",2703
"2018-05-27 14:44:37",2703
"2018-05-27 15:44:37",2703
"2018-05-27 16:44:37",2703
"2018-05-27 17:44:36",2703
"2018-05-27 18:44:37",2703
"2018-05-27 19:44:36",2703
"2018-05-27 20:44:37",2703
"2018-05-27 21:44:38",2703
"2018-05-27 22:44:38",2703
"2018-05-27 23:44:37",2703
"2018-05-28 00:44:37",2703
"2018-05-28 01:44:36",2703
"2018-05-28 02:44:37",2703
"2018-05-28 03:44:37",2703
"2018-05-28 04:44:37",2703
"2018-05-28 05:44:36",2703
"2018-05-28 06:44:37",2703
"2018-05-28 07:44:36",2703
"2018-05-28 08:44:36",2703
"2018-05-28 09:44:37",2703
"2018-05-28 10:44:36",2703
"2018-05-28 11:44:37",2703
"2018-05-28 12:44:36",2703
"2018-05-28 13:44:37",2703
"2018-05-28 14:44:36",2703
"2018-05-28 15:44:37",2703
"2018-05-28 16:44:36",2703
"2018-05-28 17:44:37",2703
"2018-05-28 18:44:37",2703
"2018-05-28 19:44:37",2703
"2018-05-28 20:44:37",2703
"2018-05-28 21:44:37",2703
"2018-05-28 22:44:37",2703
"2018-05-28 23:44:37",2703
"2018-05-29 00:44:36",2703
"2018-05-29 01:44:36",2703
"2018-05-29 02:44:37",2703
"2018-05-29 03:44:37",2703
"2018-05-29 04:44:37",2703
"2018-05-29 05:44:37",2703
"2018-05-29 06:44:37",2703
"2018-05-29 07:44:36",2703
"2018-05-29 08:44:43",2703
"2018-05-29 09:44:37",2703
"2018-05-29 10:44:36",2703
"2018-05-29 11:44:36",2703
"2018-05-29 12:44:37",2703
"2018-05-30 19:55:18",2711
"2018-05-30 20:44:37",2710
"2018-05-30 21:44:37",2710
"2018-05-30 22:44:36",2710
"2018-05-30 23:44:37",2710
"2018-05-31 00:44:37",2710
"2018-05-31 01:44:39",2710
"2018-05-31 02:44:37",2710
"2018-05-31 03:44:41",2710
"2018-05-31 04:44:36",2710
"2018-05-31 05:44:36",2710
"2018-05-31 06:44:37",2710
"2018-05-31 07:44:37",2710
"2018-05-31 08:44:37",2710
"2018-05-31 09:44:37",2710
"2018-05-31 10:44:37",2710
"2018-05-31 11:44:36",2710
"2018-05-31 12:44:37",2710
"2018-05-31 13:44:39",2710
"2018-05-31 14:44:37",2713
"2018-05-31 15:44:37",2707
"2018-05-31 16:44:36",2701
"2018-05-31 17:44:37",2700
"2018-05-31 18:44:38",2696
"2018-05-31 19:44:37",2698
"2018-05-31 20:44:38",2697
"2018-05-31 21:44:36",2697
"2018-05-31 22:44:37",2697
"2018-05-31 23:44:37",2697
"2018-06-01 00:44:37",2697
"2018-06-01 01:44:37",2697
"2018-06-01 02:44:37",2697
"2018-06-01 03:44:37",2697
"2018-06-01 04:44:36",2697
"2018-06-01 05:44:36",2697
"2018-06-01 06:44:38",2697
"2018-06-01 07:44:38",2697
"2018-06-01 08:44:39",2697
"2018-06-01 09:44:37",2697
"2018-06-01 10:44:36",2697
"2018-06-01 11:44:37",2697
"2018-06-01 12:44:36",2697
"2018-06-01 13:44:46",2697
"2018-06-01 14:44:38",2700
"2018-06-01 15:44:39",2701
"2018-06-01 16:44:39",2705
"2018-06-01 17:44:39",2707
"2018-06-01 18:44:38",2709
"2018-06-01 19:44:39",2716
"2018-06-01 20:44:38",2717
"2018-06-01 21:44:38",2717
"2018-06-01 22:44:39",2717
"2018-06-01 23:44:38",2717
"2018-06-02 00:44:38",2717
"2018-06-02 01:44:38",2717
"2018-06-02 02:44:39",2717
"2018-06-02 03:44:39",2717
"2018-06-02 04:44:38",2717
"2018-06-02 05:44:39",2717
"2018-06-02 06:44:38",2717
"2018-06-02 07:44:38",2717
"2018-06-02 08:44:37",2717
"2018-06-02 09:44:40",2717
"2018-06-02 10:44:37",2717
"2018-06-02 11:44:37",2717
"2018-06-02 12:44:39",2717
"2018-06-02 13:44:39",2717
"2018-06-02 14:44:39",2717
"2018-06-02 15:44:39",2717
"2018-06-02 16:44:39",2717
"2018-06-02 17:44:38",2717
"2018-06-02 18:44:37",2717
"2018-06-02 19:44:39",2717
"2018-06-02 20:44:39",2717
"2018-06-02 21:44:39",2717
"2018-06-02 22:44:38",2717
"2018-06-02 23:44:39",2717
"2018-06-03 00:44:37",2717
"2018-06-03 01:44:38",2717
"2018-06-03 02:44:38",2717
"2018-06-03 03:44:37",2717
"2018-06-03 04:44:37",2717
"2018-06-03 05:44:38",2717
"2018-06-03 06:44:38",2717
"2018-06-03 19:46:54",2717
"2018-06-03 20:44:39",2717
"2018-06-03 21:44:38",2717
"2018-06-03 22:44:38",2717
"2018-06-03 23:44:38",2717
"2018-06-04 00:44:38",2717
"2018-06-04 01:44:38",2717
"2018-06-04 02:44:39",2717
"2018-06-04 03:44:37",2717
"2018-06-04 04:44:40",2717
"2018-06-04 05:44:38",2717
"2018-06-04 06:44:38",2717
"2018-06-04 07:44:38",2717
"2018-06-04 08:44:38",2717
"2018-06-04 09:44:38",2717
"2018-06-04 10:44:30",2717
"2018-06-04 11:44:30",2717
"2018-06-04 12:44:30",2717
"2018-06-04 13:44:32",2717
"2018-06-04 14:44:32",2721
"2018-06-04 15:44:32",2719
"2018-06-04 16:44:31",2719
"2018-06-04 17:44:31",2716
"2018-06-04 18:44:32",2713
"2018-06-04 19:44:33",2714
"2018-06-04 20:44:32",2719
"2018-06-04 21:44:32",2719
"2018-06-04 22:44:34",2720
"2018-06-04 23:44:34",2720
"2018-06-05 00:44:34",2720
"2018-06-05 01:44:34",2720
"2018-06-05 02:44:34",2720
"2018-06-05 03:44:33",2720
"2018-06-05 04:44:35",2720
"2018-06-05 05:44:34",2720
"2018-06-05 06:44:34",2720
"2018-06-05 07:44:33",2720
"2018-06-05 08:44:34",2720
"2018-06-05 09:44:34",2720
"2018-06-05 10:44:34",2720
"2018-06-05 11:44:33",2720
"2018-06-05 12:44:33",2720
"2018-06-05 13:45:13",2720
"2018-06-05 14:44:36",2723
"2018-06-05 15:44:34",2722
"2018-06-05 16:44:35",2721
"2018-06-05 17:44:33",2725
"2018-06-05 18:44:33",2724
"2018-06-05 19:44:34",2726
"2018-06-05 20:44:34",2726
"2018-06-05 21:44:34",2726
"2018-06-05 22:44:34",2725
"2018-06-05 23:44:34",2725
"2018-06-06 00:44:34",2725
"2018-06-06 01:44:34",2725
"2018-06-06 02:44:34",2725
"2018-06-06 03:44:35",2725
"2018-06-06 04:44:34",2725
"2018-06-06 05:44:34",2725
"2018-06-06 06:44:34",2725
"2018-06-06 07:44:33",2725
"2018-06-06 08:44:34",2725
"2018-06-06 09:44:34",2725
"2018-06-06 10:44:34",2725
"2018-06-06 11:44:34",2725
"2018-06-06 12:44:34",2725
"2018-06-06 13:44:36",2725
"2018-06-06 14:44:35",2727
"2018-06-06 15:44:36",2732
"2018-06-06 16:44:36",2736
"2018-06-06 17:44:35",2735
"2018-06-06 18:44:36",2740
"2018-06-06 19:44:35",2743
"2018-06-06 20:44:34",2756
"2018-06-06 21:44:36",2756
"2018-06-06 22:44:37",2756
"2018-06-06 23:44:38",2756
"2018-06-07 00:44:38",2756
"2018-06-07 01:44:38",2756
"2018-06-07 02:44:39",2756
"2018-06-07 03:44:38",2756
"2018-06-07 04:44:38",2756
"2018-06-07 05:44:39",2756
"2018-06-07 06:44:38",2756
"2018-06-07 07:44:38",2756
"2018-06-07 08:44:38",2756
"2018-06-07 09:44:38",2756
"2018-06-07 10:44:38",2756
"2018-06-07 11:44:38",2756
"2018-06-07 12:44:38",2756
"2018-06-07 13:44:38",2756
"2018-06-07 14:44:40",2752
"2018-06-07 15:44:38",2755
"2018-06-07 16:44:39",2756
"2018-06-07 17:44:39",2757
"2018-06-07 18:44:38",2759
"2018-06-07 19:44:39",2761
"2018-06-07 20:44:39",2762
"2018-06-07 21:44:38",2762
"2018-06-07 22:44:40",2762
"2018-06-07 23:44:40",2762
"2018-06-08 00:44:39",2762
"2018-06-08 01:44:38",2762
"2018-06-08 02:44:39",2762
"2018-06-08 03:44:39",2762
"2018-06-08 04:44:41",2762
"2018-06-08 05:44:39",2762
"2018-06-08 06:44:40",2762
"2018-06-08 07:44:40",2762
"2018-06-08 08:44:39",2762
"2018-06-08 09:44:38",2762
"2018-06-08 10:44:38",2762
"2018-06-08 11:44:37",2762
"2018-06-08 12:44:40",2762
"2018-06-08 13:44:40",2762
"2018-06-08 14:44:39",2764
"2018-06-08 15:44:38",2767
"2018-06-08 16:44:40",2767
"2018-06-08 17:44:39",2766
"2018-06-08 18:44:39",2767
"2018-06-08 19:44:39",2768
"2018-06-08 20:44:39",2768
"2018-06-08 21:44:39",2767
"2018-06-08 22:44:38",2767
"2018-06-08 23:44:39",2767
"2018-06-09 00:44:38",2767
"2018-06-09 01:44:40",2767
"2018-06-09 02:44:38",2767
"2018-06-09 03:44:39",2767
"2018-06-09 04:44:40",2767
"2018-06-09 05:44:39",2767
"2018-06-09 06:44:41",2767
"2018-06-09 07:44:38",2767
"2018-06-09 08:44:38",2767
"2018-06-09 09:44:39",2767
"2018-06-09 10:44:39",2767
"2018-06-09 11:44:40",2767
"2018-06-09 12:44:40",2767
"2018-06-09 13:44:40",2767
"2018-06-09 14:44:39",2767
"2018-06-09 15:44:42",2767
"2018-06-09 16:44:39",2767
"2018-06-09 17:44:41",2767
"2018-06-09 18:44:41",2767
"2018-06-09 19:44:40",2767
"2018-06-09 20:44:40",2767
"2018-06-09 21:44:40",2767
"2018-06-09 22:44:38",2767
"2018-06-09 23:44:39",2767
"2018-06-10 00:44:39",2767
"2018-06-10 01:44:39",2767
"2018-06-10 02:44:39",2767
"2018-06-10 03:44:39",2767
"2018-06-10 04:44:40",2767
"2018-06-10 05:44:39",2767
"2018-06-10 06:44:39",2767
"2018-06-10 07:44:40",2767
"2018-06-10 08:44:39",2767
"2018-06-10 09:44:39",2767
"2018-06-10 10:44:40",2767
"2018-06-10 11:44:39",2767
"2018-06-10 12:44:38",2767
"2018-06-10 13:44:38",2767
"2018-06-10 14:44:40",2767
"2018-06-10 15:44:38",2767
"2018-06-10 16:44:40",2767
"2018-06-10 17:44:39",2767
"2018-06-10 18:44:40",2767
"2018-06-10 19:44:39",2767
"2018-06-10 20:44:38",2767
"2018-06-10 21:44:38",2767
"2018-06-10 22:44:40",2767
"2018-06-10 23:44:39",2767
"2018-06-11 00:44:39",2767
"2018-06-11 01:44:38",2767
"2018-06-11 02:44:38",2767
"2018-06-11 03:44:39",2767
"2018-06-11 04:44:39",2767
"2018-06-11 06:44:38",2767
"2018-06-11 07:44:39",2767
"2018-06-11 08:44:39",2767
"2018-06-11 09:44:38",2767
"2018-06-11 10:44:39",2767
"2018-06-11 11:44:38",2767
"2018-06-11 12:44:39",2767
"2018-06-11 13:44:40",2767
"2018-06-11 14:44:39",2776
"2018-06-11 15:44:39",2776
"2018-06-11 16:44:39",2777
"2018-06-11 17:44:38",2776
"2018-06-11 18:44:39",2785
"2018-06-11 19:44:38",2788
"2018-06-11 20:44:39",2788
"2018-06-11 21:44:38",2788
"2018-06-11 22:44:38",2789
"2018-06-11 23:44:39",2789
"2018-06-12 00:44:39",2789
"2018-06-12 01:44:40",2789
"2018-06-12 02:44:39",2789
"2018-06-12 03:44:40",2789
"2018-06-12 04:44:39",2789
"2018-06-12 05:44:39",2789
"2018-06-12 06:44:40",2789
"2018-06-12 07:44:40",2789
"2018-06-12 08:44:39",2789
"2018-06-12 09:44:38",2789
"2018-06-12 10:44:38",2789
"2018-06-12 11:44:38",2789
"2018-06-12 12:44:39",2789
"2018-06-12 13:44:41",2789
"2018-06-12 14:44:39",2781
"2018-06-12 15:44:39",2778
"2018-06-12 16:44:39",2780
"2018-06-12 17:44:38",2783
"2018-06-12 18:44:39",2782
"2018-06-12 19:44:39",2781
"2018-06-12 20:44:38",2782
"2018-06-12 21:44:39",2783
"2018-06-12 22:44:38",2783
"2018-06-12 23:44:40",2783
"2018-06-13 00:44:39",2783
"2018-06-13 01:44:38",2783
"2018-06-13 02:44:38",2783
"2018-06-13 03:44:39",2783
"2018-06-13 04:44:40",2783
"2018-06-13 05:44:39",2783
"2018-06-13 06:44:40",2783
"2018-06-13 07:44:39",2783
"2018-06-13 08:44:41",2783
"2018-06-13 09:44:38",2783
"2018-06-13 10:44:38",2783
"2018-06-13 11:44:38",2783
"2018-06-13 12:44:39",2783
"2018-06-13 13:44:41",2781
"2018-06-13 14:44:40",2780
"2018-06-13 15:44:39",2776
"2018-06-13 16:44:39",2776
"2018-06-13 17:44:39",2775
"2018-06-13 18:44:40",2773
"2018-06-13 19:44:39",2767
"2018-06-13 20:44:39",2767
"2018-06-13 21:44:40",2766
"2018-06-13 22:44:38",2766
"2018-06-13 23:44:39",2766
"2018-06-14 00:44:40",2766
"2018-06-14 01:44:40",2766
"2018-06-14 02:44:39",2766
"2018-06-14 03:44:40",2766
"2018-06-14 04:44:39",2766
"2018-06-14 05:44:41",2766
"2018-06-14 06:44:39",2766
"2018-06-14 07:44:39",2766
"2018-06-14 08:44:39",2766
"2018-06-14 09:44:37",2766
"2018-06-14 10:44:38",2766
"2018-06-14 11:44:40",2766
"2018-06-14 12:44:40",2766
"2018-06-14 13:44:40",2766
"2018-06-14 14:44:39",2769
"2018-06-14 15:44:40",2768
"2018-06-14 16:44:38",2765
"2018-06-14 17:44:38",2758
"2018-06-14 18:44:39",2755
"2018-06-14 19:44:40",2752
"2018-06-14 20:44:39",2754
"2018-06-14 21:44:39",2754
"2018-06-14 22:44:40",2754
"2018-06-14 23:44:39",2754
"2018-06-15 00:44:39",2754
"2018-06-15 01:44:38",2754
"2018-06-15 02:44:39",2754
"2018-06-15 03:44:39",2754
"2018-06-15 04:44:40",2754
"2018-06-15 05:44:41",2754
"2018-06-15 06:44:40",2754
"2018-06-15 07:44:38",2754
"2018-06-15 08:44:38",2754
"2018-06-15 09:44:38",2754
"2018-06-15 10:44:39",2754
"2018-06-15 11:44:38",2754
"2018-06-15 12:44:38",2754
"2018-06-15 13:44:41",2754
"2018-06-15 14:44:40",2753
"2018-06-15 15:44:40",2751
"2018-06-15 16:44:39",2750
"2018-06-15 17:44:38",2751
"2018-06-15 18:44:40",2754
"2018-06-15 19:44:39",2752
"2018-06-15 20:44:39",2749
"2018-06-15 21:44:38",2749
"2018-06-15 22:44:38",2749
"2018-06-15 23:44:39",2749
"2018-06-16 00:44:39",2749
"2018-06-16 01:44:39",2749
"2018-06-16 02:44:42",2749
"2018-06-16 03:44:39",2749
"2018-06-16 04:44:41",2749
"2018-06-16 05:44:42",2749
"2018-06-16 06:44:40",2749
"2018-06-16 07:44:38",2749
"2018-06-16 08:44:39",2749
"2018-06-16 09:44:39",2749
"2018-06-16 10:44:38",2749
"2018-06-16 11:44:40",2749
"2018-06-16 12:44:39",2749
"2018-06-16 13:44:40",2749
"2018-06-16 14:44:40",2748
"2018-06-16 15:44:39",2748
"2018-06-16 16:44:40",2748
"2018-06-16 17:44:39",2748
"2018-06-16 18:44:39",2748
"2018-06-16 19:44:39",2748
"2018-06-16 20:44:39",2748
"2018-06-16 21:44:39",2748
"2018-06-16 22:44:40",2748
"2018-06-16 23:44:39",2748
"2018-06-17 00:44:39",2748
"2018-06-17 01:44:39",2748
"2018-06-17 02:44:42",2748
"2018-06-17 03:44:39",2748
"2018-06-17 04:44:39",2748
"2018-06-17 05:44:39",2748
"2018-06-17 06:44:38",2748
"2018-06-17 07:44:39",2748
"2018-06-17 08:44:39",2748
"2018-06-17 09:44:38",2748
"2018-06-17 10:44:38",2748
"2018-06-17 11:44:38",2748
"2018-06-17 12:44:39",2748
"2018-06-17 13:44:39",2748
"2018-06-17 14:44:40",2748
"2018-06-17 15:44:38",2748
"2018-06-17 16:44:38",2748
"2018-06-17 17:44:39",2748
"2018-06-17 18:44:38",2748
"2018-06-17 19:44:40",2748
"2018-06-17 20:44:40",2748
"2018-06-17 21:44:39",2748
"2018-06-17 22:44:39",2748
"2018-06-17 23:44:39",2748
"2018-06-18 00:44:40",2748
"2018-06-18 01:44:39",2748
"2018-06-18 02:44:40",2748
"2018-06-18 03:44:39",2748
"2018-06-18 04:44:39",2748
"2018-06-18 05:44:40",2748
"2018-06-18 06:44:38",2748
"2018-06-18 07:44:38",2748
"2018-06-18 08:44:45",2748
"2018-06-18 09:44:39",2748
"2018-06-18 10:44:38",2748
"2018-06-18 11:44:39",2748
"2018-06-18 12:44:38",2748
"2018-06-18 13:44:41",2748
"2018-06-18 14:44:39",2765
"2018-06-18 15:44:39",2760
"2018-06-18 16:44:39",2760
"2018-06-18 17:44:38",2760
"2018-06-18 18:44:41",2762
"2018-06-18 19:44:39",2761
"2018-06-18 20:44:39",2761
"2018-06-18 21:44:38",2761
"2018-06-18 22:44:39",2761
"2018-06-18 23:44:39",2761
"2018-06-19 00:44:39",2761
"2018-06-19 01:44:38",2761
"2018-06-19 02:44:40",2761
"2018-06-19 03:44:39",2761
"2018-06-19 04:44:39",2761
"2018-06-19 05:44:39",2761
"2018-06-19 06:44:39",2761
"2018-06-19 07:44:42",2761
"2018-06-19 08:44:40",2761
"2018-06-19 09:44:38",2761
"2018-06-19 10:44:39",2762
"2018-06-19 11:44:39",2762
"2018-06-19 12:44:39",2762
"2018-06-19 13:44:42",2761
"2018-06-19 14:44:40",2760
"2018-06-19 15:44:39",2754
"2018-06-19 16:44:39",2750
"2018-06-19 17:44:40",2753
"2018-06-19 18:44:39",2753
"2018-06-19 19:44:39",2751
"2018-06-19 20:44:38",2752
"2018-06-19 21:44:39",2752
"2018-06-19 22:44:38",2752
"2018-06-19 23:44:40",2752
"2018-06-20 00:44:49",2752
"2018-06-20 01:44:41",2752
"2018-06-20 02:44:38",2752
"2018-06-20 03:44:40",2752
"2018-06-20 04:44:39",2752
"2018-06-20 05:44:38",2752
"2018-06-20 06:44:39",2752
"2018-06-20 07:44:39",2752
"2018-06-20 08:44:39",2752
"2018-06-20 09:44:38",2752
"2018-06-20 10:44:39",2752
"2018-06-20 11:44:38",2752
"2018-06-20 12:44:39",2752
"2018-06-20 14:09:13",2745
"2018-06-20 14:44:41",2745
"2018-06-20 15:44:41",2748
"2018-06-20 16:44:40",2746
"2018-06-20 17:44:39",2744
"2018-06-20 18:44:39",2742
"2018-06-20 19:44:40",2744
"2018-06-20 20:44:39",2742
"2018-06-20 21:44:40",2742
"2018-06-20 22:44:40",2742
"2018-06-20 23:44:40",2742
"2018-06-21 00:44:40",2742
"2018-06-21 01:44:40",2742
"2018-06-21 02:44:40",2742
"2018-06-21 03:44:40",2742
"2018-06-21 04:44:41",2742
"2018-06-21 05:44:42",2742
"2018-06-21 06:44:39",2742
"2018-06-21 07:44:40",2742
"2018-06-21 08:44:43",2742
"2018-06-21 09:44:39",2742
"2018-06-21 10:44:39",2743
"2018-06-21 11:44:38",2743
"2018-06-21 12:44:39",2743
"2018-06-21 13:44:41",2743
"2018-06-21 14:44:41",2742
"2018-06-21 15:44:41",2740
"2018-06-21 16:44:40",2740
"2018-06-21 17:44:40",2743
"2018-06-21 18:44:40",2743
"2018-06-21 19:44:41",2745
"2018-06-21 20:44:41",2743
"2018-06-21 21:44:41",2743
"2018-06-21 22:44:40",2743
"2018-06-21 23:44:40",2743
"2018-06-22 00:44:40",2743
"2018-06-22 01:44:39",2743
"2018-06-22 02:44:40",2743
"2018-06-22 03:44:41",2743
"2018-06-22 04:44:40",2743
"2018-06-22 05:44:41",2743
"2018-06-22 06:44:40",2743
"2018-06-22 07:44:39",2743
"2018-06-22 08:44:41",2743
"2018-06-22 09:44:39",2743
"2018-06-22 10:44:40",2743
"2018-06-22 11:44:39",2743
"2018-06-22 12:44:40",2743
"2018-06-22 13:44:42",2743
"2018-06-22 15:08:43",2746
"2018-06-22 15:44:41",2746
"2018-06-22 16:44:41",2745
"2018-06-22 17:44:41",2744
"2018-06-22 18:44:40",2744
"2018-06-22 19:44:42",2744
"2018-06-22 20:44:40",2742
"2018-06-22 21:44:40",2742
"2018-06-22 22:44:40",2742
"2018-06-22 23:44:40",2742
"2018-06-23 00:45:05",2742
"2018-06-23 01:45:55",2742
"2018-06-23 02:44:40",2742
"2018-06-23 03:44:41",2742
"2018-06-23 04:44:40",2742
"2018-06-23 05:44:40",2742
"2018-06-23 06:44:40",2742
"2018-06-23 07:44:40",2742
"2018-06-23 08:44:40",2742
"2018-06-23 09:44:40",2742
"2018-06-23 10:44:40",2742
"2018-06-23 11:44:41",2742
"2018-06-23 12:44:39",2742
"2018-06-23 13:44:40",2742
"2018-06-23 14:44:40",2742
"2018-06-23 15:44:41",2742
"2018-06-23 16:44:40",2742
"2018-06-23 17:44:40",2742
"2018-06-23 18:44:40",2742
"2018-06-23 19:44:41",2742
"2018-06-23 20:44:41",2742
"2018-06-23 21:44:40",2742
"2018-06-23 22:44:40",2742
"2018-06-23 23:44:39",2742
"2018-06-24 00:45:00",2742
"2018-06-24 01:44:39",2742
"2018-06-24 02:44:39",2742
"2018-06-24 03:44:44",2742
"2018-06-24 04:44:40",2742
"2018-06-24 05:44:40",2742
"2018-06-24 06:44:41",2742
"2018-06-24 07:44:40",2742
"2018-06-24 08:44:40",2742
"2018-06-24 09:44:40",2742
"2018-06-24 10:45:31",2742
"2018-06-24 11:44:40",2742
"2018-06-24 12:44:43",2742
"2018-06-24 13:44:40",2742
"2018-06-24 14:44:57",2742
"2018-06-24 15:45:05",2742
"2018-06-24 16:44:39",2742
"2018-06-24 17:44:40",2742
"2018-06-24 18:44:40",2742
"2018-06-24 19:44:40",2742
"2018-06-24 20:44:40",2742
"2018-06-24 21:44:40",2742
"2018-06-24 22:44:40",2742
"2018-06-24 23:44:41",2742
"2018-06-25 00:44:40",2742
"2018-06-25 01:44:40",2742
"2018-06-25 02:44:41",2742
"2018-06-25 03:44:52",2742
"2018-06-25 04:44:49",2742
"2018-06-25 05:44:42",2742
"2018-06-25 06:44:40",2742
"2018-06-25 07:44:39",2742
"2018-06-25 08:44:41",2742
"2018-06-25 09:44:41",2741
"2018-06-25 10:44:40",2741
"2018-06-25 11:44:40",2741
"2018-06-25 12:44:39",2741
"2018-06-25 13:44:43",2741
"2018-06-25 14:44:40",2746
"2018-06-25 15:44:40",2747
"2018-06-25 16:44:39",2753
"2018-06-25 17:44:40",2752
"2018-06-25 18:44:40",2752
"2018-06-25 19:44:40",2750
"2018-06-25 20:44:41",2750
"2018-06-25 21:44:41",2750
"2018-06-25 22:44:39",2751
"2018-06-26 01:13:06",2751
"2018-06-26 01:44:40",2751
"2018-06-26 02:44:40",2751
"2018-06-26 03:44:56",2751
"2018-06-26 04:44:54",2751
"2018-06-26 05:44:43",2751
"2018-06-26 06:44:40",2751
"2018-06-26 07:44:42",2751
"2018-06-26 08:44:41",2751
"2018-06-26 09:44:42",2751
"2018-06-26 10:44:45",2751
"2018-06-26 11:44:51",2751
"2018-06-26 12:44:58",2751
"2018-06-26 13:44:43",2752
"2018-06-26 14:44:41",2745
"2018-06-26 15:45:02",2746
"2018-06-26 16:44:41",2745
"2018-06-26 17:44:40",2743
"2018-06-26 18:44:40",2742
"2018-06-26 19:44:42",2742
"2018-06-26 20:44:41",2737
"2018-06-26 21:44:40",2737
"2018-06-26 22:44:40",2737
"2018-06-26 23:44:40",2737
"2018-06-27 00:44:41",2737
"2018-06-27 01:44:39",2737
"2018-06-27 02:44:40",2737
"2018-06-27 03:44:43",2737
"2018-06-27 04:44:48",2737
"2018-06-27 05:44:42",2737
"2018-06-27 06:44:41",2737
"2018-06-27 07:44:39",2737
"2018-06-27 08:44:39",2737
"2018-06-27 09:44:41",2737
"2018-06-27 10:44:40",2737
"2018-06-27 11:44:40",2737
"2018-06-27 12:44:41",2737
"2018-06-27 13:45:05",2737
"2018-06-27 14:45:04",2735
"2018-06-27 15:45:04",2736
"2018-06-27 16:44:42",2735
"2018-06-27 17:44:40",2736
"2018-06-27 18:44:41",2738
"2018-06-27 19:44:43",2738
"2018-06-27 20:44:40",2740
"2018-06-27 21:44:40",2741
"2018-06-27 22:44:39",2741
"2018-06-27 23:44:40",2741
"2018-06-28 00:44:41",2741
"2018-06-28 01:44:40",2741
"2018-06-28 02:44:51",2741
"2018-06-28 03:45:00",2741
"2018-06-28 04:44:57",2741
"2018-06-28 05:44:53",2741
"2018-06-28 06:44:41",2741
"2018-06-28 07:44:41",2741
"2018-06-28 08:44:41",2741
"2018-06-28 09:44:39",2741
"2018-06-28 10:44:41",2741
"2018-06-28 11:44:40",2741
"2018-06-28 12:44:40",2741
"2018-06-28 13:44:42",2741
"2018-06-28 14:44:59",2739
"2018-06-28 15:45:04",2742
"2018-06-28 16:44:39",2741
"2018-06-28 17:44:42",2741
"2018-06-28 18:44:39",2741
"2018-06-28 19:44:45",2740
"2018-06-28 20:44:40",2740
"2018-06-28 21:44:40",2740
"2018-06-28 22:44:39",2740
"2018-06-28 23:44:41",2740
"2018-06-29 00:44:41",2740
"2018-06-29 01:44:40",2740
"2018-06-29 02:44:40",2740
"2018-06-29 03:44:51",2740
"2018-06-29 04:44:45",2740
"2018-06-29 05:44:43",2740
"2018-06-29 06:44:42",2740
"2018-06-29 07:44:42",2740
"2018-06-29 08:44:42",2740
"2018-06-29 09:44:40",2740
"2018-06-29 10:44:40",2740
"2018-06-29 11:44:41",2740
"2018-06-29 12:44:48",2740
"2018-06-29 13:44:43",2740
"2018-06-29 14:44:42",2737
"2018-06-29 15:44:42",2736
"2018-06-29 16:44:41",2733
"2018-06-29 17:44:41",2730
"2018-06-29 18:44:42",2729
"2018-06-29 19:44:47",2727
"2018-06-29 20:44:41",2728
"2018-06-29 21:44:44",2728
"2018-06-29 22:44:43",2728
"2018-06-29 23:44:45",2728
"2018-06-30 00:44:44",2728
"2018-06-30 01:44:40",2728
"2018-06-30 02:44:42",2728
"2018-06-30 03:44:54",2728
"2018-06-30 04:44:49",2728
"2018-06-30 05:44:48",2728
"2018-06-30 06:44:46",2728
"2018-06-30 07:44:41",2728
"2018-06-30 08:44:41",2728
"2018-06-30 09:44:40",2728
"2018-06-30 10:44:43",2728
"2018-06-30 11:44:44",2728
"2018-06-30 12:44:50",2728
"2018-06-30 13:45:03",2728
"2018-06-30 14:44:45",2728
"2018-06-30 15:45:01",2728
"2018-06-30 16:44:46",2728
"2018-06-30 17:44:41",2728
"2018-06-30 18:44:41",2728
"2018-06-30 19:44:51",2728
"2018-06-30 20:44:41",2728
"2018-06-30 21:44:41",2728
"2018-06-30 22:44:41",2728
"2018-06-30 23:44:41",2728
"2018-07-01 00:44:41",2728
"2018-07-01 01:44:42",2728
"2018-07-01 02:44:41",2728
"2018-07-01 03:44:41",2728
"2018-07-01 04:44:40",2728
"2018-07-01 05:44:41",2728
"2018-07-01 06:44:41",2728
"2018-07-01 07:44:40",2728
"2018-07-01 08:44:41",2728
"2018-07-01 09:44:42",2728
"2018-07-01 10:44:41",2728
"2018-07-01 11:44:41",2728
"2018-07-01 12:44:42",2728
"2018-07-01 13:44:41",2728
"2018-07-01 14:44:41",2728
"2018-07-01 15:44:42",2728
"2018-07-01 16:44:45",2728
"2018-07-01 17:44:42",2728
"2018-07-01 18:44:41",2728
"2018-07-01 19:44:44",2728
"2018-07-01 20:44:42",2728
"2018-07-01 21:44:42",2728
"2018-07-01 22:44:41",2728
"2018-07-01 23:44:42",2728
"2018-07-02 00:44:42",2728
"2018-07-02 01:44:43",2728
"2018-07-02 02:44:42",2728
"2018-07-02 03:44:41",2728
"2018-07-02 04:44:41",2728
"2018-07-02 05:44:42",2728
"2018-07-02 06:44:42",2728
"2018-07-02 07:44:41",2728
"2018-07-02 08:44:42",2728
"2018-07-02 09:44:42",2728
"2018-07-02 10:44:40",2728
"2018-07-02 11:44:39",2728
"2018-07-02 12:44:40",2728
"2018-07-02 13:44:43",2728
"2018-07-02 14:44:41",2724
"2018-07-02 15:44:42",2727
"2018-07-02 16:44:43",2727
"2018-07-02 17:44:42",2731
"2018-07-02 18:44:42",2729
"2018-07-02 19:44:44",2730
"2018-07-02 20:44:41",2728
"2018-07-02 21:44:41",2728
"2018-07-02 22:44:42",2728
"2018-07-02 23:44:42",2728
"2018-07-03 00:54:17",2728
"2018-07-03 01:44:42",2728
"2018-07-03 02:44:42",2728
"2018-07-03 03:44:41",2728
"2018-07-03 04:44:42",2728
"2018-07-03 05:44:41",2728
"2018-07-03 06:44:40",2728
"2018-07-03 07:44:41",2728
"2018-07-03 08:44:42",2728
"2018-07-03 09:44:42",2728
"2018-07-03 10:44:39",2728
"2018-07-03 11:44:40",2728
"2018-07-03 12:44:41",2728
"2018-07-03 13:44:42",2728
"2018-07-03 14:44:42",2730
"2018-07-03 15:44:41",2729
"2018-07-03 16:44:41",2728
"2018-07-03 17:44:42",2724
"2018-07-03 18:44:40",2724
"2018-07-03 19:44:46",2724
"2018-07-03 20:44:41",2724
"2018-07-03 21:44:41",2724
"2018-07-03 22:44:41",2724
"2018-07-03 23:44:40",2724
"2018-07-04 00:44:41",2724
"2018-07-04 01:44:42",2724
"2018-07-04 02:44:42",2724
"2018-07-04 03:44:42",2724
"2018-07-04 04:44:40",2724
"2018-07-04 05:44:41",2724
"2018-07-04 06:44:42",2724
"2018-07-04 07:44:41",2724
"2018-07-04 08:44:44",2724
"2018-07-04 09:44:41",2724
"2018-07-04 10:44:42",2724
"2018-07-04 11:44:41",2724
"2018-07-04 12:44:41",2724
"2018-07-04 13:44:42",2724
"2018-07-04 14:44:41",2724
"2018-07-04 15:44:41",2724
"2018-07-04 16:44:41",2724
"2018-07-04 17:44:41",2724
"2018-07-04 18:44:41",2724
"2018-07-04 19:44:43",2724
"2018-07-04 20:44:42",2724
"2018-07-04 21:44:41",2724
"2018-07-04 22:44:40",2724
"2018-07-04 23:44:41",2724
"2018-07-05 00:44:40",2724
"2018-07-05 01:44:41",2724
"2018-07-05 02:44:42",2724
"2018-07-05 03:44:42",2724
"2018-07-05 04:44:41",2724
"2018-07-05 05:44:40",2724
"2018-07-05 06:44:40",2724
"2018-07-05 07:44:41",2724
"2018-07-05 08:44:42",2724
"2018-07-05 09:44:41",2724
"2018-07-05 10:44:41",2724
"2018-07-05 11:44:42",2724
"2018-07-05 12:44:41",2724
"2018-07-05 13:44:42",2724
"2018-07-05 14:44:41",2723
"2018-07-05 15:44:42",2722
"2018-07-05 16:44:41",2723
"2018-07-05 17:44:43",2725
"2018-07-05 18:44:40",2722
"2018-07-05 19:44:50",2720
"2018-07-05 20:44:40",2716
"2018-07-05 21:44:42",2716
"2018-07-05 22:44:42",2716
"2018-07-05 23:44:41",2716
"2018-07-06 00:44:41",2716
"2018-07-06 01:44:42",2716
"2018-07-06 02:44:41",2716
"2018-07-06 03:44:42",2716
"2018-07-06 04:44:42",2716
"2018-07-06 05:44:41",2716
"2018-07-06 06:44:41",2716
"2018-07-06 07:44:41",2716
"2018-07-06 08:44:42",2716
"2018-07-06 09:44:41",2716
"2018-07-06 10:44:42",2716
"2018-07-06 11:44:46",2716
"2018-07-06 12:44:42",2716
"2018-07-06 13:44:46",2716
"2018-07-06 14:44:44",2713
"2018-07-06 15:44:44",2714
"2018-07-06 16:44:43",2713
"2018-07-06 17:44:43",2715
"2018-07-06 18:44:41",2712
"2018-07-06 19:44:48",2713
"2018-07-06 20:44:42",2713
"2018-07-06 21:44:41",2713
"2018-07-06 22:44:41",2713
"2018-07-06 23:44:41",2713
"2018-07-07 00:44:42",2713
"2018-07-07 01:44:41",2713
"2018-07-07 02:44:43",2713
"2018-07-07 03:44:42",2713
"2018-07-07 04:44:42",2713
"2018-07-07 05:44:41",2713
"2018-07-07 06:44:41",2713
"2018-07-07 07:44:41",2713
"2018-07-07 08:44:42",2713
"2018-07-07 09:44:41",2713
"2018-07-07 10:44:41",2713
"2018-07-07 11:44:41",2713
"2018-07-07 12:44:42",2713
"2018-07-07 13:44:42",2713
"2018-07-07 14:44:42",2713
"2018-07-07 15:44:42",2713
"2018-07-07 16:44:43",2713
"2018-07-07 17:44:43",2713
"2018-07-07 18:44:44",2713
"2018-07-07 19:44:48",2713
"2018-07-07 20:44:42",2713
"2018-07-07 21:44:41",2713
"2018-07-07 22:44:43",2713
"2018-07-07 23:44:42",2713
"2018-07-08 00:44:42",2713
"2018-07-08 01:44:42",2713
"2018-07-08 02:44:43",2713
"2018-07-08 03:44:43",2713
"2018-07-08 04:44:43",2713
"2018-07-08 05:44:42",2713
"2018-07-08 06:44:42",2713
"2018-07-08 07:44:42",2713
"2018-07-08 08:44:41",2713
"2018-07-08 09:44:42",2713
"2018-07-08 10:44:41",2713
"2018-07-08 11:44:42",2713
"2018-07-08 12:44:43",2713
"2018-07-08 13:44:41",2713
"2018-07-08 14:44:41",2713
"2018-07-08 15:44:42",2713
"2018-07-08 16:44:42",2713
"2018-07-08 17:44:41",2713
"2018-07-08 18:44:43",2713
"2018-07-08 19:44:52",2713
"2018-07-08 20:44:43",2713
"2018-07-08 21:44:42",2713
"2018-07-08 22:44:42",2713
"2018-07-08 23:44:41",2713
"2018-07-09 00:44:42",2713
"2018-07-09 01:44:42",2713
"2018-07-09 02:44:42",2713
"2018-07-09 03:44:44",2713
"2018-07-09 04:44:41",2713
"2018-07-09 05:44:42",2713
"2018-07-09 06:44:41",2713
"2018-07-09 07:44:41",2713
"2018-07-09 08:44:43",2713
"2018-07-09 09:44:42",2713
"2018-07-09 10:44:42",2713
"2018-07-09 11:44:41",2713
"2018-07-09 12:44:42",2713
"2018-07-09 13:44:50",2714
"2018-07-09 14:44:42",2720
"2018-07-09 15:44:43",2723
"2018-07-09 16:44:43",2733
"2018-07-09 17:44:42",2738
"2018-07-09 18:44:44",2732
"2018-07-09 19:45:06",2731
"2018-07-09 20:44:42",2729
"2018-07-09 21:44:42",2729
"2018-07-09 22:44:42",2730
"2018-07-09 23:44:42",2730
"2018-07-10 00:44:42",2730
"2018-07-10 01:44:44",2730
"2018-07-10 02:44:42",2730
"2018-07-10 03:44:43",2730
"2018-07-10 04:44:43",2730
"2018-07-10 05:44:43",2730
"2018-07-10 06:44:42",2730
"2018-07-10 07:44:41",2730
"2018-07-10 08:44:42",2730
"2018-07-10 09:44:42",2730
"2018-07-10 10:44:41",2731
"2018-07-10 11:44:42",2731
"2018-07-10 12:44:41",2731
"2018-07-10 13:44:51",2731
"2018-07-10 14:44:46",2736
"2018-07-10 15:44:43",2737
"2018-07-10 16:44:42",2735
"2018-07-10 17:44:44",2734
"2018-07-10 18:44:42",2739
"2018-07-10 19:44:49",2740
"2018-07-10 20:44:42",2737
"2018-07-10 21:44:42",2737
"2018-07-10 22:44:48",2737
"2018-07-10 23:44:42",2737
"2018-07-11 00:44:44",2737
"2018-07-11 01:44:43",2737
"2018-07-11 02:44:43",2737
"2018-07-11 03:44:43",2737
"2018-07-11 04:44:43",2737
"2018-07-11 05:44:43",2737
"2018-07-11 06:44:43",2737
"2018-07-11 07:44:42",2737
"2018-07-11 08:44:42",2737
"2018-07-11 09:44:42",2737
"2018-07-11 10:44:42",2737
"2018-07-11 11:44:41",2737
"2018-07-11 12:44:41",2737
"2018-07-11 13:44:45",2737
"2018-07-11 14:44:44",2744
"2018-07-11 15:44:44",2742
"2018-07-11 16:44:42",2744
"2018-07-11 17:44:42",2747
"2018-07-11 18:44:42",2747
"2018-07-11 19:44:45",2744
"2018-07-11 20:44:42",2748
"2018-07-11 21:44:41",2748
"2018-07-11 22:44:42",2748
"2018-07-11 23:44:42",2748
"2018-07-12 00:44:43",2748
"2018-07-12 01:44:41",2748
"2018-07-12 02:44:43",2748
"2018-07-12 03:44:42",2748
"2018-07-12 04:44:43",2748
"2018-07-12 05:44:44",2748
"2018-07-12 06:44:43",2748
"2018-07-12 07:44:42",2748
"2018-07-12 08:44:42",2748
"2018-07-12 09:44:43",2748
"2018-07-12 10:44:41",2748
"2018-07-12 11:44:41",2748
"2018-07-12 12:44:42",2748
"2018-07-12 13:44:46",2748
"2018-07-12 14:44:45",2742
"2018-07-12 15:44:44",2739
"2018-07-12 16:44:47",2738
"2018-07-12 17:44:44",2738
"2018-07-12 18:44:45",2738
"2018-07-12 19:44:59",2737
"2018-07-12 20:44:41",2731
"2018-07-12 21:44:42",2731
"2018-07-12 22:44:44",2731
"2018-07-12 23:44:44",2731
"2018-07-13 00:44:44",2731
"2018-07-13 01:44:44",2731
"2018-07-13 02:44:44",2731
"2018-07-13 03:44:44",2731
"2018-07-13 04:44:44",2731
"2018-07-13 05:44:44",2731
"2018-07-13 06:44:44",2731
"2018-07-13 07:44:42",2731
"2018-07-13 08:44:44",2731
"2018-07-13 09:44:42",2731
"2018-07-13 10:44:42",2730
"2018-07-13 11:44:42",2730
"2018-07-13 12:44:43",2730
"2018-07-13 13:44:50",2730
"2018-07-13 14:44:46",2726
"2018-07-13 15:44:46",2723
"2018-07-13 16:44:44",2728
"2018-07-13 17:44:44",2728
"2018-07-13 18:44:45",2727
"2018-07-13 19:44:45",2730
"2018-07-13 20:44:43",2729
"2018-07-13 21:44:42",2729
"2018-07-13 22:44:43",2730
"2018-07-13 23:44:44",2730
"2018-07-14 00:44:43",2730
"2018-07-14 01:44:42",2730
"2018-07-14 02:44:43",2730
"2018-07-14 03:44:43",2730
"2018-07-14 04:44:43",2730
"2018-07-14 05:44:43",2730
"2018-07-14 06:44:43",2730
"2018-07-14 07:44:42",2730
"2018-07-14 08:44:43",2730
"2018-07-14 09:44:43",2730
"2018-07-14 10:44:43",2730
"2018-07-14 11:44:43",2730
"2018-07-14 12:44:43",2730
"2018-07-14 13:44:44",2730
"2018-07-14 14:44:44",2730
"2018-07-14 15:44:43",2730
"2018-07-14 16:44:44",2730
"2018-07-14 17:44:43",2730
"2018-07-14 18:44:44",2730
"2018-07-14 19:44:47",2730
"2018-07-14 20:44:43",2730
"2018-07-14 21:44:43",2730
"2018-07-14 22:44:44",2730
"2018-07-14 23:44:43",2730
"2018-07-15 00:44:42",2730
"2018-07-15 01:44:43",2730
"2018-07-15 02:44:44",2730
"2018-07-15 03:44:43",2730
"2018-07-15 04:44:42",2730
"2018-07-15 05:44:43",2730
"2018-07-15 06:44:43",2730
"2018-07-15 07:44:42",2730
"2018-07-15 08:44:43",2730
"2018-07-15 09:44:43",2730
"2018-07-15 10:44:42",2730
"2018-07-15 11:44:42",2730
"2018-07-15 12:44:43",2730
"2018-07-15 13:44:43",2730
"2018-07-15 14:44:42",2730
"2018-07-15 15:44:44",2730
"2018-07-15 16:44:44",2730
"2018-07-15 17:44:43",2730
"2018-07-15 18:44:42",2730
"2018-07-15 19:44:55",2730
"2018-07-15 20:44:44",2730
"2018-07-15 21:44:55",2730
"2018-07-15 22:44:44",2730
"2018-07-15 23:44:44",2730
"2018-07-16 00:44:43",2730
"2018-07-16 01:44:43",2730
"2018-07-16 02:44:43",2730
"2018-07-16 03:44:44",2730
"2018-07-16 04:44:45",2730
"2018-07-16 05:44:43",2730
"2018-07-16 06:44:44",2730
"2018-07-16 07:44:52",2730
"2018-07-16 08:44:45",2730
"2018-07-16 09:44:42",2730
"2018-07-16 10:44:43",2730
"2018-07-16 11:44:42",2730
"2018-07-16 12:44:42",2730
"2018-07-16 13:44:58",2731
"2018-07-16 14:44:44",2731
"2018-07-16 15:44:46",2729
"2018-07-16 16:44:45",2732
"2018-07-16 17:44:46",2732
"2018-07-16 18:44:45",2733
"2018-07-16 19:45:26",2734
"2018-07-16 20:44:44",2735
"2018-07-16 21:44:44",2734
"2018-07-16 22:44:43",2734
"2018-07-16 23:44:43",2734
"2018-07-17 00:44:59",2734
"2018-07-17 01:44:44",2734
"2018-07-17 02:44:44",2734
"2018-07-17 03:44:43",2734
"2018-07-17 04:44:44",2734
"2018-07-17 05:44:45",2734
"2018-07-17 06:44:44",2734
"2018-07-17 07:44:54",2734
"2018-07-17 08:44:43",2734
"2018-07-17 09:44:42",2734
"2018-07-17 10:44:43",2734
"2018-07-17 11:44:42",2734
"2018-07-17 12:44:43",2734
"2018-07-17 13:44:48",2734
"2018-07-17 14:44:46",2731
"2018-07-17 15:44:44",2731
"2018-07-17 16:44:44",2730
"2018-07-17 17:44:44",2731
"2018-07-17 18:44:46",2730
"2018-07-17 19:45:07",2730
"2018-07-17 20:44:43",2728
"2018-07-17 21:44:43",2728
"2018-07-17 22:44:42",2728
"2018-07-17 23:44:46",2728
"2018-07-18 00:44:48",2728
"2018-07-18 01:44:46",2728
"2018-07-18 02:44:57",2728
"2018-07-18 03:44:49",2728
"2018-07-18 04:44:47",2728
"2018-07-18 05:44:50",2728
"2018-07-18 06:44:47",2728
"2018-07-18 07:44:46",2728
"2018-07-18 08:44:51",2728
"2018-07-18 09:44:46",2728
"2018-07-18 10:44:46",2727
"2018-07-18 11:44:46",2727
"2018-07-18 12:44:45",2727
"2018-07-18 13:44:52",2727
"2018-07-18 14:44:50",2730
"2018-07-18 15:44:47",2729
"2018-07-18 16:44:49",2727
"2018-07-18 17:44:49",2726
"2018-07-18 18:44:48",2727
"2018-07-18 19:44:58",2729
"2018-07-18 20:44:47",2730
"2018-07-18 21:44:47",2730
"2018-07-18 22:44:48",2730
"2018-07-18 23:44:47",2730
"2018-07-19 00:44:47",2730
"2018-07-19 01:44:47",2730
"2018-07-19 02:44:48",2730
"2018-07-19 03:44:53",2730
"2018-07-19 04:44:56",2730
"2018-07-19 05:44:51",2730
"2018-07-19 06:44:53",2730
"2018-07-19 07:44:59",2730
"2018-07-19 08:44:48",2730
"2018-07-19 09:44:48",2730
"2018-07-19 10:44:47",2730
"2018-07-19 11:44:47",2730
"2018-07-19 12:44:47",2730
"2018-07-19 13:44:52",2730
"2018-07-19 14:44:49",2731
"2018-07-19 15:44:50",2727
"2018-07-19 16:44:49",2724
"2018-07-19 17:44:50",2722
"2018-07-19 18:44:50",2717
"2018-07-19 19:44:53",2716
"2018-07-19 20:44:49",2715
"2018-07-19 21:44:48",2715
"2018-07-19 22:44:49",2715
"2018-07-19 23:44:51",2715
"2018-07-20 00:44:48",2715
"2018-07-20 01:44:49",2715
"2018-07-20 02:44:50",2715
"2018-07-20 03:44:53",2715
"2018-07-20 04:44:54",2715
"2018-07-20 05:44:54",2715
"2018-07-20 06:44:53",2715
"2018-07-20 07:44:52",2715
"2018-07-20 08:44:47",2715
"2018-07-20 09:45:00",2715
"2018-07-20 10:44:47",2715
"2018-07-20 11:44:46",2715
"2018-07-20 12:44:46",2715
"2018-07-20 14:08:22",2724
"2018-07-20 14:44:50",2724
"2018-07-20 15:44:51",2720
"2018-07-20 16:44:50",2725
"2018-07-20 17:44:49",2727
"2018-07-20 18:44:51",2725
"2018-07-20 19:45:00",2723
"2018-07-20 20:44:47",2725
"2018-07-20 21:44:47",2725
"2018-07-20 22:44:46",2725
"2018-07-20 23:44:50",2725
"2018-07-21 00:44:48",2725
"2018-07-21 01:44:49",2725
"2018-07-21 02:44:50",2725
"2018-07-21 03:44:57",2725
"2018-07-21 04:44:48",2725
"2018-07-21 05:44:47",2725
"2018-07-21 06:44:48",2725
"2018-07-21 07:44:47",2725
"2018-07-21 08:44:46",2725
"2018-07-21 09:44:49",2725
"2018-07-21 10:44:47",2724
"2018-07-21 11:44:46",2724
"2018-07-21 12:44:47",2724
"2018-07-21 13:44:49",2724
"2018-07-21 14:44:48",2724
"2018-07-21 15:44:49",2724
"2018-07-21 16:44:50",2724
"2018-07-21 17:44:48",2724
"2018-07-21 18:44:49",2724
"2018-07-21 19:44:54",2724
"2018-07-21 20:44:47",2724
"2018-07-21 21:44:47",2724
"2018-07-21 22:44:47",2724
"2018-07-21 23:44:48",2724
"2018-07-22 00:44:48",2724
"2018-07-22 01:44:47",2724
"2018-07-22 02:44:48",2724
"2018-07-22 03:44:50",2724
"2018-07-22 04:44:48",2724
"2018-07-22 05:44:47",2724
"2018-07-22 06:45:03",2724
"2018-07-22 07:44:58",2724
"2018-07-22 08:44:48",2724
"2018-07-22 09:44:46",2724
"2018-07-22 10:44:46",2724
"2018-07-22 11:44:47",2724
"2018-07-22 12:44:49",2724
"2018-07-22 13:44:48",2724
"2018-07-22 14:44:52",2724
"2018-07-22 15:44:48",2724
"2018-07-22 16:44:48",2724
"2018-07-22 17:44:47",2724
"2018-07-22 18:44:47",2724
"2018-07-22 19:44:57",2724
"2018-07-22 20:44:47",2724
"2018-07-22 21:44:47",2724
"2018-07-22 22:44:47",2724
"2018-07-22 23:44:47",2724
"2018-07-23 00:44:48",2724
"2018-07-23 01:44:47",2724
"2018-07-23 02:44:49",2724
"2018-07-23 03:44:47",2724
"2018-07-23 04:44:47",2724
"2018-07-23 05:44:46",2724
"2018-07-23 06:44:46",2724
"2018-07-23 07:44:47",2724
"2018-07-23 08:44:50",2724
"2018-07-23 09:44:53",2724
"2018-07-23 23:45:02",2722
"2018-07-24 00:44:48",2722
"2018-07-24 01:44:48",2722
"2018-07-24 02:44:49",2722
"2018-07-24 03:44:48",2722
"2018-07-24 04:44:47",2722
"2018-07-24 05:44:46",2722
"2018-07-24 06:44:48",2722
"2018-07-24 07:44:46",2722
"2018-07-24 08:44:47",2722
"2018-07-24 09:44:46",2722
"2018-07-24 10:44:47",2722
"2018-07-24 11:44:47",2722
"2018-07-24 12:44:47",2722
"2018-07-24 13:45:01",2721
"2018-07-24 14:44:48",2714
"2018-07-24 15:44:48",2718
"2018-07-24 16:44:49",2719
"2018-07-24 17:44:48",2718
"2018-07-24 18:44:47",2717
"2018-07-24 19:44:48",2718
"2018-07-24 20:44:46",2718
"2018-07-24 21:44:46",2718
"2018-07-24 22:44:47",2718
"2018-07-24 23:44:47",2718
"2018-07-25 00:44:48",2718
"2018-07-25 01:44:47",2718
"2018-07-25 02:44:47",2718
"2018-07-25 03:44:48",2718
"2018-07-25 04:44:48",2718
"2018-07-25 05:44:47",2718
"2018-07-25 06:44:47",2718
"2018-07-25 07:44:46",2718
"2018-07-25 08:44:48",2718
"2018-07-25 09:44:47",2718
"2018-07-25 10:44:46",2718
"2018-07-25 11:44:46",2718
"2018-07-25 12:44:47",2718
"2018-07-25 13:44:56",2718
"2018-07-25 14:44:50",2714
"2018-07-25 15:44:51",2713
"2018-07-25 16:44:51",2711
"2018-07-25 17:44:56",2713
"2018-07-25 18:44:52",2715
"2018-07-25 19:44:52",2713
"2018-07-25 20:44:50",2711
"2018-07-25 21:44:51",2711
"2018-07-25 22:44:49",2711
"2018-07-25 23:44:48",2711
"2018-07-26 00:44:48",2711
"2018-07-26 01:44:49",2711
"2018-07-26 02:44:50",2711
"2018-07-26 03:44:50",2711
"2018-07-26 04:44:49",2711
"2018-07-26 05:44:51",2711
"2018-07-26 06:44:49",2711
"2018-07-26 07:44:48",2711
"2018-07-26 08:44:48",2711
"2018-07-26 09:44:49",2711
"2018-07-26 10:44:49",2712
"2018-07-26 11:44:48",2712
"2018-07-26 12:44:49",2712
"2018-07-26 14:44:52",2708
"2018-07-26 15:44:51",2707
"2018-07-26 16:44:51",2711
"2018-07-26 17:44:50",2713
"2018-07-26 18:44:51",2713
"2018-07-26 19:44:51",2711
"2018-07-26 20:44:50",2710
"2018-07-26 21:44:48",2710
"2018-07-26 22:44:48",2710
"2018-07-26 23:44:49",2710
"2018-07-27 00:44:49",2710
"2018-07-27 01:44:50",2710
"2018-07-27 02:44:48",2710
"2018-07-27 03:44:49",2710
"2018-07-27 04:44:50",2710
"2018-07-27 05:44:50",2710
"2018-07-27 06:44:49",2710
"2018-07-27 07:44:48",2710
"2018-07-27 08:44:48",2710
"2018-07-27 09:44:47",2710
"2018-07-27 10:44:49",2711
"2018-07-27 11:44:48",2711
"2018-07-27 12:44:48",2711
"2018-07-27 13:44:57",2711
"2018-07-27 14:44:51",2713
"2018-07-27 15:44:49",2715
"2018-07-27 16:44:49",2715
"2018-07-27 17:44:49",2716
"2018-07-27 18:44:49",2715
"2018-07-27 19:44:49",2713
"2018-07-27 20:44:48",2715
"2018-07-27 21:44:48",2715
"2018-07-27 22:44:47",2715
"2018-07-27 23:44:48",2715
"2018-07-28 00:44:48",2715
"2018-07-28 01:44:48",2715
"2018-07-28 02:44:48",2715
"2018-07-28 03:44:49",2715
"2018-07-28 04:44:48",2715
"2018-07-28 05:44:49",2715
"2018-07-28 06:44:49",2715
"2018-07-28 07:44:48",2715
"2018-07-28 08:44:48",2715
"2018-07-28 09:44:49",2715
"2018-07-28 10:44:47",2715
"2018-07-28 11:44:47",2715
"2018-07-28 12:44:48",2715
"2018-07-28 13:44:47",2715
"2018-07-28 14:44:48",2715
"2018-07-28 15:44:49",2715
"2018-07-28 16:44:49",2715
"2018-07-28 17:44:49",2715
"2018-07-28 18:44:49",2715
"2018-07-28 19:45:12",2715
"2018-07-28 20:45:01",2715
"2018-07-28 21:44:49",2715
"2018-07-28 22:44:48",2715
"2018-07-28 23:44:49",2715
"2018-07-29 00:44:48",2715
"2018-07-29 01:44:49",2715
"2018-07-29 02:44:48",2715
"2018-07-29 03:44:48",2715
"2018-07-29 04:44:49",2715
"2018-07-29 05:44:49",2715
"2018-07-29 06:44:49",2715
"2018-07-29 07:44:48",2715
"2018-07-29 08:44:48",2715
"2018-07-29 09:44:49",2715
"2018-07-29 10:44:48",2715
"2018-07-29 11:44:47",2715
"2018-07-29 12:44:49",2715
"2018-07-29 13:44:49",2715
"2018-07-29 14:44:48",2715
"2018-07-29 15:44:47",2715
"2018-07-29 16:44:50",2715
"2018-07-29 17:44:49",2715
"2018-07-29 18:44:48",2715
"2018-07-29 19:44:50",2715
"2018-07-29 20:44:49",2715
"2018-07-29 21:44:50",2715
"2018-07-29 22:44:50",2715
"2018-07-29 23:44:49",2715
"2018-07-30 00:44:48",2715
"2018-07-30 01:44:49",2715
"2018-07-30 02:44:48",2715
"2018-07-30 03:44:49",2715
"2018-07-30 04:44:48",2715
"2018-07-30 05:44:48",2715
"2018-07-30 06:44:47",2715
"2018-07-30 07:44:48",2715
"2018-07-30 08:44:49",2715
"2018-07-30 09:44:49",2715
"2018-07-30 10:44:47",2715
"2018-07-30 11:44:48",2715
"2018-07-30 12:44:48",2715
"2018-07-30 13:44:57",2715
"2018-07-30 14:44:52",2717
"2018-07-30 15:44:51",2719
"2018-07-30 16:44:51",2718
"2018-07-30 17:44:51",2718
"2018-07-30 18:44:48",2717
"2018-07-30 19:44:52",2718
"2018-07-30 20:44:48",2718
"2018-07-30 21:44:49",2718
"2018-07-30 22:44:49",2718
"2018-07-30 23:44:48",2718
"2018-07-31 00:44:50",2718
"2018-07-31 01:44:49",2718
"2018-07-31 02:44:49",2718
"2018-07-31 03:44:48",2718
"2018-07-31 04:44:48",2718
"2018-07-31 05:44:48",2718
"2018-07-31 06:44:48",2718
"2018-07-31 07:44:49",2718
"2018-07-31 08:45:16",2718
"2018-07-31 09:51:44",2718
"2018-07-31 10:44:48",2718
"2018-07-31 11:44:47",2718
"2018-07-31 12:44:48",2718
"2018-07-31 13:44:58",2718
"2018-07-31 14:44:51",2715
"2018-07-31 15:44:50",2711
"2018-07-31 16:44:49",2709
"2018-07-31 17:44:49",2712
"2018-07-31 18:44:49",2711
"2018-07-31 19:44:51",2714
"2018-07-31 20:44:50",2712
"2018-07-31 21:44:48",2712
"2018-07-31 22:44:49",2712
"2018-07-31 23:44:49",2712
"2018-08-01 00:44:50",2712
"2018-08-01 01:44:48",2712
"2018-08-01 02:44:48",2712
"2018-08-01 03:44:49",2712
"2018-08-01 04:44:49",2712
"2018-08-01 05:44:49",2712
"2018-08-01 06:44:48",2712
"2018-08-01 07:44:48",2712
"2018-08-01 08:44:49",2712
"2018-08-01 09:44:49",2712
"2018-08-01 10:44:48",2711
"2018-08-01 11:44:49",2711
"2018-08-01 12:44:48",2711
"2018-08-01 14:09:57",2718
"2018-08-01 14:44:50",2718
"2018-08-01 15:44:50",2723
"2018-08-01 16:44:50",2723
"2018-08-01 17:44:51",2719
"2018-08-01 18:44:49",2717
"2018-08-01 19:46:19",2717
"2018-08-01 20:44:48",2719
"2018-08-01 21:44:48",2718
"2018-08-01 22:44:48",2717
"2018-08-01 23:44:48",2717
"2018-08-02 00:44:50",2717
"2018-08-02 01:44:49",2717
"2018-08-02 02:44:49",2717
"2018-08-02 03:44:49",2717
"2018-08-02 04:44:50",2717
"2018-08-02 05:44:48",2717
"2018-08-02 06:44:48",2717
"2018-08-02 07:44:48",2717
"2018-08-02 08:44:48",2717
"2018-08-02 09:44:49",2717
"2018-08-02 10:44:48",2717
"2018-08-02 11:44:48",2717
"2018-08-02 12:44:48",2717
"2018-08-02 13:44:56",2717
"2018-08-02 14:44:55",2717
"2018-08-02 15:44:53",2719
"2018-08-02 16:44:50",2719
"2018-08-02 17:44:53",2716
"2018-08-02 18:44:51",2717
"2018-08-02 19:44:52",2718
"2018-08-02 20:44:50",2717
"2018-08-02 21:44:49",2717
"2018-08-02 22:44:49",2717
"2018-08-02 23:44:49",2717
"2018-08-03 00:44:49",2717
"2018-08-03 01:44:51",2717
"2018-08-03 02:44:50",2717
"2018-08-03 03:44:50",2717
"2018-08-03 04:44:50",2717
"2018-08-03 05:44:50",2717
"2018-08-03 06:44:50",2717
"2018-08-03 07:44:48",2717
"2018-08-03 08:44:50",2717
"2018-08-03 09:44:50",2717
"2018-08-03 10:44:50",2717
"2018-08-03 11:46:51",2717
"2018-08-03 13:09:48",2717
"2018-08-03 13:44:56",2717
"2018-08-03 14:44:51",2721
"2018-08-03 15:44:50",2718
"2018-08-03 16:44:51",2718
"2018-08-03 17:44:50",2716
"2018-08-03 18:44:50",2714
"2018-08-03 19:44:50",2716
"2018-08-03 20:44:51",2718
"2018-08-03 21:44:49",2716
"2018-08-03 22:44:49",2716
"2018-08-03 23:44:49",2717
"2018-08-04 00:44:49",2717
"2018-08-04 01:44:49",2717
"2018-08-04 02:44:50",2717
"2018-08-04 03:44:49",2717
"2018-08-04 04:44:49",2717
"2018-08-04 05:44:50",2717
"2018-08-04 06:44:50",2717
"2018-08-04 07:44:50",2717
"2018-08-04 08:44:49",2717
"2018-08-04 09:44:50",2717
"2018-08-04 10:44:49",2717
"2018-08-04 11:44:49",2717
"2018-08-04 12:44:48",2717
"2018-08-04 13:44:51",2717
"2018-08-04 14:44:49",2717
"2018-08-04 15:44:50",2717
"2018-08-04 16:44:49",2717
"2018-08-04 17:44:49",2717
"2018-08-04 18:44:50",2717
"2018-08-04 19:44:50",2717
"2018-08-04 20:44:49",2717
"2018-08-04 21:44:48",2717
"2018-08-04 22:44:48",2717
"2018-08-04 23:44:51",2717
"2018-08-05 00:44:48",2717
"2018-08-05 01:44:49",2717
"2018-08-05 02:44:50",2717
"2018-08-05 03:44:49",2717
"2018-08-05 04:44:49",2717
"2018-08-05 05:44:49",2717
"2018-08-05 06:44:50",2717
"2018-08-05 07:44:48",2717
"2018-08-05 08:44:49",2717
"2018-08-05 09:44:49",2717
"2018-08-05 10:44:49",2717
"2018-08-05 11:44:49",2717
"2018-08-05 12:44:49",2717
"2018-08-05 13:44:49",2717
"2018-08-05 14:44:49",2717
"2018-08-05 15:44:50",2717
"2018-08-05 16:44:50",2717
"2018-08-05 17:44:49",2717
"2018-08-05 18:44:49",2717
"2018-08-05 19:44:50",2717
"2018-08-05 20:44:49",2717
"2018-08-05 21:44:50",2717
"2018-08-05 22:44:49",2717
"2018-08-05 23:44:50",2717
"2018-08-06 00:44:50",2717
"2018-08-06 01:44:48",2717
"2018-08-06 02:44:49",2717
"2018-08-06 03:44:49",2717
"2018-08-06 04:44:49",2717
"2018-08-06 05:44:48",2717
"2018-08-06 06:44:49",2717
"2018-08-06 07:44:50",2717
"2018-08-06 08:44:49",2717
"2018-08-06 09:44:49",2717
"2018-08-06 10:44:50",2717
"2018-08-06 11:44:48",2717
"2018-08-06 12:44:49",2717
"2018-08-06 13:44:53",2715
"2018-08-06 14:44:51",2715
"2018-08-06 15:44:50",2712
"2018-08-06 16:45:19",2713
"2018-08-06 17:44:52",2713
"2018-08-06 18:44:52",2714
"2018-08-06 19:44:51",2712
"2018-08-06 20:44:51",2712
"2018-08-06 21:44:53",2712
"2018-08-06 22:44:50",2712
"2018-08-06 23:44:50",2712
"2018-08-07 00:44:51",2712
"2018-08-07 01:44:51",2712
"2018-08-07 02:44:52",2712
"2018-08-07 03:44:53",2712
"2018-08-07 04:44:51",2712
"2018-08-07 05:44:50",2712
"2018-08-07 06:44:50",2712
"2018-08-07 07:44:50",2712
"2018-08-07 08:44:50",2712
"2018-08-07 09:44:49",2712
"2018-08-07 10:44:49",2712
"2018-08-07 11:44:50",2712
"2018-08-07 12:44:50",2712
"2018-08-07 13:44:57",2712
"2018-08-07 14:44:52",2717
"2018-08-07 15:44:51",2722
"2018-08-07 16:44:51",2723
"2018-08-07 17:44:53",2723
"2018-08-07 18:44:52",2724
"2018-08-07 19:44:53",2726
"2018-08-07 20:44:51",2728
"2018-08-07 21:44:51",2729
"2018-08-07 22:44:50",2728
"2018-08-07 23:44:50",2728
"2018-08-08 00:44:51",2728
"2018-08-08 01:44:53",2728
"2018-08-08 02:44:52",2728
"2018-08-08 03:44:51",2728
"2018-08-08 04:44:50",2728
"2018-08-08 05:44:52",2728
"2018-08-08 06:44:51",2728
"2018-08-08 07:44:52",2728
"2018-08-08 08:44:52",2728
"2018-08-08 09:44:52",2728
"2018-08-08 10:44:51",2728
"2018-08-08 11:44:51",2728
"2018-08-08 12:44:52",2728
"2018-08-08 13:44:56",2729
"2018-08-08 14:44:51",2747
"2018-08-08 15:44:53",2758
"2018-08-08 16:44:53",2778
"2018-08-08 17:44:51",2788
"2018-08-08 18:44:50",2797
"2018-08-08 19:44:52",2807
"2018-08-08 20:44:50",2812
"2018-08-08 21:44:50",2815
"2018-08-08 22:44:49",2821
"2018-08-10 00:23:06",2826
"2018-08-10 00:44:54",2826
"2018-08-10 01:44:56",2826
"2018-08-10 02:44:55",2826
"2018-08-10 03:44:50",2826
"2018-08-10 04:44:54",2826
"2018-08-10 05:44:57",2826
"2018-08-10 06:44:53",2826
"2018-08-10 07:44:55",2826
"2018-08-10 08:44:54",2826
"2018-08-10 09:44:53",2826
"2018-08-10 10:44:53",2825
"2018-08-10 11:44:53",2825
"2018-08-10 12:44:52",2825
"2018-08-10 13:44:57",2825
"2018-08-10 14:44:56",2825
"2018-08-10 15:44:55",2822
"2018-08-10 16:44:55",2821
"2018-08-10 17:44:54",2823
"2018-08-10 18:44:53",2823
"2018-08-10 19:44:54",2819
"2018-08-10 20:44:54",2820
"2018-08-10 21:44:54",2820
"2018-08-10 22:44:53",2820
"2018-08-10 23:44:54",2820
"2018-08-11 00:44:54",2820
"2018-08-11 01:44:54",2820
"2018-08-11 02:44:54",2820
"2018-08-11 03:44:54",2820
"2018-08-11 04:44:53",2820
"2018-08-11 05:44:54",2820
"2018-08-11 06:44:53",2820
"2018-08-11 07:44:53",2820
"2018-08-11 08:44:52",2820
"2018-08-11 09:44:53",2820
"2018-08-11 10:44:53",2820
"2018-08-11 11:44:53",2820
"2018-08-11 12:44:52",2820
"2018-08-11 13:44:53",2820
"2018-08-11 14:44:53",2820
"2018-08-11 15:44:54",2820
"2018-08-11 16:44:53",2820
"2018-08-11 17:44:53",2820
"2018-08-11 18:44:55",2820
"2018-08-11 19:44:53",2820
"2018-08-11 20:44:53",2820
"2018-08-11 21:44:54",2820
"2018-08-11 22:44:53",2820
"2018-08-11 23:44:53",2820
"2018-08-12 00:44:54",2820
"2018-08-12 01:44:53",2820
"2018-08-12 02:44:53",2820
"2018-08-12 03:44:52",2820
"2018-08-12 04:44:54",2820
"2018-08-12 05:44:53",2820
"2018-08-12 06:44:52",2820
"2018-08-12 07:44:52",2820
"2018-08-12 08:44:52",2820
"2018-08-12 09:44:52",2820
"2018-08-12 10:44:52",2820
"2018-08-12 11:44:52",2820
"2018-08-12 12:44:53",2820
"2018-08-12 13:44:54",2820
"2018-08-12 14:44:54",2820
"2018-08-12 15:44:55",2820
"2018-08-12 16:44:54",2820
"2018-08-12 17:44:53",2820
"2018-08-12 18:44:54",2820
"2018-08-12 19:44:53",2820
"2018-08-12 20:44:54",2820
"2018-08-12 21:44:53",2820
"2018-08-12 22:44:53",2820
"2018-08-12 23:44:53",2820
"2018-08-13 00:44:53",2820
"2018-08-13 01:44:54",2820
"2018-08-13 02:44:54",2820
"2018-08-13 03:44:53",2820
"2018-08-13 04:44:54",2820
"2018-08-13 05:44:52",2820
"2018-08-13 06:44:53",2820
"2018-08-13 07:44:53",2820
"2018-08-13 08:44:55",2820
"2018-08-13 09:44:54",2820
"2018-08-13 10:44:53",2820
"2018-08-13 11:44:53",2820
"2018-08-13 12:44:53",2820
"2018-08-13 13:44:57",2820
"2018-08-13 14:44:57",2817
"2018-08-13 15:44:57",2816
"2018-08-13 16:44:56",2818
"2018-08-13 17:44:55",2817
"2018-08-13 18:44:55",2817
"2018-08-13 19:44:56",2816
"2018-08-13 20:44:55",2816
"2018-08-13 21:44:55",2818
"2018-08-13 22:44:54",2819
"2018-08-13 23:44:54",2819
"2018-08-14 00:44:56",2819
"2018-08-14 01:44:56",2819
"2018-08-14 02:44:55",2819
"2018-08-14 03:44:54",2819
"2018-08-14 04:44:56",2819
"2018-08-14 05:44:54",2819
"2018-08-14 06:44:55",2819
"2018-08-14 07:44:55",2819
"2018-08-14 08:44:55",2819
"2018-08-14 09:44:54",2819
"2018-08-14 10:44:54",2819
"2018-08-14 11:44:53",2819
"2018-08-14 12:44:54",2819
"2018-08-14 13:44:56",2819
"2018-08-14 14:44:55",2825
"2018-08-14 15:44:56",2826
"2018-08-14 16:44:55",2821
"2018-08-14 17:44:53",2820
"2018-08-14 18:44:55",2821
"2018-08-14 19:44:55",2819
"2018-08-14 20:44:55",2820
"2018-08-14 21:44:54",2821
"2018-08-14 22:44:54",2823
"2018-08-14 23:44:53",2823
"2018-08-15 00:44:54",2823
"2018-08-15 01:44:54",2823
"2018-08-15 02:44:55",2823
"2018-08-15 03:44:55",2823
"2018-08-15 04:44:54",2823
"2018-08-15 05:44:53",2823
"2018-08-15 06:44:55",2823
"2018-08-15 07:44:52",2823
"2018-08-15 08:44:54",2823
"2018-08-15 09:44:54",2823
"2018-08-15 10:44:54",2823
"2018-08-15 11:44:54",2823
"2018-08-15 12:44:53",2823
"2018-08-15 14:10:30",2830
"2018-08-15 14:44:55",2830
"2018-08-15 15:44:56",2832
"2018-08-15 16:44:57",2831
"2018-08-15 17:44:54",2828
"2018-08-15 18:44:54",2825
"2018-08-15 19:44:54",2825
"2018-08-15 20:44:54",2827
"2018-08-15 21:44:53",2827
"2018-08-15 22:44:54",2826
"2018-08-15 23:44:55",2826
"2018-08-16 00:44:56",2826
"2018-08-16 01:44:55",2826
"2018-08-16 02:44:56",2826
"2018-08-16 03:44:56",2826
"2018-08-16 04:44:55",2826
"2018-08-16 05:44:54",2826
"2018-08-16 06:44:54",2826
"2018-08-16 07:44:55",2826
"2018-08-16 08:44:54",2826
"2018-08-16 09:44:54",2826
"2018-08-16 10:44:54",2825
"2018-08-16 11:44:53",2825
"2018-08-16 12:44:53",2825
"2018-08-16 13:44:58",2828
"2018-08-16 14:44:55",2829
"2018-08-16 15:44:56",2829
"2018-08-16 16:44:55",2834
"2018-08-16 17:44:55",2832
"2018-08-16 18:44:54",2840
"2018-08-16 19:44:56",2837
"2018-08-16 20:44:54",2842
"2018-08-16 21:44:54",2846
"2018-08-16 22:44:53",2846
"2018-08-16 23:44:54",2846
"2018-08-17 00:44:54",2846
"2018-08-17 01:44:54",2846
"2018-08-17 02:44:56",2846
"2018-08-17 03:44:55",2846
"2018-08-17 04:44:56",2846
"2018-08-17 05:44:53",2846
"2018-08-17 06:44:53",2846
"2018-08-17 07:44:53",2846
"2018-08-17 08:44:54",2846
"2018-08-17 09:44:53",2845
"2018-08-17 10:44:53",2845
"2018-08-17 11:44:53",2845
"2018-08-17 12:44:53",2845
"2018-08-17 13:44:58",2846
"2018-08-17 14:44:57",2848
"2018-08-17 15:44:56",2847
"2018-08-17 16:44:54",2844
"2018-08-17 17:44:53",2845
"2018-08-17 18:44:54",2846
"2018-08-17 19:44:55",2844
"2018-08-17 20:46:23",2841
"2018-08-17 21:44:54",2843
"2018-08-17 22:44:54",2843
"2018-08-17 23:44:52",2843
"2018-08-18 00:44:54",2843
"2018-08-18 01:44:55",2843
"2018-08-18 02:44:54",2843
"2018-08-18 03:44:55",2843
"2018-08-18 04:44:53",2843
"2018-08-18 05:44:53",2843
"2018-08-18 06:44:54",2843
"2018-08-18 07:44:53",2843
"2018-08-18 08:44:53",2843
"2018-08-18 09:44:53",2843
"2018-08-18 10:44:52",2843
"2018-08-18 11:44:53",2843
"2018-08-18 12:44:55",2844
"2018-08-18 13:44:55",2844
"2018-08-18 14:44:55",2844
"2018-08-18 15:44:55",2844
"2018-08-18 16:44:54",2844
"2018-08-18 17:44:54",2844
"2018-08-18 18:44:54",2844
"2018-08-18 19:44:54",2844
"2018-08-18 20:44:54",2844
"2018-08-18 21:44:53",2844
"2018-08-18 22:44:53",2844
"2018-08-18 23:44:53",2844
"2018-08-19 00:44:53",2844
"2018-08-19 01:44:53",2844
"2018-08-19 02:44:54",2844
"2018-08-19 03:44:53",2844
"2018-08-19 04:44:54",2844
"2018-08-19 05:44:53",2844
"2018-08-19 06:44:53",2844
"2018-08-19 07:44:54",2844
"2018-08-19 08:44:53",2844
"2018-08-19 09:44:53",2844
"2018-08-19 10:44:53",2844
"2018-08-19 11:44:53",2844
"2018-08-19 12:44:54",2844
"2018-08-19 13:44:53",2844
"2018-08-19 14:44:53",2844
"2018-08-19 15:44:54",2844
"2018-08-19 16:44:52",2844
"2018-08-19 17:44:54",2844
"2018-08-19 18:44:54",2844
"2018-08-19 19:44:54",2844
"2018-08-19 20:44:55",2844
"2018-08-19 21:44:56",2844
"2018-08-19 22:44:54",2844
"2018-08-19 23:44:56",2844
"2018-08-20 00:44:54",2843
"2018-08-20 01:44:54",2843
"2018-08-20 02:44:54",2843
"2018-08-20 03:44:53",2843
"2018-08-20 04:44:54",2843
"2018-08-20 05:44:53",2843
"2018-08-20 06:44:54",2843
"2018-08-20 07:44:53",2843
"2018-08-20 08:44:57",2843
"2018-08-20 09:44:52",2843
"2018-08-20 10:44:54",2843
"2018-08-20 11:44:54",2843
"2018-08-20 12:44:53",2843
"2018-08-20 13:45:00",2843
"2018-08-20 14:44:58",2849
"2018-08-20 15:44:57",2846
"2018-08-20 16:44:56",2845
"2018-08-20 17:44:54",2846
"2018-08-20 18:44:54",2846
"2018-08-20 19:44:54",2846
"2018-08-20 20:44:54",2847
"2018-08-20 21:44:53",2847
"2018-08-20 22:44:53",2846
"2018-08-20 23:44:53",2845
"2018-08-21 00:44:54",2845
"2018-08-21 01:44:54",2845
"2018-08-21 02:44:55",2845
"2018-08-21 03:44:55",2845
"2018-08-21 04:44:54",2845
"2018-08-21 05:44:53",2845
"2018-08-21 06:44:54",2845
"2018-08-21 07:44:53",2845
"2018-08-21 08:44:54",2845
"2018-08-21 09:44:53",2845
"2018-08-21 10:44:54",2845
"2018-08-21 11:44:53",2845
"2018-08-21 12:44:53",2845
"2018-08-21 13:44:59",2845
"2018-08-21 14:44:56",2849
"2018-08-21 15:44:54",2852
"2018-08-21 16:44:53",2854
"2018-08-21 17:44:53",2852
"2018-08-21 18:44:54",2856
"2018-08-21 19:44:54",2858
"2018-08-21 20:44:53",2862
"2018-08-21 21:44:52",2862
"2018-08-21 22:44:53",2863
"2018-08-21 23:44:53",2863
"2018-08-22 00:44:53",2863
"2018-08-22 01:44:53",2863
"2018-08-22 02:44:54",2863
"2018-08-22 03:44:54",2863
"2018-08-22 04:44:54",2863
"2018-08-22 05:44:53",2863
"2018-08-22 06:44:52",2863
"2018-08-22 07:44:52",2863
"2018-08-22 08:44:52",2863
"2018-08-22 09:44:53",2863
"2018-08-22 10:44:52",2863
"2018-08-22 11:44:53",2863
"2018-08-22 12:44:52",2863
"2018-08-22 13:45:00",2863
"2018-08-22 14:44:54",2863
"2018-08-22 15:44:53",2864
"2018-08-22 16:44:54",2867
"2018-08-22 17:44:53",2867
"2018-08-22 18:44:54",2872
"2018-08-22 19:44:54",2874
"2018-08-22 20:44:51",2879
"2018-08-22 21:44:52",2880
"2018-08-22 22:44:53",2880
"2018-08-22 23:44:53",2880
"2018-08-23 00:44:53",2880
"2018-08-23 01:44:54",2880
"2018-08-23 02:44:53",2880
"2018-08-23 03:44:54",2880
"2018-08-23 04:44:54",2880
"2018-08-23 05:44:53",2880
"2018-08-23 06:44:52",2880
"2018-08-23 07:44:53",2880
"2018-08-23 08:44:53",2880
"2018-08-23 09:44:52",2880
"2018-08-23 10:44:52",2880
"2018-08-23 11:44:53",2880
"2018-08-23 12:44:53",2880
"2018-08-23 13:44:59",2880
"2018-08-23 14:44:53",2879
"2018-08-23 15:44:54",2873
"2018-08-23 16:44:55",2872
"2018-08-23 17:44:53",2873
"2018-08-23 18:44:55",2875
"2018-08-23 19:44:54",2877
"2018-08-23 20:44:55",2876
"2018-08-23 21:44:52",2877
"2018-08-23 22:44:53",2878
"2018-08-23 23:44:53",2878
"2018-08-24 00:44:53",2878
"2018-08-24 01:44:54",2878
"2018-08-24 02:44:53",2878
"2018-08-24 03:44:52",2878
"2018-08-24 20:03:13",2876
"2018-08-24 20:44:54",2876
"2018-08-24 21:44:54",2876
"2018-08-24 22:44:53",2877
"2018-08-24 23:44:53",2877
"2018-08-25 00:44:53",2877
"2018-08-25 01:44:53",2877
"2018-08-25 02:44:54",2877
"2018-08-25 03:44:54",2877
"2018-08-25 04:44:53",2877
"2018-08-25 05:44:53",2877
"2018-08-25 06:44:52",2877
"2018-08-25 07:44:51",2877
"2018-08-25 08:44:53",2877
"2018-08-25 09:44:52",2877
"2018-08-25 10:44:53",2877
"2018-08-25 11:44:52",2877
"2018-08-25 12:44:53",2877
"2018-08-25 13:44:54",2877
"2018-08-25 14:44:54",2877
"2018-08-25 15:44:53",2877
"2018-08-25 16:44:53",2877
"2018-08-25 17:44:55",2877
"2018-08-25 18:44:54",2877
"2018-08-25 19:44:53",2877
"2018-08-25 20:44:53",2877
"2018-08-25 21:44:53",2877
"2018-08-25 22:44:54",2877
"2018-08-25 23:44:53",2877
"2018-08-26 00:44:54",2877
"2018-08-26 01:44:53",2877
"2018-08-26 02:44:55",2877
"2018-08-26 03:44:53",2877
"2018-08-26 04:44:53",2877
"2018-08-26 05:44:52",2877
"2018-08-26 06:44:53",2877
"2018-08-26 07:44:53",2877
"2018-08-26 08:44:52",2877
"2018-08-26 09:44:52",2877
"2018-08-26 10:44:53",2877
"2018-08-26 11:44:53",2877
"2018-08-26 12:44:54",2877
"2018-08-26 13:44:53",2877
"2018-08-26 14:44:52",2877
"2018-08-26 15:44:52",2877
"2018-08-26 16:44:53",2877
"2018-08-26 17:44:52",2877
"2018-08-26 18:44:53",2877
"2018-08-26 19:44:53",2877
"2018-08-26 20:44:54",2877
"2018-08-26 21:44:52",2877
"2018-08-26 22:44:53",2877
"2018-08-26 23:44:53",2877
"2018-08-27 00:44:53",2877
"2018-08-27 01:44:53",2877
"2018-08-27 02:44:53",2877
"2018-08-27 03:44:53",2877
"2018-08-27 04:44:53",2877
"2018-08-27 05:44:54",2877
"2018-08-27 06:44:53",2877
"2018-08-27 07:44:52",2877
"2018-08-27 08:44:53",2877
"2018-08-27 09:44:52",2877
"2018-08-27 10:44:52",2877
"2018-08-27 11:44:52",2877
"2018-08-27 12:44:53",2877
"2018-08-27 14:08:59",2875
"2018-08-27 14:44:56",2875
"2018-08-27 15:44:54",2876
"2018-08-27 16:44:55",2873
"2018-08-27 17:44:55",2872
"2018-08-27 18:44:54",2875
"2018-08-27 19:44:56",2878
"2018-08-27 20:44:54",2879
"2018-08-27 21:44:53",2879
"2018-08-27 22:44:53",2879
"2018-08-27 23:44:53",2879
"2018-08-28 00:44:53",2879
"2018-08-28 01:44:54",2879
"2018-08-28 02:44:52",2879
"2018-08-28 03:44:53",2879
"2018-08-28 04:44:54",2879
"2018-08-28 05:44:53",2879
"2018-08-28 06:44:53",2879
"2018-08-28 07:44:53",2879
"2018-08-28 08:44:52",2879
"2018-08-28 09:44:53",2879
"2018-08-28 10:44:53",2878
"2018-08-28 11:44:53",2878
"2018-08-28 12:44:53",2878
"2018-08-28 13:45:12",2878
"2018-08-28 14:45:06",2881
"2018-08-28 15:45:06",2881
"2018-08-28 16:45:07",2879
"2018-08-28 17:45:06",2876
"2018-08-28 18:45:08",2874
"2018-08-28 19:45:05",2876
"2018-08-28 20:45:05",2875
"2018-08-28 21:45:05",2875
"2018-08-28 22:45:06",2873
"2018-08-28 23:45:05",2873
"2018-08-29 00:45:07",2873
"2018-08-29 01:45:06",2873
"2018-08-29 02:45:05",2873
"2018-08-29 03:45:05",2873
"2018-08-29 04:45:05",2873
"2018-08-29 05:45:04",2873
"2018-08-29 06:45:04",2873
"2018-08-29 07:45:05",2873
"2018-08-29 08:45:05",2873
"2018-08-29 09:45:04",2873
"2018-08-29 10:45:03",2872
"2018-08-29 11:45:03",2872
"2018-08-29 12:45:05",2872
"2018-08-29 14:08:46",2872
"2018-08-29 14:45:09",2872
"2018-08-29 15:45:08",2872
"2018-08-29 16:45:07",2867
"2018-08-29 17:45:09",2866
"2018-08-29 18:45:10",2868
"2018-08-29 19:45:07",2869
"2018-08-29 20:45:05",2872
"2018-08-29 21:45:06",2874
"2018-08-29 22:45:05",2875
"2018-08-29 23:45:06",2875
"2018-08-30 00:45:51",2875
"2018-08-30 01:45:51",2875
"2018-08-30 02:45:07",2875
"2018-08-30 03:45:07",2875
"2018-08-30 04:45:06",2875
"2018-08-30 05:45:06",2875
"2018-08-30 06:45:06",2875
"2018-08-30 07:45:06",2875
"2018-08-30 08:45:10",2875
"2018-08-30 09:45:06",2875
"2018-08-30 10:45:06",2875
"2018-08-30 11:45:05",2875
"2018-08-30 12:45:05",2875
"2018-08-30 13:45:15",2876
"2018-08-30 14:45:07",2880
"2018-08-30 15:45:06",2875
"2018-08-30 16:45:08",2876
"2018-08-30 17:45:06",2874
"2018-08-30 18:45:08",2876
"2018-08-30 19:45:07",2878
"2018-08-30 20:45:04",2879
"2018-08-30 21:45:05",2879
"2018-08-30 22:45:05",2880
"2018-08-30 23:45:05",2880
"2018-08-31 00:45:10",2880
"2018-08-31 01:45:06",2880
"2018-08-31 02:45:05",2880
"2018-08-31 03:45:06",2880
"2018-08-31 04:45:06",2880
"2018-08-31 05:45:07",2880
"2018-08-31 06:45:06",2880
"2018-08-31 07:45:05",2880
"2018-08-31 08:45:05",2880
"2018-08-31 09:45:06",2880
"2018-08-31 10:45:05",2880
"2018-08-31 11:45:07",2880
"2018-08-31 12:45:07",2880
"2018-08-31 13:45:12",2880
"2018-08-31 14:45:07",2881
"2018-08-31 15:45:07",2881
"2018-08-31 16:45:05",2883
"2018-08-31 17:45:08",2882
"2018-08-31 18:45:07",2880
"2018-08-31 19:45:07",2884
"2018-08-31 20:45:07",2885
"2018-08-31 21:45:05",2886
"2018-08-31 22:45:05",2888
"2018-08-31 23:45:05",2888
"2018-09-01 00:45:06",2888
"2018-09-01 01:45:06",2888
"2018-09-01 02:45:06",2888
"2018-09-01 03:45:06",2888
"2018-09-01 04:45:07",2888
"2018-09-01 05:45:06",2888
"2018-09-01 06:45:06",2888
"2018-09-01 07:45:06",2888
"2018-09-01 08:45:06",2888
"2018-09-01 09:45:05",2888
"2018-09-01 10:45:06",2888
"2018-09-01 11:45:06",2888
"2018-09-01 12:45:06",2888
"2018-09-01 13:45:07",2888
"2018-09-01 14:45:09",2888
"2018-09-01 15:45:06",2888
"2018-09-01 16:45:06",2888
"2018-09-01 17:45:05",2888
"2018-09-01 18:45:06",2888
"2018-09-01 19:45:05",2888
"2018-09-01 20:45:05",2888
"2018-09-01 21:45:05",2888
"2018-09-01 22:45:07",2888
"2018-09-01 23:45:06",2888
"2018-09-02 00:45:07",2888
"2018-09-02 01:45:06",2888
"2018-09-02 02:45:06",2888
"2018-09-02 03:45:08",2888
"2018-09-02 04:45:06",2888
"2018-09-02 05:45:06",2888
"2018-09-02 06:45:06",2888
"2018-09-02 07:45:05",2888
"2018-09-02 08:45:06",2888
"2018-09-02 09:45:04",2888
"2018-09-02 10:45:05",2888
"2018-09-02 11:45:06",2888
"2018-09-02 12:45:05",2888
"2018-09-02 13:45:06",2888
"2018-09-02 14:45:07",2888
"2018-09-02 15:45:07",2888
"2018-09-02 16:45:07",2888
"2018-09-02 17:45:06",2888
"2018-09-02 18:45:05",2888
"2018-09-02 19:45:05",2888
"2018-09-02 20:45:05",2888
"2018-09-02 21:45:06",2888
"2018-09-02 22:45:07",2888
"2018-09-02 23:45:07",2888
"2018-09-03 00:45:06",2888
"2018-09-03 01:45:07",2888
"2018-09-03 02:45:07",2888
"2018-09-03 03:45:06",2888
"2018-09-03 04:45:06",2888
"2018-09-03 05:45:06",2888
"2018-09-03 06:45:05",2888
"2018-09-03 07:45:05",2888
"2018-09-03 08:45:09",2888
"2018-09-03 09:45:06",2888
"2018-09-03 10:45:05",2888
"2018-09-03 11:45:07",2888
"2018-09-03 12:45:05",2888
"2018-09-03 13:45:07",2888
"2018-09-03 14:45:05",2888
"2018-09-03 15:45:04",2888
"2018-09-03 16:45:05",2888
"2018-09-03 17:45:05",2888
"2018-09-03 18:45:06",2888
"2018-09-03 19:45:04",2888
"2018-09-03 20:45:07",2888
"2018-09-03 21:45:05",2888
"2018-09-03 22:45:06",2888
"2018-09-03 23:45:04",2888
"2018-09-04 00:45:06",2888
"2018-09-04 01:45:06",2888
"2018-09-04 02:45:06",2888
"2018-09-04 03:45:07",2888
"2018-09-04 04:45:05",2888
"2018-09-04 05:45:06",2888
"2018-09-04 06:45:06",2888
"2018-09-04 07:45:07",2888
"2018-09-04 08:45:06",2888
"2018-09-04 09:45:05",2888
"2018-09-04 10:45:06",2888
"2018-09-04 11:45:04",2888
"2018-09-04 12:45:06",2888
"2018-09-04 13:45:15",2889
"2018-09-04 14:45:08",2896
"2018-09-04 15:45:07",2895
"2018-09-04 16:45:10",2897
"2018-09-04 17:45:07",2899
"2018-09-04 18:45:09",2901
"2018-09-04 19:45:10",2901
"2018-09-04 20:45:07",2902
"2018-09-04 21:45:05",2904
"2018-09-04 22:45:06",2903
"2018-09-04 23:45:06",2903
"2018-09-05 00:45:06",2903
"2018-09-05 01:45:06",2903
"2018-09-05 02:45:07",2903
"2018-09-05 03:45:05",2903
"2018-09-05 04:45:06",2903
"2018-09-05 05:45:06",2903
"2018-09-05 06:45:05",2903
"2018-09-05 07:45:06",2903
"2018-09-05 08:45:06",2903
"2018-09-05 09:45:06",2903
"2018-09-05 10:45:04",2903
"2018-09-05 11:45:09",2903
"2018-09-05 12:45:05",2902
"2018-09-05 13:45:19",2902
"2018-09-05 14:45:13",2903
"2018-09-05 15:45:07",2902
"2018-09-05 16:45:07",2902
"2018-09-05 17:45:08",2903
"2018-09-05 18:45:09",2906
"2018-09-05 19:45:08",2907
"2018-09-05 20:45:05",2908
"2018-09-05 21:45:05",2908
"2018-09-05 22:45:05",2906
"2018-09-05 23:45:06",2906
"2018-09-06 00:45:07",2906
"2018-09-06 01:45:06",2906
"2018-09-06 02:45:07",2906
"2018-09-06 03:45:06",2906
"2018-09-06 04:45:07",2906
"2018-09-06 05:45:08",2906
"2018-09-06 06:45:06",2906
"2018-09-06 07:45:05",2906
"2018-09-06 08:45:06",2906
"2018-09-06 09:45:05",2906
"2018-09-06 10:45:05",2906
"2018-09-06 11:45:06",2906
"2018-09-06 13:10:10",2906
"2018-09-06 13:45:14",2906
"2018-09-06 14:45:07",2903
"2018-09-06 15:45:08",2900
"2018-09-06 16:45:08",2901
"2018-09-06 17:45:06",2900
"2018-09-06 18:45:06",2897
"2018-09-06 19:45:07",2893
"2018-09-06 20:45:05",2894
"2018-09-06 21:45:04",2895
"2018-09-06 22:45:05",2894
"2018-09-06 23:45:07",2894
"2018-09-07 00:45:06",2894
"2018-09-07 01:45:06",2894
"2018-09-07 02:45:07",2894
"2018-09-07 03:45:06",2894
"2018-09-07 04:45:06",2894
"2018-09-07 05:45:11",2894
"2018-09-07 06:45:11",2894
"2018-09-07 08:45:10",2894
"2018-09-07 09:45:09",2894
"2018-09-07 10:45:09",2894
"2018-09-07 11:45:07",2894
"2018-09-07 12:45:06",2894
"2018-09-07 13:45:15",2895
"2018-09-07 14:45:06",2902
"2018-09-07 15:45:08",2902
"2018-09-07 16:45:08",2905
"2018-09-07 17:45:08",2904
"2018-09-07 18:45:11",2903
"2018-09-07 19:45:07",2905
"2018-09-07 20:45:06",2909
"2018-09-07 21:45:05",2909
"2018-09-07 22:45:05",2909
"2018-09-07 23:45:05",2909
"2018-09-08 00:45:06",2909
"2018-09-08 01:45:05",2909
"2018-09-08 02:45:07",2909
"2018-09-08 03:45:06",2909
"2018-09-08 04:45:06",2909
"2018-09-08 05:45:06",2909
"2018-09-08 06:45:06",2909
"2018-09-08 07:45:04",2909
"2018-09-08 08:45:05",2909
"2018-09-08 09:45:04",2909
"2018-09-08 10:45:04",2909
"2018-09-08 11:45:05",2909
"2018-09-08 12:45:06",2909
"2018-09-08 13:45:07",2909
"2018-09-08 14:45:05",2909
"2018-09-08 15:45:06",2909
"2018-09-08 16:45:06",2909
"2018-09-08 17:45:06",2909
"2018-09-08 18:45:06",2909
"2018-09-08 19:45:06",2909
"2018-09-08 20:45:06",2909
"2018-09-08 21:45:05",2909
"2018-09-08 22:45:06",2909
"2018-09-08 23:45:07",2909
"2018-09-09 00:45:05",2909
"2018-09-09 01:45:07",2909
"2018-09-09 02:45:07",2909
"2018-09-09 03:45:06",2909
"2018-09-09 04:45:06",2909
"2018-09-09 05:45:05",2909
"2018-09-09 06:45:05",2909
"2018-09-09 07:45:05",2909
"2018-09-09 08:45:06",2909
"2018-09-09 09:45:06",2909
"2018-09-09 10:45:06",2909
"2018-09-09 11:45:06",2909
"2018-09-09 12:45:06",2909
"2018-09-09 13:45:07",2909
"2018-09-09 14:45:07",2909
"2018-09-09 15:45:05",2909
"2018-09-09 16:45:06",2909
"2018-09-09 17:45:06",2909
"2018-09-09 18:45:07",2909
"2018-09-09 19:45:06",2909
"2018-09-09 20:45:05",2909
"2018-09-09 21:45:06",2909
"2018-09-09 22:45:05",2909
"2018-09-09 23:45:06",2909
"2018-09-10 00:45:07",2909
"2018-09-10 01:45:08",2909
"2018-09-10 02:45:08",2909
"2018-09-10 03:45:07",2909
"2018-09-10 04:45:06",2909
"2018-09-10 05:45:05",2909
"2018-09-10 06:45:05",2909
"2018-09-10 07:45:04",2909
"2018-09-10 08:45:05",2909
"2018-09-10 09:45:05",2909
"2018-09-10 10:45:05",2909
"2018-09-10 11:45:05",2909
"2018-09-10 12:45:05",2909
"2018-09-10 13:45:12",2909
"2018-09-10 14:45:07",2916
"2018-09-10 15:45:09",2915
"2018-09-10 16:45:09",2921
"2018-09-10 17:45:07",2918
"2018-09-10 18:45:09",2918
"2018-09-10 19:45:07",2921
"2018-09-10 20:45:06",2922
"2018-09-10 21:45:04",2922
"2018-09-10 22:45:06",2922
"2018-09-10 23:45:06",2922
"2018-09-11 00:45:07",2922
"2018-09-11 01:45:07",2922
"2018-09-11 02:45:08",2922
"2018-09-11 03:45:07",2922
"2018-09-11 04:45:06",2922
"2018-09-11 05:45:07",2922
"2018-09-11 06:45:06",2922
"2018-09-11 07:45:06",2922
"2018-09-11 08:45:06",2922
"2018-09-11 09:45:05",2922
"2018-09-11 10:45:06",2922
"2018-09-11 11:45:04",2922
"2018-09-11 12:45:06",2922
"2018-09-11 13:45:13",2922
"2018-09-11 14:45:07",2921
"2018-09-11 15:45:07",2921
"2018-09-11 16:45:07",2918
"2018-09-11 17:45:07",2918
"2018-09-11 18:45:08",2917
"2018-09-11 19:45:08",2917
"2018-09-11 20:45:05",2917
"2018-09-11 21:45:05",2918
"2018-09-11 22:45:04",2918
"2018-09-11 23:45:06",2918
"2018-09-12 00:45:07",2918
"2018-09-12 01:45:08",2918
"2018-09-12 20:45:10",2915
"2018-09-12 21:45:06",2915
"2018-09-12 22:45:05",2915
"2018-09-12 23:45:05",2915
"2018-09-13 00:45:06",2915
"2018-09-13 01:45:06",2915
"2018-09-13 02:45:11",2915
"2018-09-13 03:45:06",2915
"2018-09-13 04:45:05",2915
"2018-09-13 05:45:07",2915
"2018-09-13 06:45:13",2915
"2018-09-13 07:45:06",2915
"2018-09-13 08:45:06",2915
"2018-09-13 09:45:04",2915
"2018-09-13 10:45:05",2916
"2018-09-13 11:45:05",2916
"2018-09-13 12:45:06",2916
"2018-09-13 14:45:09",2920
"2018-09-13 15:45:10",2924
"2018-09-13 16:45:14",2927
"2018-09-13 17:45:07",2925
"2018-09-13 18:45:09",2923
"2018-09-13 19:45:08",2922
"2018-09-13 20:45:06",2922
"2018-09-13 21:45:05",2924
"2018-09-13 22:45:06",2923
"2018-09-13 23:45:06",2923
"2018-09-14 00:45:07",2923
"2018-09-14 01:45:06",2923
"2018-09-14 02:45:07",2923
"2018-09-14 03:45:07",2923
"2018-09-14 04:45:07",2923
"2018-09-14 05:45:06",2923
"2018-09-14 06:45:05",2923
"2018-09-14 07:45:13",2923
"2018-09-14 08:45:09",2923
"2018-09-14 09:45:08",2923
"2018-09-14 10:45:06",2923
"2018-09-14 11:45:04",2923
"2018-09-14 12:45:10",2923
"2018-09-14 13:45:17",2923
"2018-09-14 14:45:12",2927
"2018-09-14 15:45:14",2937
"2018-09-14 16:45:10",2936
"2018-09-14 17:45:10",2938
"2018-09-14 18:45:08",2939
"2018-09-14 19:45:08",2941
"2018-09-14 20:45:06",2942
"2018-09-14 21:45:06",2941
"2018-09-14 22:45:06",2942
"2018-09-14 23:45:06",2942
"2018-09-15 00:45:08",2942
"2018-09-15 01:45:07",2942
"2018-09-15 02:45:08",2942
"2018-09-15 03:45:07",2942
"2018-09-15 04:45:06",2942
"2018-09-15 05:45:06",2942
"2018-09-15 06:45:05",2942
"2018-09-15 07:45:07",2942
"2018-09-15 08:45:05",2942
"2018-09-15 09:45:06",2942
"2018-09-15 10:45:06",2942
"2018-09-15 11:45:06",2942
"2018-09-15 12:45:08",2942
"2018-09-15 13:45:07",2942
"2018-09-15 14:45:06",2942
"2018-09-15 15:45:07",2942
"2018-09-15 16:45:06",2942
"2018-09-15 17:45:05",2942
"2018-09-15 18:45:06",2942
"2018-09-15 19:45:07",2942
"2018-09-15 20:45:07",2942
"2018-09-15 21:45:06",2942
"2018-09-15 22:45:06",2942
"2018-09-15 23:45:05",2942
"2018-09-16 00:45:06",2942
"2018-09-16 01:45:07",2942
"2018-09-16 02:45:08",2942
"2018-09-16 03:45:06",2942
"2018-09-16 04:45:07",2942
"2018-09-16 05:45:06",2942
"2018-09-16 06:45:07",2942
"2018-09-16 07:45:05",2942
"2018-09-16 08:45:06",2942
"2018-09-16 09:45:06",2942
"2018-09-16 10:45:05",2942
"2018-09-16 11:45:06",2942
"2018-09-16 12:45:06",2942
"2018-09-16 13:45:06",2942
"2018-09-16 14:45:06",2942
"2018-09-16 15:45:07",2942
"2018-09-16 16:45:08",2942
"2018-09-16 17:45:06",2942
"2018-09-16 18:45:07",2942
"2018-09-16 19:45:06",2942
"2018-09-16 20:45:07",2942
"2018-09-16 21:45:06",2942
"2018-09-16 22:45:06",2942
"2018-09-16 23:45:07",2942
"2018-09-17 00:45:07",2942
"2018-09-17 01:45:07",2942
"2018-09-17 02:45:07",2942
"2018-09-17 03:45:07",2942
"2018-09-17 04:45:07",2942
"2018-09-17 05:45:06",2942
"2018-09-17 06:45:06",2942
"2018-09-17 07:45:07",2942
"2018-09-17 08:45:07",2942
"2018-09-17 09:45:06",2942
"2018-09-17 10:45:05",2942
"2018-09-17 11:45:06",2942
"2018-09-17 12:45:05",2942
"2018-09-17 13:45:14",2942
"2018-09-17 14:45:08",2940
"2018-09-17 15:45:14",2937
"2018-09-17 16:45:09",2934
"2018-09-17 17:45:06",2933
"2018-09-17 18:45:07",2937
"2018-09-17 19:45:08",2936
"2018-09-17 20:45:07",2937
"2018-09-17 21:45:07",2936
"2018-09-17 22:45:06",2935
"2018-09-17 23:45:06",2934
"2018-09-18 00:45:06",2934
"2018-09-18 01:45:07",2934
"2018-09-18 02:45:07",2934
"2018-09-18 03:45:07",2934
"2018-09-18 04:45:08",2934
"2018-09-18 05:45:07",2934
"2018-09-18 06:45:07",2934
"2018-09-18 07:45:06",2934
"2018-09-18 08:45:07",2934
"2018-09-18 09:45:06",2934
"2018-09-18 10:45:05",2934
"2018-09-18 11:45:04",2934
"2018-09-18 12:45:07",2934
"2018-09-18 13:45:12",2934
"2018-09-18 14:45:10",2935
"2018-09-18 15:45:07",2936
"2018-09-18 16:45:09",2938
"2018-09-18 17:45:09",2939
"2018-09-18 18:45:14",2939
"2018-09-18 19:45:12",2939
"2018-09-18 20:45:07",2939
"2018-09-18 21:45:06",2938
"2018-09-18 22:45:06",2939
"2018-09-18 23:45:07",2939
"2018-09-19 00:45:09",2939
"2018-09-19 01:45:08",2939
"2018-09-19 02:45:08",2939
"2018-09-19 03:45:07",2939
"2018-09-19 04:45:07",2939
"2018-09-19 05:45:07",2939
"2018-09-19 06:45:08",2939
"2018-09-19 07:45:06",2939
"2018-09-19 08:45:06",2939
"2018-09-19 09:45:06",2939
"2018-09-19 10:45:06",2940
"2018-09-19 11:45:06",2940
"2018-09-19 12:45:06",2940
"2018-09-19 13:46:21",2940
"2018-09-19 14:45:15",2936
"2018-09-19 15:45:13",2940
"2018-09-19 16:45:09",2944
"2018-09-19 17:45:09",2941
"2018-09-19 18:45:08",2945
"2018-09-19 19:45:18",2951
"2018-09-19 20:45:07",2957
"2018-09-19 21:45:07",2957
"2018-09-19 22:45:06",2960
"2018-09-19 23:45:07",2960
"2018-09-20 00:45:07",2960
"2018-09-20 01:45:12",2960
"2018-09-20 02:45:10",2960
"2018-09-20 03:45:11",2960
"2018-09-20 04:45:08",2960
"2018-09-20 05:45:08",2960
"2018-09-20 06:45:07",2960
"2018-09-20 07:45:05",2960
"2018-09-20 08:45:11",2960
"2018-09-20 09:45:52",2960
"2018-09-20 10:45:07",2960
"2018-09-20 11:45:07",2960
"2018-09-20 13:11:13",2961
"2018-09-20 14:45:15",2958
"2018-09-20 15:45:10",2958
"2018-09-20 16:45:08",2958
"2018-09-20 17:45:08",2970
"2018-09-20 18:45:08",2972
"2018-09-20 19:45:09",2977
"2018-09-20 20:45:08",2979
"2018-09-20 21:45:06",2980
"2018-09-20 22:45:06",2981
"2018-09-20 23:45:07",2981
"2018-09-21 00:45:08",2981
"2018-09-21 01:45:07",2981
"2018-09-21 02:45:08",2981
"2018-09-21 03:45:07",2981
"2018-09-21 04:45:09",2981
"2018-09-21 06:45:07",2981
"2018-09-21 07:45:08",2981
"2018-09-21 08:45:07",2981
"2018-09-21 09:45:07",2981
"2018-09-21 10:45:06",2981
"2018-09-21 11:45:07",2981
"2018-09-21 13:12:41",2982
"2018-09-21 13:45:17",2982
"2018-09-21 14:45:09",2985
"2018-09-21 15:45:10",2982
"2018-09-21 16:45:10",2979
"2018-09-21 17:45:09",2978
"2018-09-21 18:45:39",2975
"2018-09-21 19:45:10",2974
"2018-09-21 20:45:07",2970
"2018-09-21 21:45:06",2969
"2018-09-21 22:45:05",2969
"2018-09-21 23:45:07",2969
"2018-09-22 00:45:06",2969
"2018-09-22 01:45:06",2969
"2018-09-22 02:45:06",2969
"2018-09-22 03:45:07",2969
"2018-09-22 04:45:08",2969
"2018-09-22 05:45:07",2969
"2018-09-22 06:45:06",2969
"2018-09-22 07:45:07",2969
"2018-09-22 08:45:05",2969
"2018-09-22 09:45:06",2969
"2018-09-22 10:45:06",2969
"2018-09-22 11:45:07",2969
"2018-09-22 12:45:06",2969
"2018-09-22 13:45:08",2969
"2018-09-22 14:45:08",2969
"2018-09-22 15:45:08",2969
"2018-09-22 16:45:07",2969
"2018-09-22 17:45:08",2969
"2018-09-22 18:45:07",2969
"2018-09-22 19:45:08",2969
"2018-09-22 20:45:07",2969
"2018-09-22 21:45:06",2969
"2018-09-22 22:45:06",2969
"2018-09-22 23:45:07",2969
"2018-09-23 00:45:37",2969
"2018-09-23 01:45:07",2969
"2018-09-23 02:45:06",2969
"2018-09-23 03:45:08",2969
"2018-09-23 04:45:09",2969
"2018-09-23 05:45:06",2969
"2018-09-23 06:45:06",2969
"2018-09-23 07:45:08",2969
"2018-09-23 08:45:06",2969
"2018-09-23 09:45:06",2969
"2018-09-23 10:45:06",2969
"2018-09-23 11:45:08",2969
"2018-09-23 12:45:06",2969
"2018-09-23 13:45:07",2969
"2018-09-23 14:45:08",2969
"2018-09-23 15:45:07",2969
"2018-09-23 16:45:08",2969
"2018-09-23 17:45:06",2969
"2018-09-23 18:45:07",2969
"2018-09-23 19:45:07",2969
"2018-09-23 20:45:06",2969
"2018-09-23 21:45:08",2969
"2018-09-23 22:45:07",2969
"2018-09-23 23:45:08",2969
"2018-09-24 00:45:07",2969
"2018-09-24 01:45:08",2969
"2018-09-24 02:45:07",2969
"2018-09-24 03:45:07",2969
"2018-09-24 04:45:09",2969
"2018-09-24 05:45:07",2969
"2018-09-24 06:45:06",2969
"2018-09-24 07:45:07",2969
"2018-09-24 08:45:06",2969
"2018-09-24 09:45:06",2969
"2018-09-24 10:45:06",2969
"2018-09-24 11:45:07",2969
"2018-09-24 12:45:07",2969
"2018-09-24 13:45:17",2968
"2018-09-24 14:45:10",2974
"2018-09-24 15:45:08",2972
"2018-09-24 16:45:08",2973
"2018-09-24 17:45:09",2975
"2018-09-24 18:45:10",2976
"2018-09-24 19:45:10",2979
"2018-09-24 20:45:09",2978
"2018-09-24 21:45:07",2978
"2018-09-24 22:45:08",2978
"2018-09-24 23:45:08",2978
"2018-09-25 00:45:09",2978
"2018-09-25 01:45:07",2978
"2018-09-25 02:45:07",2978
"2018-09-25 03:45:07",2978
"2018-09-25 04:45:10",2978
"2018-09-25 05:45:08",2978
"2018-09-25 06:45:08",2978
"2018-09-25 07:45:08",2978
"2018-09-25 08:45:08",2978
"2018-09-25 09:45:07",2978
"2018-09-25 10:45:06",2980
"2018-09-25 11:45:07",2980
"2018-09-25 12:45:08",2980
"2018-09-25 13:45:14",2980
"2018-09-25 14:45:11",2983
"2018-09-25 15:45:08",2985
"2018-09-25 16:45:10",2996
"2018-09-25 17:45:08",2998
"2018-09-25 18:45:12",3004
"2018-09-25 19:45:10",3003
"2018-09-25 20:45:07",3009
"2018-09-25 21:45:07",3010
"2018-09-25 22:45:08",3010
"2018-09-25 23:45:08",3010
"2018-09-26 00:45:10",3010
"2018-09-26 01:45:13",3010
"2018-09-26 02:45:11",3010
"2018-09-26 03:45:11",3010
"2018-09-26 04:45:09",3010
"2018-09-26 05:45:09",3010
"2018-09-26 06:45:08",3010
"2018-09-26 07:45:07",3010
"2018-09-26 08:45:09",3010
"2018-09-26 09:45:08",3010
"2018-09-26 10:45:06",3010
"2018-09-26 11:45:06",3010
"2018-09-26 13:11:44",3012
"2018-09-26 13:45:18",3012
"2018-09-26 14:45:10",3017
"2018-09-26 15:45:11",3018
"2018-09-26 16:45:12",3018
"2018-09-26 17:45:10",3018
"2018-09-26 18:45:12",3020
"2018-09-26 19:45:10",3017
"2018-09-26 20:45:09",3018
"2018-09-26 21:45:09",3018
"2018-09-26 22:45:08",3020
"2018-09-26 23:45:09",3020
"2018-09-27 00:45:10",3020
"2018-09-27 01:45:08",3020
"2018-09-27 02:45:10",3014
"2018-09-27 03:45:09",3014
"2018-09-27 04:45:08",3014
"2018-09-27 05:45:09",3014
"2018-09-27 06:45:09",3014
"2018-09-27 07:45:08",3014
"2018-09-27 08:45:08",3014
"2018-09-27 09:45:08",3014
"2018-09-27 10:45:08",3014
"2018-09-27 11:45:08",3014
"2018-09-27 12:45:08",3014
"2018-09-27 13:45:14",3014
"2018-09-27 14:45:11",3009
"2018-09-27 15:45:10",3007
"2018-09-27 17:10:53",3004
"2018-09-27 17:45:12",3004
"2018-09-27 18:45:15",3003
"2018-09-27 19:45:12",3003
"2018-09-27 20:45:11",3003
"2018-09-27 21:45:10",3002
"2018-09-27 22:45:09",3002
"2018-09-27 23:45:11",3002
"2018-09-28 00:45:13",3002
"2018-09-28 01:45:10",3002
"2018-09-28 02:45:08",3002
"2018-09-28 03:45:10",3002
"2018-09-28 04:45:09",3002
"2018-09-28 05:45:09",3002
"2018-09-28 06:45:10",3002
"2018-09-28 07:45:10",3002
"2018-09-28 08:45:09",3002
"2018-09-28 09:45:11",3002
"2018-09-28 10:45:10",3002
"2018-09-28 11:45:10",3002
"2018-09-28 12:45:10",3002
"2018-09-28 13:45:17",3002
"2018-09-28 14:45:13",3002
"2018-09-28 15:45:17",3003
"2018-09-28 16:45:13",3004
"2018-09-28 17:45:15",3002
"2018-09-28 18:45:14",3002
"2018-09-28 19:45:14",3004
"2018-09-28 20:45:10",3003
"2018-09-28 21:45:10",3002
"2018-09-28 22:45:09",3001
"2018-09-28 23:45:07",3001
"2018-09-29 00:45:07",3001
"2018-09-29 01:45:14",3001
"2018-09-29 02:45:15",3001
"2018-09-29 03:45:09",3001
"2018-09-29 04:45:08",3001
"2018-09-29 05:45:07",3001
"2018-09-29 06:45:07",3001
"2018-09-29 07:45:08",3001
"2018-09-29 08:45:08",3001
"2018-09-29 09:45:08",3001
"2018-09-29 10:45:08",3001
"2018-09-29 11:45:09",3001
"2018-09-29 12:45:09",3001
"2018-09-29 13:45:09",3001
"2018-09-29 14:45:09",3001
"2018-09-29 15:45:10",3001
"2018-09-29 16:45:08",3001
"2018-09-29 17:45:08",3001
"2018-09-29 18:45:10",3001
"2018-09-29 19:45:08",3001
"2018-09-29 20:45:09",3001
"2018-09-29 21:45:09",3001
"2018-09-29 22:45:08",3001
"2018-09-29 23:45:08",3001
"2018-09-30 00:45:09",3001
"2018-09-30 01:45:08",3001
"2018-09-30 02:45:06",3001
"2018-09-30 03:45:09",3001
"2018-09-30 04:45:08",3001
"2018-09-30 05:45:06",3001
"2018-09-30 06:45:07",3001
"2018-09-30 07:45:06",3001
"2018-09-30 08:45:07",3001
"2018-09-30 09:45:06",3001
"2018-09-30 10:45:07",3001
"2018-09-30 11:45:06",3001
"2018-09-30 12:45:07",3001
"2018-09-30 13:45:07",3001
"2018-09-30 14:45:06",3001
"2018-09-30 15:45:07",3001
"2018-09-30 16:45:07",3001
"2018-09-30 17:45:06",3001
"2018-09-30 18:45:07",3001
"2018-09-30 19:45:08",3001
"2018-09-30 20:45:07",3001
"2018-09-30 21:45:06",3001
"2018-09-30 22:45:08",3001
"2018-09-30 23:45:09",3001
"2018-10-01 00:45:10",3001
"2018-10-01 01:45:08",3001
"2018-10-01 02:45:10",3001
"2018-10-01 03:45:09",3001
"2018-10-01 04:45:09",3001
"2018-10-01 05:45:09",3001
"2018-10-01 06:45:09",3001
"2018-10-01 07:45:08",3001
"2018-10-01 08:45:10",3001
"2018-10-01 09:45:07",3003
"2018-10-01 10:45:06",3003
"2018-10-01 11:45:07",3003
"2018-10-01 12:45:08",3003
"2018-10-01 14:10:27",3009
"2018-10-01 14:45:13",3009
"2018-10-01 15:45:09",3009
"2018-10-01 16:45:10",3013
"2018-10-01 17:45:14",3013
"2018-10-01 18:45:10",3016
"2018-10-01 19:45:13",3015
"2018-10-01 20:45:08",3015
"2018-10-01 21:45:09",3015
"2018-10-01 22:45:08",3016
"2018-10-01 23:45:11",3016
"2018-10-02 00:45:14",3016
"2018-10-02 01:45:10",3016
"2018-10-02 02:45:09",3016
"2018-10-02 03:45:09",3016
"2018-10-02 04:45:10",3016
"2018-10-02 05:45:08",3016
"2018-10-02 06:45:09",3016
"2018-10-02 07:45:10",3016
"2018-10-02 08:45:08",3016
"2018-10-02 09:45:08",3016
"2018-10-02 10:45:07",3016
"2018-10-02 11:45:09",3016
"2018-10-02 12:45:08",3016
"2018-10-02 13:45:14",3016
"2018-10-02 14:45:43",3010
"2018-10-02 15:45:12",3006
"2018-10-02 16:45:11",3003
"2018-10-02 17:45:10",2999
"2018-10-02 18:45:10",2999
"2018-10-02 19:45:10",2998
"2018-10-02 20:45:10",2998
"2018-10-02 21:45:09",2998
"2018-10-02 22:45:08",2998
"2018-10-02 23:45:09",2998
"2018-10-03 00:45:08",2998
"2018-10-03 01:45:07",2998
"2018-10-03 02:45:40",2998
"2018-10-03 03:45:11",2998
"2018-10-03 04:45:14",2998
"2018-10-03 05:45:12",2998
"2018-10-03 06:45:09",2998
"2018-10-03 07:45:11",2998
"2018-10-03 08:45:11",2998
"2018-10-03 09:45:11",2998
"2018-10-03 10:45:11",2998
"2018-10-03 11:45:11",2998
"2018-10-03 12:45:10",2998
"2018-10-03 13:46:25",2998
"2018-10-03 15:10:18",3006
"2018-10-03 15:45:12",3006
"2018-10-03 16:45:13",3007
"2018-10-03 17:45:12",3008
"2018-10-03 18:45:11",3010
"2018-10-03 19:45:10",3014
"2018-10-03 20:45:09",3016
"2018-10-03 21:45:09",3016
"2018-10-03 22:45:10",3016
"2018-10-03 23:45:09",3016
"2018-10-04 00:46:21",3016
"2018-10-04 01:45:11",3016
"2018-10-04 02:45:08",3016
"2018-10-04 03:45:07",3016
"2018-10-04 04:45:08",3016
"2018-10-04 05:45:09",3016
"2018-10-04 06:45:07",3016
"2018-10-04 07:45:08",3016
"2018-10-04 08:45:06",3016
"2018-10-04 09:45:07",3016
"2018-10-04 10:45:08",3016
"2018-10-04 11:45:07",3016
"2018-10-04 12:45:08",3016
"2018-10-04 14:11:21",3018
"2018-10-04 14:45:10",3018
"2018-10-04 15:45:09",3021
"2018-10-04 16:45:13",3017
"2018-10-04 17:45:12",3014
"2018-10-04 18:45:11",3013
"2018-10-04 19:45:12",3010
"2018-10-04 20:45:09",3011
"2018-10-04 21:45:09",3011
"2018-10-04 22:45:08",3011
"2018-10-04 23:45:08",3011
"2018-10-05 00:45:09",3011
"2018-10-05 01:45:09",3011
"2018-10-05 02:45:09",3011
"2018-10-05 03:45:09",3011
"2018-10-05 04:45:10",3011
"2018-10-05 05:45:11",3011
"2018-10-05 06:45:09",3011
"2018-10-05 07:45:08",3011
"2018-10-05 08:45:07",3011
"2018-10-05 09:45:09",3011
"2018-10-05 10:45:09",3012
"2018-10-05 11:45:09",3012
"2018-10-05 12:45:09",3012
"2018-10-05 13:45:16",3012
"2018-10-05 14:45:11",3013
"2018-10-05 15:45:12",3011
"2018-10-05 16:45:15",3009
"2018-10-05 17:45:15",3005
"2018-10-05 18:45:13",3006
"2018-10-05 19:45:10",3006
"2018-10-05 20:45:09",3002
"2018-10-05 21:45:08",3002
"2018-10-05 22:45:09",3002
"2018-10-05 23:45:07",3002
"2018-10-06 00:45:10",3002
"2018-10-06 01:45:10",3002
"2018-10-06 02:45:10",3002
"2018-10-06 03:45:09",3002
"2018-10-06 04:45:09",3002
"2018-10-06 05:45:09",3002
"2018-10-06 06:45:10",3002
"2018-10-06 07:45:10",3002
"2018-10-06 08:45:08",3002
"2018-10-06 09:45:09",3002
"2018-10-06 10:45:10",3002
"2018-10-06 11:45:08",3002
"2018-10-06 12:45:09",3002
"2018-10-06 13:45:08",3002
"2018-10-06 14:45:10",3002
"2018-10-06 15:45:10",3002
"2018-10-06 16:45:09",3002
"2018-10-06 17:45:08",3002
"2018-10-06 18:45:09",3002
"2018-10-06 19:45:10",3002
"2018-10-06 20:45:08",3002
"2018-10-06 21:45:39",3002
"2018-10-06 22:45:09",3002
"2018-10-06 23:45:09",3002
"2018-10-07 00:45:08",3002
"2018-10-07 01:45:09",3002
"2018-10-07 02:45:09",3002
"2018-10-07 03:45:09",3002
"2018-10-07 04:45:09",3002
"2018-10-07 05:45:10",3002
"2018-10-07 06:45:10",3002
"2018-10-07 07:45:10",3002
"2018-10-07 08:45:08",3002
"2018-10-07 09:45:08",3002
"2018-10-07 10:45:08",3002
"2018-10-07 11:45:08",3002
"2018-10-07 12:45:09",3002
"2018-10-07 13:45:10",3002
"2018-10-07 14:45:10",3002
"2018-10-07 15:45:10",3002
"2018-10-07 16:45:10",3002
"2018-10-07 17:45:10",3002
"2018-10-07 18:45:10",3002
"2018-10-07 19:45:09",3002
"2018-10-07 20:45:10",3002
"2018-10-07 21:45:09",3002
"2018-10-07 22:45:09",3002
"2018-10-07 23:45:09",3002
"2018-10-08 00:45:08",3002
"2018-10-08 01:45:08",3002
"2018-10-08 02:45:11",3002
"2018-10-08 03:45:08",3002
"2018-10-08 04:45:08",3002
"2018-10-08 05:45:08",3002
"2018-10-08 06:45:10",3002
"2018-10-08 07:45:07",3002
"2018-10-08 08:45:07",3002
"2018-10-08 09:45:07",3002
"2018-10-08 10:45:08",3002
"2018-10-08 11:45:07",3002
"2018-10-08 12:45:09",3002
"2018-10-08 13:45:23",3002
"2018-10-08 14:45:15",2997
"2018-10-08 15:45:44",2991
"2018-10-08 16:45:14",2985
"2018-10-08 17:45:13",2983
"2018-10-08 18:45:12",2983
"2018-10-08 19:45:12",2983
"2018-10-08 20:45:09",2984
"2018-10-08 21:45:10",2985
"2018-10-08 22:45:08",2985
"2018-10-08 23:45:11",2985
"2018-10-09 00:45:09",2985
"2018-10-09 01:45:39",2985
"2018-10-09 02:45:09",2985
"2018-10-09 03:45:14",2985
"2018-10-09 04:45:08",2985
"2018-10-09 05:45:08",2985
"2018-10-09 06:45:08",2985
"2018-10-09 07:45:08",2985
"2018-10-09 08:45:07",2985
"2018-10-09 09:45:07",2985
"2018-10-09 10:45:08",2985
"2018-10-09 11:45:09",2985
"2018-10-09 12:45:08",2985
"2018-10-09 13:45:18",2985
"2018-10-09 14:45:14",2989
"2018-10-09 15:45:12",2987
"2018-10-09 16:45:09",2990
"2018-10-09 17:45:09",2989
"2018-10-09 18:45:09",2986
"2018-10-09 19:45:08",2985
"2018-10-09 21:45:07",2984
"2018-10-09 22:45:09",2984
"2018-10-09 23:45:08",2984
"2018-10-10 00:45:08",2984
"2018-10-10 01:45:08",2984
"2018-10-10 02:45:09",2984
"2018-10-10 03:45:16",2984
"2018-10-10 04:45:09",2984
"2018-10-10 05:45:09",2984
"2018-10-10 06:45:08",2984
"2018-10-10 07:45:09",2984
"2018-10-10 08:45:09",2984
"2018-10-10 09:45:07",2984
"2018-10-10 10:45:08",2984
"2018-10-10 11:45:07",2984
"2018-10-10 12:45:07",2984
"2018-10-10 13:45:15",2984
"2018-10-10 14:45:12",2970
"2018-10-10 15:45:13",2970
"2018-10-10 16:45:09",2969
"2018-10-10 17:45:08",2969
"2018-10-10 18:45:15",2968
"2018-10-10 19:45:16",2969
"2018-10-10 20:45:11",2967
"2018-10-10 21:45:07",2965
"2018-10-10 22:45:08",2963
"2018-10-10 23:45:09",2963
"2018-10-11 00:45:10",2963
"2018-10-11 01:45:08",2963
"2018-10-11 02:45:07",2963
"2018-10-11 03:45:06",2963
"2018-10-11 04:45:06",2963
"2018-10-11 05:45:06",2963
"2018-10-11 06:45:07",2963
"2018-10-11 07:45:05",2963
"2018-10-11 08:45:08",2963
"2018-10-11 09:45:08",2963
"2018-10-11 10:45:09",2963
"2018-10-11 11:45:07",2963
"2018-10-11 12:45:07",2963
"2018-10-11 13:45:16",2962
"2018-10-11 14:45:08",2962
"2018-10-11 15:45:11",2962
"2018-10-11 16:45:13",2957
"2018-10-11 17:45:10",2957
"2018-10-11 18:45:15",2957
"2018-10-11 19:45:11",2955
"2018-10-11 20:45:10",2954
"2018-10-11 21:45:10",2954
"2018-10-11 22:45:08",2954
"2018-10-11 23:45:10",2953
"2018-10-12 00:45:08",2953
"2018-10-12 01:45:08",2953
"2018-10-12 02:45:10",2953
"2018-10-12 03:45:08",2953
"2018-10-12 04:45:09",2953
"2018-10-12 05:45:07",2953
"2018-10-12 06:45:07",2953
"2018-10-12 07:45:07",2953
"2018-10-12 08:45:08",2953
"2018-10-12 09:45:09",2953
"2018-10-12 10:45:08",2953
"2018-10-12 11:45:09",2953
"2018-10-12 12:45:09",2953
"2018-10-12 13:45:18",2953
"2018-10-12 14:45:10",2962
"2018-10-12 15:45:12",2960
"2018-10-12 16:45:13",2961
"2018-10-12 17:45:09",2961
"2018-10-12 18:45:08",2960
"2018-10-12 19:45:11",2961
"2018-10-12 20:45:08",2964
"2018-10-12 21:45:08",2963
"2018-10-12 22:45:08",2963
"2018-10-12 23:45:08",2963
"2018-10-13 00:45:08",2963
"2018-10-13 01:45:09",2963
"2018-10-13 02:45:10",2963
"2018-10-13 03:45:10",2963
"2018-10-13 04:45:10",2963
"2018-10-13 05:45:07",2963
"2018-10-13 06:45:08",2963
"2018-10-13 07:45:10",2963
"2018-10-13 08:45:10",2963
"2018-10-13 09:45:09",2963
"2018-10-13 10:45:08",2962
"2018-10-13 11:45:07",2962
"2018-10-13 12:45:08",2962
"2018-10-13 13:45:08",2962
"2018-10-13 14:45:09",2962
"2018-10-13 15:45:08",2962
"2018-10-13 16:45:08",2962
"2018-10-13 17:45:08",2962
"2018-10-13 18:45:08",2962
"2018-10-13 19:45:09",2962
"2018-10-13 20:45:10",2962
"2018-10-13 21:45:09",2962
"2018-10-13 22:45:11",2962
"2018-10-13 23:45:09",2962
"2018-10-14 00:45:11",2962
"2018-10-14 01:45:09",2962
"2018-10-14 02:45:08",2962
"2018-10-14 03:45:09",2962
"2018-10-14 04:45:09",2962
"2018-10-14 05:45:07",2962
"2018-10-14 06:45:08",2962
"2018-10-14 07:45:08",2962
"2018-10-14 08:45:07",2962
"2018-10-14 09:45:08",2962
"2018-10-14 10:45:08",2962
"2018-10-14 11:45:08",2962
"2018-10-14 12:45:09",2962
"2018-10-14 13:45:07",2962
"2018-10-14 14:45:08",2962
"2018-10-14 15:45:09",2962
"2018-10-14 16:45:07",2962
"2018-10-14 17:45:08",2962
"2018-10-14 18:45:09",2962
"2018-10-14 19:45:08",2962
"2018-10-14 20:45:07",2962
"2018-10-14 21:45:09",2962
"2018-10-14 22:45:08",2962
"2018-10-14 23:45:08",2962
"2018-10-15 00:45:10",2962
"2018-10-15 01:45:08",2962
"2018-10-15 02:45:08",2962
"2018-10-15 03:45:09",2962
"2018-10-15 04:45:07",2962
"2018-10-15 05:45:09",2962
"2018-10-15 06:45:10",2962
"2018-10-15 07:45:09",2962
"2018-10-15 08:45:21",2962
"2018-10-15 09:45:08",2962
"2018-10-15 10:45:08",2962
"2018-10-15 11:45:07",2962
"2018-10-15 12:45:07",2962
"2018-10-15 13:45:15",2962
"2018-10-15 14:45:11",2954
"2018-10-15 15:45:12",2951
"2018-10-15 16:45:13",2951
"2018-10-15 17:45:12",2952
"2018-10-15 18:45:10",2950
"2018-10-15 19:45:12",2950
"2018-10-15 20:45:12",2950
"2018-10-15 21:45:12",2949
"2018-10-15 22:45:09",2950
"2018-10-15 23:45:10",2950
"2018-10-16 00:45:12",2950
"2018-10-16 01:45:13",2950
"2018-10-16 02:45:10",2950
"2018-10-16 03:45:09",2950
"2018-10-16 04:45:11",2950
"2018-10-16 09:45:08",2950
"2018-10-16 10:45:09",2950
"2018-10-16 11:45:07",2950
"2018-10-16 12:45:09",2950
"2018-10-16 13:45:17",2950
"2018-10-16 14:45:13",2950
"2018-10-16 15:45:14",2949
"2018-10-16 16:45:09",2947
"2018-10-16 17:45:15",2947
"2018-10-16 18:45:14",2946
"2018-10-16 19:45:14",2941
"2018-10-16 20:45:11",2941
"2018-10-16 21:45:09",2942
"2018-10-16 22:45:11",2943
"2018-10-16 23:45:10",2943
"2018-10-17 00:45:10",2943
"2018-10-17 01:45:10",2943
"2018-10-17 02:45:10",2943
"2018-10-17 03:45:10",2943
"2018-10-17 04:45:09",2943
"2018-10-17 05:45:10",2943
"2018-10-17 06:45:09",2943
"2018-10-17 07:45:10",2943
"2018-10-17 08:45:09",2943
"2018-10-17 09:45:10",2943
"2018-10-17 10:45:08",2943
"2018-10-17 11:45:08",2943
"2018-10-17 12:45:09",2943
"2018-10-17 14:11:15",2942
"2018-10-17 14:45:10",2942
"2018-10-17 15:45:13",2941
"2018-10-17 16:45:11",2945
"2018-10-17 17:45:13",2944
"2018-10-17 18:45:12",2943
"2018-10-17 19:45:11",2942
"2018-10-17 20:45:12",2946
"2018-10-17 21:45:11",2946
"2018-10-17 22:45:10",2946
"2018-10-17 23:45:09",2946
"2018-10-18 00:45:11",2946
"2018-10-18 01:45:11",2946
"2018-10-18 02:45:11",2946
"2018-10-18 03:45:12",2946
"2018-10-18 04:45:07",2946
"2018-10-18 05:45:08",2946
"2018-10-18 06:45:07",2946
"2018-10-18 07:45:08",2946
"2018-10-18 08:45:07",2946
"2018-10-18 09:45:07",2946
"2018-10-18 10:45:08",2946
"2018-10-18 11:45:06",2946
"2018-10-18 13:10:10",2946
"2018-10-18 13:45:13",2946
"2018-10-18 14:45:12",2945
"2018-10-18 15:45:14",2946
"2018-10-18 16:45:10",2947
"2018-10-18 17:45:10",2947
"2018-10-18 18:45:08",2947
"2018-10-18 19:45:09",2945
"2018-10-18 20:45:10",2944
"2018-10-18 21:45:11",2944
"2018-10-18 22:45:08",2944
"2018-10-18 23:45:07",2944
"2018-10-19 00:45:10",2944
"2018-10-19 01:45:11",2944
"2018-10-19 02:45:09",2944
"2018-10-19 03:45:10",2944
"2018-10-19 04:45:08",2944
"2018-10-19 05:45:07",2944
"2018-10-19 06:45:09",2944
"2018-10-19 07:45:09",2944
"2018-10-19 08:45:07",2944
"2018-10-19 09:45:07",2944
"2018-10-19 10:45:07",2944
"2018-10-19 11:45:08",2944
"2018-10-19 13:09:45",2944
"2018-10-19 13:45:16",2944
"2018-10-19 14:45:12",2939
"2018-10-19 15:45:12",2933
"2018-10-19 16:45:10",2926
"2018-10-19 17:45:10",2922
"2018-10-19 18:45:11",2920
"2018-10-19 19:45:12",2920
"2018-10-19 20:45:11",2917
"2018-10-19 21:45:09",2918
"2018-10-19 22:45:09",2918
"2018-10-19 23:45:38",2918
"2018-10-20 00:45:09",2918
"2018-10-20 01:45:11",2918
"2018-10-20 02:45:09",2918
"2018-10-20 03:45:08",2918
"2018-10-20 04:45:09",2918
"2018-10-20 05:45:10",2918
"2018-10-20 06:45:10",2918
"2018-10-20 07:45:08",2918
"2018-10-20 08:45:09",2918
"2018-10-20 09:45:09",2918
"2018-10-20 10:45:10",2917
"2018-10-20 11:45:09",2917
"2018-10-20 12:45:09",2917
"2018-10-20 13:45:11",2917
"2018-10-20 14:45:12",2917
"2018-10-20 15:45:11",2917
"2018-10-20 16:45:10",2917
"2018-10-20 17:45:09",2917
"2018-10-20 18:45:09",2917
"2018-10-20 19:45:10",2917
"2018-10-20 20:45:10",2917
"2018-10-20 21:45:12",2917
"2018-10-20 22:45:10",2917
"2018-10-20 23:45:10",2917
"2018-10-21 00:45:10",2917
"2018-10-21 01:45:11",2917
"2018-10-21 02:45:09",2917
"2018-10-21 03:45:11",2917
"2018-10-21 04:45:09",2917
"2018-10-21 05:45:10",2917
"2018-10-21 06:45:09",2917
"2018-10-21 07:45:14",2917
"2018-10-21 08:45:09",2917
"2018-10-21 09:45:08",2917
"2018-10-21 10:45:07",2917
"2018-10-21 11:45:08",2917
"2018-10-21 12:45:08",2917
"2018-10-21 13:45:15",2917
"2018-10-21 14:45:12",2917
"2018-10-21 15:45:11",2917
"2018-10-21 16:45:09",2917
"2018-10-21 17:45:10",2917
"2018-10-21 18:45:10",2917
"2018-10-21 19:45:09",2917
"2018-10-21 20:45:09",2917
"2018-10-21 21:45:09",2917
"2018-10-21 22:45:11",2917
"2018-10-21 23:45:10",2917
"2018-10-22 00:45:13",2917
"2018-10-22 01:45:14",2917
"2018-10-22 02:45:13",2917
"2018-10-22 03:45:13",2917
"2018-10-22 04:45:13",2917
"2018-10-22 05:45:11",2917
"2018-10-22 06:45:10",2917
"2018-10-22 07:45:14",2917
"2018-10-22 08:45:09",2917
"2018-10-22 09:45:10",2918
"2018-10-22 10:45:11",2918
"2018-10-22 11:45:10",2918
"2018-10-22 12:45:12",2918
"2018-10-22 13:45:15",2919
"2018-10-22 14:45:15",2920
"2018-10-22 15:45:13",2919
"2018-10-22 16:45:11",2922
"2018-10-22 17:45:11",2923
"2018-10-22 18:45:09",2926
"2018-10-22 19:45:11",2926
"2018-10-22 20:45:11",2929
"2018-10-22 21:45:11",2929
"2018-10-22 22:45:11",2929
"2018-10-22 23:45:11",2929
"2018-10-23 00:45:12",2929
"2018-10-23 01:45:11",2929
"2018-10-23 02:45:10",2929
"2018-10-23 03:45:10",2929
"2018-10-23 04:45:09",2929
"2018-10-23 05:45:09",2929
"2018-10-23 06:45:09",2929
"2018-10-23 07:45:12",2929
"2018-10-23 08:45:08",2929
"2018-10-23 09:45:08",2929
"2018-10-23 10:45:08",2929
"2018-10-23 11:45:08",2929
"2018-10-23 12:45:08",2929
"2018-10-23 13:45:15",2928
"2018-10-23 14:45:11",2928
"2018-10-23 15:45:09",2929
"2018-10-23 16:45:10",2928
"2018-10-23 17:45:10",2929
"2018-10-23 18:45:11",2932
"2018-10-23 19:45:10",2933
"2018-10-23 20:45:10",2933
"2018-10-23 21:45:11",2933
"2018-10-23 22:45:10",2933
"2018-10-23 23:45:09",2933
"2018-10-24 00:45:10",2933
"2018-10-24 01:45:11",2933
"2018-10-24 02:45:12",2933
"2018-10-24 03:45:11",2933
"2018-10-24 04:45:11",2933
"2018-10-24 05:45:11",2933
"2018-10-24 06:45:13",2933
"2018-10-24 07:45:11",2933
"2018-10-24 08:45:10",2933
"2018-10-24 09:45:09",2933
"2018-10-24 10:45:09",2933
"2018-10-24 11:45:09",2933
"2018-10-24 12:45:08",2933
"2018-10-24 13:45:14",2934
"2018-10-24 14:45:13",2934
"2018-10-24 15:45:12",2936
"2018-10-24 16:45:10",2933
"2018-10-24 17:45:10",2927
"2018-10-24 18:45:11",2926
"2018-10-24 19:45:11",2924
"2018-10-24 20:45:15",2920
"2018-10-24 21:45:11",2923
"2018-10-24 22:45:10",2923
"2018-10-24 23:45:08",2923
"2018-10-25 00:45:10",2923
"2018-10-25 01:45:10",2923
"2018-10-25 02:45:10",2923
"2018-10-25 03:45:09",2923
"2018-10-25 04:45:10",2923
"2018-10-25 05:45:10",2923
"2018-10-25 06:45:11",2923
"2018-10-25 07:45:10",2923
"2018-10-25 08:45:11",2923
"2018-10-25 09:45:09",2923
"2018-10-25 10:45:10",2923
"2018-10-25 11:45:11",2923
"2018-10-25 14:11:22",2929
"2018-10-25 14:45:14",2929
"2018-10-25 15:45:14",2931
"2018-10-25 16:45:11",2929
"2018-10-25 17:45:13",2931
"2018-10-25 18:45:14",2931
"2018-10-25 19:45:11",2931
"2018-10-25 20:45:11",2933
"2018-10-25 21:45:11",2933
"2018-10-25 22:45:10",2933
"2018-10-25 23:45:12",2933
"2018-10-26 00:45:11",2933
"2018-10-26 01:45:11",2933
"2018-10-26 02:45:12",2933
"2018-10-26 03:45:14",2933
"2018-10-26 04:45:14",2933
"2018-10-26 05:45:09",2933
"2018-10-26 06:45:09",2933
"2018-10-26 07:45:09",2933
"2018-10-26 08:45:09",2933
"2018-10-26 09:45:09",2933
"2018-10-26 10:45:09",2933
"2018-10-26 11:45:09",2933
"2018-10-26 12:45:09",2933
"2018-10-26 13:45:11",2933
"2018-10-26 14:45:12",2930
"2018-10-26 15:45:11",2930
"2018-10-26 16:45:10",2933
"2018-10-26 17:45:10",2936
"2018-10-26 18:45:09",2937
"2018-10-26 19:45:09",2936
"2018-10-26 20:45:09",2936
"2018-10-26 21:45:09",2936
"2018-10-26 22:45:09",2935
"2018-10-26 23:45:08",2935
"2018-10-27 00:45:09",2935
"2018-10-27 01:45:09",2935
"2018-10-27 02:45:08",2935
"2018-10-27 03:45:08",2935
"2018-10-27 04:45:08",2935
"2018-10-27 05:45:09",2935
"2018-10-27 06:45:09",2935
"2018-10-27 07:45:10",2935
"2018-10-27 08:45:10",2935
"2018-10-27 09:45:09",2935
"2018-10-27 10:45:10",2935
"2018-10-27 11:45:09",2935
"2018-10-27 12:45:09",2935
"2018-10-27 13:45:08",2935
"2018-10-27 14:45:09",2934
"2018-10-27 15:45:10",2934
"2018-10-27 16:45:09",2934
"2018-10-27 17:45:09",2934
"2018-10-27 18:45:09",2934
"2018-10-27 19:45:09",2934
"2018-10-27 20:45:09",2934
"2018-10-27 21:45:09",2934
"2018-10-27 22:45:08",2934
"2018-10-27 23:45:08",2934
"2018-10-28 00:45:09",2934
"2018-10-28 01:45:09",2934
"2018-10-28 02:45:08",2934
"2018-10-28 03:45:09",2934
"2018-10-28 04:45:08",2934
"2018-10-28 05:45:09",2934
"2018-10-28 06:45:09",2934
"2018-10-28 07:45:07",2934
"2018-10-28 08:45:08",2934
"2018-10-28 09:45:09",2934
"2018-10-28 10:45:09",2934
"2018-10-28 11:45:08",2934
"2018-10-28 12:45:07",2934
"2018-10-28 13:45:09",2934
"2018-10-28 14:45:08",2934
"2018-10-28 15:45:08",2934
"2018-10-28 16:45:09",2934
"2018-10-28 17:45:08",2934
"2018-10-28 18:45:08",2934
"2018-10-28 19:45:07",2934
"2018-10-28 20:45:08",2934
"2018-10-28 21:45:08",2934
"2018-10-28 22:45:08",2934
"2018-10-28 23:45:08",2934
"2018-10-29 00:45:09",2934
"2018-10-29 01:45:09",2934
"2018-10-29 02:45:09",2934
"2018-10-29 03:45:07",2934
"2018-10-29 04:45:10",2934
"2018-10-29 05:45:08",2934
"2018-10-29 06:45:09",2934
"2018-10-29 07:45:07",2934
"2018-10-29 08:45:09",2934
"2018-10-29 09:45:08",2934
"2018-10-29 10:45:08",2934
"2018-10-29 11:45:08",2934
"2018-10-29 12:45:08",2934
"2018-10-29 13:45:13",2934
"2018-10-29 14:45:11",2928
"2018-10-29 15:45:08",2926
"2018-10-29 16:45:11",2926
"2018-10-29 17:45:10",2924
"2018-10-29 18:45:10",2921
"2018-10-29 19:45:11",2921
"2018-10-29 20:45:10",2920
"2018-10-29 21:45:09",2920
"2018-10-29 22:45:10",2919
"2018-10-29 23:45:09",2919
"2018-10-30 00:45:09",2919
"2018-10-30 01:45:08",2919
"2018-10-30 02:45:10",2919
"2018-10-30 03:45:09",2919
"2018-10-30 04:45:10",2919
"2018-10-30 05:45:08",2919
"2018-10-30 06:45:08",2919
"2018-10-30 07:45:07",2919
"2018-10-30 08:45:08",2919
"2018-10-30 09:45:09",2919
"2018-10-30 10:45:09",2919
"2018-10-30 11:45:09",2919
"2018-10-30 12:45:08",2919
"2018-10-30 13:45:15",2920
"2018-10-30 14:45:14",2922
"2018-10-30 15:45:14",2910
"2018-10-30 16:45:10",2907
"2018-10-30 17:45:08",2908
"2018-10-30 18:45:10",2908
"2018-10-30 19:45:09",2909
"2018-10-30 20:45:09",2910
"2018-10-30 21:45:09",2911
"2018-10-30 22:45:09",2911
"2018-10-30 23:45:08",2911
"2018-10-31 00:45:09",2911
"2018-10-31 01:45:11",2911
"2018-10-31 02:45:10",2911
"2018-10-31 03:45:08",2911
"2018-10-31 04:45:09",2911
"2018-10-31 05:45:09",2911
"2018-10-31 06:45:08",2911
"2018-10-31 07:45:07",2911
"2018-10-31 08:45:09",2911
"2018-10-31 09:45:08",2911
"2018-10-31 10:45:08",2911
"2018-10-31 11:45:09",2911
"2018-10-31 12:45:10",2911
"2018-10-31 14:11:46",2913
"2018-10-31 14:45:12",2913
"2018-10-31 15:45:11",2912
"2018-10-31 16:45:11",2910
"2018-10-31 17:45:09",2914
"2018-10-31 18:45:10",2914
"2018-10-31 19:45:10",2915
"2018-10-31 20:45:09",2916
"2018-10-31 21:45:09",2917
"2018-10-31 22:45:09",2918
"2018-10-31 23:45:10",2918
"2018-11-01 00:45:10",2918
"2018-11-01 01:45:09",2918
"2018-11-01 02:45:09",2918
"2018-11-01 03:45:09",2918
"2018-11-01 04:45:10",2918
"2018-11-01 05:45:09",2918
"2018-11-01 06:45:10",2918
"2018-11-01 07:45:09",2918
"2018-11-01 08:45:10",2918
"2018-11-01 09:45:11",2918
"2018-11-01 10:45:11",2917
"2018-11-01 11:45:09",2917
"2018-11-01 12:45:10",2917
"2018-11-01 13:45:12",2917
"2018-11-01 14:45:15",2925
"2018-11-01 15:45:15",2926
"2018-11-01 16:45:13",2929
"2018-11-01 17:45:11",2932
"2018-11-01 18:45:15",2931
"2018-11-01 19:45:15",2934
"2018-11-01 20:45:15",2932
"2018-11-01 21:45:12",2932
"2018-11-01 22:45:12",2932
"2018-11-01 23:45:11",2932
"2018-11-02 00:45:10",2932
"2018-11-02 01:45:10",2932
"2018-11-02 02:45:11",2932
"2018-11-02 03:45:13",2932
"2018-11-02 04:45:10",2932
"2018-11-02 05:45:10",2932
"2018-11-02 06:45:09",2932
"2018-11-02 07:45:10",2932
"2018-11-02 08:45:10",2932
"2018-11-02 09:45:11",2932
"2018-11-02 10:45:09",2932
"2018-11-02 11:45:08",2932
"2018-11-02 12:45:10",2932
"2018-11-02 14:09:48",2931
"2018-11-02 14:45:15",2931
"2018-11-02 15:45:14",2932
"2018-11-02 16:45:14",2929
"2018-11-02 17:45:16",2926
"2018-11-02 18:45:10",2926
"2018-11-02 19:45:12",2926
"2018-11-02 20:45:12",2926
"2018-11-02 21:45:11",2926
"2018-11-02 22:45:11",2927
"2018-11-02 23:45:11",2927
"2018-11-03 00:45:13",2927
"2018-11-03 01:45:11",2927
"2018-11-03 02:45:14",2927
"2018-11-03 03:45:11",2927
"2018-11-03 04:45:10",2927
"2018-11-03 05:45:11",2927
"2018-11-03 06:45:09",2927
"2018-11-03 07:45:09",2927
"2018-11-03 08:45:11",2927
"2018-11-03 09:45:11",2927
"2018-11-03 10:45:09",2926
"2018-11-03 11:45:11",2926
"2018-11-03 12:45:10",2926
"2018-11-03 13:45:09",2926
"2018-11-03 14:45:10",2926
"2018-11-03 15:45:10",2926
"2018-11-03 16:45:10",2926
"2018-11-03 17:45:19",2926
"2018-11-03 18:45:16",2926
"2018-11-03 19:45:11",2926
"2018-11-03 20:45:17",2926
"2018-11-03 21:46:13",2926
"2018-11-03 22:45:10",2926
"2018-11-03 23:45:11",2926
"2018-11-04 00:45:11",2926
"2018-11-04 01:45:11",2926
"2018-11-04 02:45:11",2926
"2018-11-04 03:45:11",2926
"2018-11-04 04:45:12",2926
"2018-11-04 05:45:10",2926
"2018-11-04 06:45:11",2926
"2018-11-04 07:45:10",2926
"2018-11-04 08:45:12",2926
"2018-11-04 09:45:09",2926
"2018-11-04 10:45:09",2926
"2018-11-04 11:45:10",2926
"2018-11-04 12:45:10",2926
"2018-11-04 13:45:10",2926
"2018-11-04 14:45:10",2926
"2018-11-04 15:45:10",2926
"2018-11-04 16:45:10",2926
"2018-11-04 17:45:11",2926
"2018-11-04 18:45:11",2926
"2018-11-04 19:45:11",2926
"2018-11-04 20:45:10",2926
"2018-11-04 21:45:10",2926
"2018-11-04 22:45:12",2926
"2018-11-04 23:45:11",2926
"2018-11-05 00:45:10",2925
"2018-11-05 01:45:11",2925
"2018-11-05 02:45:10",2925
"2018-11-05 03:45:13",2925
"2018-11-05 04:45:13",2925
"2018-11-05 05:45:12",2925
"2018-11-05 06:45:09",2925
"2018-11-05 07:45:13",2925
"2018-11-05 08:45:10",2925
"2018-11-05 09:45:10",2925
"2018-11-05 10:45:10",2925
"2018-11-05 11:45:09",2925
"2018-11-05 12:45:09",2925
"2018-11-05 13:45:10",2925
"2018-11-05 14:45:19",2925
"2018-11-05 15:45:13",2933
"2018-11-05 16:45:17",2931
"2018-11-05 17:45:10",2929
"2018-11-05 18:45:09",2928
"2018-11-05 19:45:10",2928
"2018-11-05 20:45:12",2928
"2018-11-05 21:45:14",2927
"2018-11-05 22:45:14",2927
"2018-11-05 23:45:10",2927
"2018-11-06 00:45:09",2927
"2018-11-06 01:45:10",2927
"2018-11-06 02:45:10",2927
"2018-11-06 03:45:12",2927
"2018-11-06 04:45:11",2927
"2018-11-06 05:45:11",2927
"2018-11-06 06:45:11",2927
"2018-11-06 07:45:12",2927
"2018-11-06 08:45:11",2927
"2018-11-06 09:45:11",2927
"2018-11-06 10:45:12",2927
"2018-11-06 11:45:11",2927
"2018-11-06 12:45:11",2927
"2018-11-06 13:45:12",2927
"2018-11-06 14:45:18",2927
"2018-11-06 15:45:19",2927
"2018-11-06 16:45:16",2927
"2018-11-06 17:45:22",2925
"2018-11-06 18:45:15",2925
"2018-11-06 19:45:12",2924
"2018-11-06 20:45:14",2926
"2018-11-06 21:45:12",2924
"2018-11-06 22:45:14",2924
"2018-11-06 23:45:12",2924
"2018-11-07 00:45:13",2924
"2018-11-07 01:45:11",2924
"2018-11-07 02:45:13",2924
"2018-11-07 03:45:12",2924
"2018-11-07 04:45:11",2924
"2018-11-07 05:45:12",2924
"2018-11-07 06:45:11",2924
"2018-11-07 07:45:12",2924
"2018-11-07 08:45:11",2924
"2018-11-07 09:45:10",2924
"2018-11-07 10:45:11",2924
"2018-11-07 11:45:12",2924
"2018-11-07 12:45:12",2924
"2018-11-07 13:45:11",2924
"2018-11-07 14:45:19",2924
"2018-11-07 15:45:14",2922
"2018-11-07 16:45:12",2918
"2018-11-07 17:45:17",2909
"2018-11-07 18:45:16",2906
"2018-11-07 19:45:16",2904
"2018-11-07 20:45:15",2900
"2018-11-07 21:45:12",2896
"2018-11-07 22:45:13",2897
"2018-11-07 23:45:12",2898
"2018-11-08 00:45:11",2898
"2018-11-08 01:45:13",2898
"2018-11-08 02:45:12",2898
"2018-11-08 03:45:12",2898
"2018-11-08 04:45:12",2898
"2018-11-08 05:45:12",2898
"2018-11-08 06:45:24",2898
"2018-11-08 07:45:12",2898
"2018-11-08 08:45:12",2898
"2018-11-08 09:45:11",2898
"2018-11-08 10:45:11",2898
"2018-11-08 11:45:11",2898
"2018-11-08 12:45:12",2898
"2018-11-08 13:45:11",2898
"2018-11-08 14:45:16",2898
"2018-11-08 15:45:16",2896
"2018-11-08 16:45:16",2894
"2018-11-08 17:45:12",2898
"2018-11-08 18:45:11",2899
"2018-11-08 19:45:13",2899
"2018-11-08 20:45:17",2899
"2018-11-08 21:45:15",2898
"2018-11-08 22:45:12",2899
"2018-11-08 23:45:12",2899
"2018-11-09 00:45:13",2899
"2018-11-09 01:45:12",2899
"2018-11-09 02:45:13",2899
"2018-11-09 03:45:13",2899
"2018-11-09 04:45:13",2899
"2018-11-09 05:45:13",2899
"2018-11-09 06:45:11",2899
"2018-11-09 07:45:12",2899
"2018-11-09 08:45:11",2899
"2018-11-09 09:45:11",2899
"2018-11-09 10:45:11",2899
"2018-11-09 11:45:11",2899
"2018-11-09 12:45:12",2899
"2018-11-09 13:45:10",2899
"2018-11-09 15:09:17",2897
"2018-11-09 15:45:15",2897
"2018-11-09 16:45:15",2895
"2018-11-09 17:45:13",2893
"2018-11-09 18:45:12",2894
"2018-11-09 19:45:36",2895
"2018-11-09 20:45:16",2896
"2018-11-09 21:45:14",2894
"2018-11-09 22:45:14",2893
"2018-11-09 23:45:12",2893
"2018-11-10 00:45:12",2893
"2018-11-10 01:45:13",2893
"2018-11-10 02:45:11",2893
"2018-11-10 03:45:12",2893
"2018-11-10 04:45:12",2893
"2018-11-10 05:45:11",2893
"2018-11-10 06:45:11",2893
"2018-11-10 07:45:11",2893
"2018-11-10 08:45:11",2893
"2018-11-10 09:45:12",2893
"2018-11-10 10:45:10",2893
"2018-11-10 11:45:12",2893
"2018-11-10 12:45:10",2893
"2018-11-10 13:45:11",2893
"2018-11-10 14:45:12",2893
"2018-11-10 15:45:16",2893
"2018-11-10 16:45:13",2893
"2018-11-10 17:45:13",2893
"2018-11-10 18:45:15",2893
"2018-11-10 19:45:14",2893
"2018-11-10 20:45:12",2893
"2018-11-10 21:45:13",2893
"2018-11-10 22:45:13",2893
"2018-11-10 23:45:12",2893
"2018-11-11 00:45:13",2893
"2018-11-11 01:45:13",2893
"2018-11-11 02:45:11",2893
"2018-11-11 03:45:13",2893
"2018-11-11 04:45:11",2893
"2018-11-11 05:45:13",2893
"2018-11-11 06:45:11",2893
"2018-11-11 07:45:13",2893
"2018-11-11 08:45:11",2893
"2018-11-11 09:45:14",2893
"2018-11-11 10:45:13",2893
"2018-11-11 11:45:11",2893
"2018-11-11 12:45:12",2893
"2018-11-11 13:45:11",2893
"2018-11-11 14:45:13",2893
"2018-11-11 15:45:13",2893
"2018-11-11 16:45:12",2893
"2018-11-11 17:45:13",2893
"2018-11-11 18:45:12",2893
"2018-11-11 19:45:11",2893
"2018-11-11 20:45:13",2893
"2018-11-11 21:45:11",2893
"2018-11-11 22:45:13",2893
"2018-11-11 23:45:11",2893
"2018-11-12 00:45:14",2893
"2018-11-12 01:45:10",2893
"2018-11-12 02:45:13",2893
"2018-11-12 03:45:13",2893
"2018-11-12 04:45:12",2893
"2018-11-12 05:45:13",2893
"2018-11-12 06:45:13",2893
"2018-11-12 07:45:12",2893
"2018-11-12 08:45:13",2893
"2018-11-12 09:45:12",2893
"2018-11-12 10:45:13",2893
"2018-11-12 11:45:14",2893
"2018-11-12 12:45:11",2893
"2018-11-12 13:45:12",2893
"2018-11-12 14:45:16",2892
"2018-11-12 15:45:13",2895
"2018-11-12 16:45:15",2895
"2018-11-12 17:45:11",2892
"2018-11-12 18:45:12",2891
"2018-11-12 19:45:14",2888
"2018-11-12 20:45:13",2887
"2018-11-12 21:45:12",2885
"2018-11-12 22:45:57",2884
"2018-11-12 23:45:11",2882
"2018-11-13 00:45:14",2882
"2018-11-13 01:45:12",2882
"2018-11-13 02:45:14",2882
"2018-11-13 03:45:13",2882
"2018-11-13 04:45:12",2882
"2018-11-13 05:45:11",2882
"2018-11-13 06:45:12",2882
"2018-11-13 07:45:13",2882
"2018-11-13 08:45:15",2882
"2018-11-13 09:45:13",2882
"2018-11-13 10:45:13",2882
"2018-11-13 11:45:13",2881
"2018-11-13 12:45:12",2881
"2018-11-13 13:45:11",2881
"2018-11-13 14:45:16",2880
"2018-11-13 15:45:14",2875
"2018-11-13 16:45:13",2877
"2018-11-13 17:45:13",2875
"2018-11-13 18:45:11",2873
"2018-11-13 19:45:12",2872
"2018-11-13 20:45:12",2872
"2018-11-13 21:45:12",2874
"2018-11-13 22:45:11",2878
"2018-11-13 23:45:12",2879
"2018-11-14 00:45:12",2879
"2018-11-14 01:45:12",2879
"2018-11-14 02:45:11",2879
"2018-11-14 03:45:12",2879
"2018-11-14 04:45:11",2879
"2018-11-14 05:45:12",2879
"2018-11-14 06:45:12",2879
"2018-11-14 07:45:12",2879
"2018-11-14 08:45:12",2879
"2018-11-14 09:45:12",2879
"2018-11-14 10:45:12",2879
"2018-11-14 11:45:14",2879
"2018-11-14 12:45:12",2879
"2018-11-14 13:45:12",2879
"2018-11-14 14:45:15",2879
"2018-11-14 15:45:15",2879
"2018-11-14 16:45:16",2876
"2018-11-14 17:45:15",2877
"2018-11-14 18:45:18",2875
"2018-11-14 19:45:15",2876
"2018-11-14 20:45:15",2873
"2018-11-14 21:45:16",2876
"2018-11-14 22:45:15",2877
"2018-11-14 23:45:14",2875
"2018-11-15 00:45:12",2875
"2018-11-15 01:45:13",2875
"2018-11-15 02:45:13",2875
"2018-11-15 03:45:12",2875
"2018-11-15 04:45:13",2875
"2018-11-15 05:45:13",2875
"2018-11-15 06:45:12",2875
"2018-11-15 07:45:11",2875
"2018-11-15 08:45:12",2875
"2018-11-15 09:45:12",2875
"2018-11-15 10:45:12",2875
"2018-11-15 11:45:12",2875
"2018-11-15 12:45:11",2875
"2018-11-15 13:45:12",2875
"2018-11-15 14:45:15",2875
"2018-11-15 15:45:14",2873
"2018-11-15 16:45:12",2872
"2018-11-15 17:45:17",2869
"2018-11-15 18:45:13",2872
"2018-11-15 19:45:11",2876
"2018-11-15 20:45:16",2878
"2018-11-15 21:45:18",2885
"2018-11-15 22:45:15",2884
"2018-11-15 23:45:13",2885
"2018-11-16 00:45:12",2885
"2018-11-16 01:45:12",2885
"2018-11-16 02:45:11",2885
"2018-11-16 03:45:12",2885
"2018-11-16 04:45:12",2885
"2018-11-16 05:45:11",2885
"2018-11-16 06:45:13",2884
"2018-11-16 07:45:13",2884
"2018-11-16 08:45:12",2884
"2018-11-16 09:45:12",2884
"2018-11-16 10:45:12",2884
"2018-11-16 11:45:11",2884
"2018-11-16 12:45:11",2884
"2018-11-16 13:45:12",2884
"2018-11-16 14:45:17",2885
"2018-11-16 15:45:14",2876
"2018-11-16 16:45:13",2876
"2018-11-16 17:45:13",2872
"2018-11-16 18:45:12",2872
"2018-11-16 19:45:12",2870
"2018-11-16 20:45:24",2872
"2018-11-16 21:45:15",2871
"2018-11-16 22:45:15",2871
"2018-11-16 23:45:14",2870
"2018-11-17 00:45:15",2870
"2018-11-17 01:45:12",2870
"2018-11-17 02:45:11",2870
"2018-11-17 03:45:16",2870
"2018-11-17 04:45:12",2870
"2018-11-17 05:45:13",2870
"2018-11-17 06:45:14",2870
"2018-11-17 07:45:11",2870
"2018-11-17 08:45:12",2870
"2018-11-17 09:45:12",2870
"2018-11-17 10:45:12",2870
"2018-11-17 11:45:12",2870
"2018-11-17 12:45:13",2870
"2018-11-17 13:45:13",2870
"2018-11-17 14:45:15",2870
"2018-11-17 15:45:13",2870
"2018-11-17 16:45:11",2870
"2018-11-17 17:45:15",2870
"2018-11-17 18:45:12",2870
"2018-11-17 19:45:12",2870
"2018-11-17 20:45:12",2870
"2018-11-17 21:45:12",2870
"2018-11-17 22:45:11",2870
"2018-11-17 23:45:12",2870
"2018-11-18 00:45:11",2870
"2018-11-18 01:45:12",2870
"2018-11-18 02:45:12",2870
"2018-11-18 03:45:13",2870
"2018-11-18 04:45:11",2870
"2018-11-18 05:45:11",2870
"2018-11-18 06:45:13",2870
"2018-11-18 07:45:11",2870
"2018-11-18 08:45:11",2870
"2018-11-18 09:45:12",2870
"2018-11-18 10:45:11",2870
"2018-11-18 11:45:12",2870
"2018-11-18 12:45:11",2870
"2018-11-18 13:45:11",2870
"2018-11-18 14:45:12",2870
"2018-11-18 15:45:12",2870
"2018-11-18 16:45:12",2870
"2018-11-18 17:45:12",2870
"2018-11-18 18:45:12",2870
"2018-11-18 19:45:11",2870
"2018-11-18 20:45:12",2870
"2018-11-18 21:45:12",2870
"2018-11-18 22:45:12",2870
"2018-11-18 23:45:13",2870
"2018-11-19 00:45:12",2870
"2018-11-19 01:45:12",2870
"2018-11-19 02:45:12",2870
"2018-11-19 03:45:12",2870
"2018-11-19 04:45:12",2870
"2018-11-19 05:45:11",2870
"2018-11-19 06:45:11",2870
"2018-11-19 07:45:12",2870
"2018-11-19 08:45:11",2870
"2018-11-19 09:45:11",2870
"2018-11-19 10:45:13",2870
"2018-11-19 12:45:12",2870
"2018-11-19 13:45:12",2870
"2018-11-19 14:45:15",2871
"2018-11-19 15:45:12",2871
"2018-11-19 16:45:17",2868
"2018-11-19 17:45:16",2868
"2018-11-19 18:45:15",2865
"2018-11-19 19:45:14",2865
"2018-11-19 20:45:13",2865
"2018-11-19 21:45:12",2864
"2018-11-19 22:45:13",2864
"2018-11-19 23:45:13",2865
"2018-11-20 00:45:13",2865
"2018-11-20 01:45:13",2865
"2018-11-20 02:45:14",2865
"2018-11-20 03:45:14",2865
"2018-11-20 04:45:12",2865
"2018-11-20 05:45:11",2865
"2018-11-20 06:45:13",2865
"2018-11-20 07:45:12",2865
"2018-11-20 08:45:13",2865
"2018-11-20 09:45:13",2865
"2018-11-20 10:45:12",2865
"2018-11-20 11:45:11",2865
"2018-11-20 12:45:12",2865
"2018-11-20 13:45:14",2865
"2018-11-20 14:45:17",2865
"2018-11-20 15:45:20",2858
"2018-11-20 16:45:12",2853
"2018-11-20 17:45:12",2852
"2018-11-20 18:45:17",2853
"2018-11-20 19:45:14",2850
"2018-11-20 20:45:14",2849
"2018-11-20 21:45:18",2846
"2018-11-20 22:45:13",2846
"2018-11-20 23:45:12",2846
"2018-11-21 00:45:10",2846
"2018-11-21 01:45:11",2846
"2018-11-21 02:45:11",2846
"2018-11-21 03:45:12",2846
"2018-11-21 04:45:12",2846
"2018-11-21 05:45:14",2846
"2018-11-21 06:45:14",2846
"2018-11-21 07:45:14",2846
"2018-11-21 08:45:13",2846
"2018-11-21 09:45:11",2846
"2018-11-21 10:45:11",2846
"2018-11-21 11:45:11",2846
"2018-11-21 12:45:11",2846
"2018-11-21 13:45:10",2846
"2018-11-21 14:45:16",2848
"2018-11-21 16:45:16",2844
"2018-11-21 17:45:17",2844
"2018-11-21 18:45:12",2849
"2018-11-21 19:45:14",2849
"2018-11-21 20:45:14",2848
"2018-11-21 21:45:13",2850
"2018-11-21 22:45:13",2850
"2018-11-21 23:45:11",2849
"2018-11-22 00:45:11",2849
"2018-11-22 01:45:11",2849
"2018-11-22 02:45:13",2849
"2018-11-22 03:45:12",2849
"2018-11-22 04:45:13",2849
"2018-11-22 05:45:11",2849
"2018-11-22 06:45:12",2849
"2018-11-22 07:45:12",2849
"2018-11-22 08:45:11",2849
"2018-11-22 09:45:11",2849
"2018-11-22 10:45:12",2849
"2018-11-22 11:45:13",2849
"2018-11-22 12:45:12",2849
"2018-11-22 13:45:12",2849
"2018-11-22 14:45:11",2849
"2018-11-22 15:45:12",2849
"2018-11-22 16:45:10",2849
"2018-11-22 17:45:13",2849
"2018-11-22 18:45:11",2849
"2018-11-22 19:45:11",2849
"2018-11-22 20:45:12",2849
"2018-11-22 21:45:12",2849
"2018-11-22 22:45:12",2849
"2018-11-22 23:45:11",2849
"2018-11-23 00:45:11",2849
"2018-11-23 01:45:11",2849
"2018-11-23 02:45:11",2849
"2018-11-23 03:45:12",2849
"2018-11-23 04:45:12",2849
"2018-11-23 05:45:12",2849
"2018-11-23 06:45:12",2849
"2018-11-23 07:45:11",2849
"2018-11-23 08:45:11",2849
"2018-11-23 09:45:12",2849
"2018-11-23 10:45:12",2849
"2018-11-23 11:45:13",2849
"2018-11-23 12:45:12",2849
"2018-11-23 13:45:11",2849
"2018-11-23 14:45:13",2849
"2018-11-23 15:45:12",2845
"2018-11-23 16:45:11",2846
"2018-11-23 17:45:11",2845
"2018-11-23 18:45:11",2845
"2018-11-23 19:45:12",2846
"2018-11-23 20:45:12",2846
"2018-11-23 21:45:13",2846
"2018-11-23 22:45:12",2846
"2018-11-23 23:45:13",2846
"2018-11-24 00:45:12",2846
"2018-11-24 01:45:13",2846
"2018-11-24 02:45:15",2846
"2018-11-24 03:45:13",2846
"2018-11-24 04:45:14",2846
"2018-11-24 05:45:14",2846
"2018-11-24 06:45:13",2846
"2018-11-24 07:45:12",2846
"2018-11-24 08:45:13",2846
"2018-11-24 09:45:11",2846
"2018-11-24 10:45:11",2846
"2018-11-24 11:45:13",2846
"2018-11-24 12:45:12",2846
"2018-11-24 13:45:11",2846
"2018-11-24 14:45:12",2846
"2018-11-24 15:45:13",2846
"2018-11-24 16:45:11",2846
"2018-11-24 17:45:13",2846
"2018-11-24 18:45:12",2846
"2018-11-24 19:45:11",2846
"2018-11-24 20:45:13",2846
"2018-11-24 21:45:12",2846
"2018-11-24 22:45:12",2846
"2018-11-24 23:45:13",2846
"2018-11-25 00:45:13",2846
"2018-11-25 01:45:12",2846
"2018-11-25 02:45:12",2846
"2018-11-25 03:45:12",2846
"2018-11-25 04:45:13",2846
"2018-11-25 05:45:12",2846
"2018-11-25 06:45:12",2846
"2018-11-25 07:45:12",2846
"2018-11-25 08:45:11",2846
"2018-11-25 09:45:12",2846
"2018-11-25 10:45:12",2846
"2018-11-25 11:45:13",2846
"2018-11-25 12:45:11",2846
"2018-11-25 13:45:12",2846
"2018-11-25 14:45:13",2846
"2018-11-25 15:45:12",2846
"2018-11-25 16:45:13",2846
"2018-11-25 17:45:13",2846
"2018-11-25 18:45:13",2846
"2018-11-25 19:45:14",2846
"2018-11-25 20:45:12",2846
"2018-11-25 21:45:12",2846
"2018-11-25 22:45:12",2846
"2018-11-25 23:45:12",2846
"2018-11-26 00:45:11",2846
"2018-11-26 01:45:13",2846
"2018-11-26 02:45:14",2846
"2018-11-26 03:45:12",2846
"2018-11-26 04:45:12",2846
"2018-11-26 05:45:12",2846
"2018-11-26 06:45:11",2846
"2018-11-26 07:45:11",2846
"2018-11-26 08:45:11",2846
"2018-11-26 09:45:12",2846
"2018-11-26 10:45:12",2846
"2018-11-26 11:45:12",2846
"2018-11-26 12:45:12",2846
"2018-11-26 13:45:11",2846
"2018-11-26 14:45:18",2846
"2018-11-26 15:45:13",2851
"2018-11-26 16:45:13",2854
"2018-11-26 17:45:13",2856
"2018-11-26 18:45:13",2857
"2018-11-26 19:45:12",2856
"2018-11-26 20:45:14",2857
"2018-11-26 21:45:10",2856
"2018-11-26 22:45:17",2856
"2018-11-26 23:45:16",2856
"2018-11-27 00:45:15",2856
"2018-11-27 01:45:14",2856
"2018-11-27 02:45:14",2856
"2018-11-27 03:45:11",2856
"2018-11-27 04:45:12",2856
"2018-11-27 05:45:12",2856
"2018-11-27 06:45:12",2856
"2018-11-27 07:45:11",2856
"2018-11-27 08:45:11",2856
"2018-11-27 09:45:11",2856
"2018-11-27 10:47:00",2856
"2018-11-27 11:45:11",2856
"2018-11-27 12:45:11",2856
"2018-11-27 13:45:12",2856
"2018-11-27 14:45:17",2856
"2018-11-27 15:45:14",2855
"2018-11-27 16:45:17",2855
"2018-11-27 17:45:16",2853
"2018-11-27 18:45:15",2852
"2018-11-27 19:45:15",2854
"2018-11-27 20:45:13",2856
"2018-11-27 21:45:16",2854
"2018-11-27 22:45:15",2854
"2018-11-27 23:45:15",2854
"2018-11-28 00:45:14",2854
"2018-11-28 01:45:14",2854
"2018-11-28 02:45:13",2854
"2018-11-28 03:45:15",2854
"2018-11-28 04:45:16",2854
"2018-11-28 05:45:14",2854
"2018-11-28 06:45:13",2854
"2018-11-28 07:45:12",2854
"2018-11-28 08:45:15",2854
"2018-11-28 09:45:16",2854
"2018-11-28 10:45:13",2854
"2018-11-28 11:45:12",2854
"2018-11-28 12:45:13",2854
"2018-11-28 14:10:16",2854
"2018-11-28 14:45:15",2854
"2018-11-28 15:45:20",2848
"2018-11-28 16:45:16",2847
"2018-11-28 17:45:19",2848
"2018-11-28 18:45:17",2848
"2018-11-28 19:45:14",2849
"2018-11-28 20:45:16",2850
"2018-11-28 21:45:12",2850
"2018-11-28 22:45:12",2849
"2018-11-28 23:45:10",2849
"2018-11-29 00:45:12",2849
"2018-11-29 01:45:14",2849
"2018-11-29 02:45:13",2849
"2018-11-29 03:45:12",2849
"2018-11-29 04:45:11",2849
"2018-11-29 05:45:12",2849
"2018-11-29 06:45:12",2849
"2018-11-29 07:45:11",2849
"2018-11-29 08:45:10",2849
"2018-11-29 09:45:12",2849
"2018-11-29 10:45:12",2849
"2018-11-29 11:45:11",2849
"2018-11-29 12:45:12",2849
"2018-11-29 13:45:13",2849
"2018-11-29 15:10:24",2855
"2018-11-29 15:45:14",2855
"2018-11-29 16:45:15",2856
"2018-11-29 17:45:19",2854
"2018-11-29 18:45:19",2853
"2018-11-29 19:45:15",2854
"2018-11-29 20:45:13",2851
"2018-11-29 21:45:15",2845
"2018-11-29 22:45:14",2846
"2018-11-29 23:45:15",2846
"2018-11-30 00:45:16",2846
"2018-11-30 01:45:16",2846
"2018-11-30 02:45:12",2846
"2018-11-30 03:45:16",2846
"2018-11-30 04:45:13",2846
"2018-11-30 05:45:16",2846
"2018-11-30 06:45:15",2846
"2018-11-30 07:45:13",2846
"2018-11-30 08:45:12",2846
"2018-11-30 09:45:14",2846
"2018-11-30 10:45:14",2846
"2018-11-30 11:45:12",2846
"2018-11-30 12:45:13",2846
"2018-11-30 13:45:12",2846
"2018-11-30 14:45:17",2846
"2018-11-30 15:45:16",2847
"2018-11-30 16:45:15",2844
"2018-11-30 17:45:15",2844
"2018-11-30 18:45:13",2843
"2018-11-30 19:45:14",2842
"2018-11-30 20:45:15",2841
"2018-11-30 21:45:14",2844
"2018-11-30 22:45:17",2844
"2018-11-30 23:45:15",2844
"2018-12-01 00:45:13",2842
"2018-12-01 01:45:13",2842
"2018-12-01 02:45:12",2842
"2018-12-01 03:45:13",2842
"2018-12-01 04:45:12",2842
"2018-12-01 05:45:14",2842
"2018-12-01 06:45:12",2842
"2018-12-01 07:45:12",2842
"2018-12-01 08:45:12",2842
"2018-12-01 09:45:12",2842
"2018-12-01 10:45:12",2842
"2018-12-01 11:45:13",2842
"2018-12-01 12:45:13",2842
"2018-12-01 13:45:13",2842
"2018-12-01 14:45:13",2842
"2018-12-01 15:45:13",2842
"2018-12-01 16:45:13",2842
"2018-12-01 17:45:12",2842
"2018-12-01 18:45:13",2842
"2018-12-01 19:45:12",2842
"2018-12-01 20:45:13",2842
"2018-12-01 21:45:12",2842
"2018-12-01 22:45:18",2842
"2018-12-01 23:45:14",2842
"2018-12-02 00:45:11",2842
"2018-12-02 01:45:12",2842
"2018-12-02 02:45:12",2842
"2018-12-02 03:45:13",2842
"2018-12-02 04:45:12",2842
"2018-12-02 05:45:13",2842
"2018-12-02 06:45:12",2842
"2018-12-02 07:45:15",2842
"2018-12-02 08:45:15",2842
"2018-12-02 09:45:12",2842
"2018-12-02 10:45:14",2842
"2018-12-02 11:45:13",2842
"2018-12-02 12:45:11",2842
"2018-12-02 13:45:12",2842
"2018-12-02 14:45:11",2842
"2018-12-02 15:45:13",2842
"2018-12-02 16:45:12",2842
"2018-12-02 17:45:12",2842
"2018-12-02 18:45:12",2842
"2018-12-02 19:45:12",2842
"2018-12-02 20:45:12",2842
"2018-12-02 21:45:12",2842
"2018-12-02 22:45:11",2842
"2018-12-02 23:45:12",2842
"2018-12-03 00:45:13",2842
"2018-12-03 01:45:12",2842
"2018-12-03 02:45:12",2842
"2018-12-03 03:45:13",2842
"2018-12-03 04:45:14",2842
"2018-12-03 05:45:11",2842
"2018-12-03 06:45:15",2842
"2018-12-03 07:45:13",2842
"2018-12-03 08:45:12",2842
"2018-12-03 09:45:14",2842
"2018-12-03 10:45:13",2842
"2018-12-03 11:45:13",2842
"2018-12-03 12:45:11",2842
"2018-12-03 13:45:12",2842
"2018-12-03 14:45:21",2842
"2018-12-03 15:45:14",2846
"2018-12-03 16:45:17",2845
"2018-12-03 17:45:17",2844
"2018-12-03 18:45:14",2841
"2018-12-03 19:45:12",2837
"2018-12-03 20:45:13",2834
"2018-12-03 21:45:12",2832
"2018-12-03 22:45:16",2831
"2018-12-03 23:45:18",2831
"2018-12-04 00:45:15",2831
"2018-12-04 01:45:13",2831
"2018-12-04 02:45:14",2831
"2018-12-04 03:45:14",2831
"2018-12-04 04:45:13",2831
"2018-12-04 05:45:18",2831
"2018-12-04 06:45:15",2831
"2018-12-04 07:45:14",2831
"2018-12-04 08:45:14",2831
"2018-12-04 09:45:12",2831
"2018-12-04 10:45:11",2831
"2018-12-04 11:45:12",2831
"2018-12-04 12:45:13",2831
"2018-12-04 13:45:13",2831
"2018-12-04 15:11:48",2830
"2018-12-04 15:45:16",2830
"2018-12-04 16:45:13",2829
"2018-12-04 17:45:15",2831
"2018-12-04 18:45:14",2830
"2018-12-04 19:45:16",2834
"2018-12-04 20:45:15",2834
"2018-12-04 21:45:15",2834
"2018-12-04 22:45:18",2836
"2018-12-04 23:45:17",2836
"2018-12-05 00:45:16",2836
"2018-12-05 01:45:17",2836
"2018-12-05 02:45:16",2836
"2018-12-05 03:45:15",2836
"2018-12-05 04:45:19",2836
"2018-12-05 05:45:19",2836
"2018-12-05 06:45:15",2836
"2018-12-05 07:45:13",2836
"2018-12-05 08:45:13",2836
"2018-12-05 09:45:12",2836
"2018-12-05 10:45:14",2836
"2018-12-05 11:45:13",2836
"2018-12-05 12:45:12",2836
"2018-12-05 13:45:12",2836
"2018-12-05 14:45:12",2836
"2018-12-05 15:45:15",2836
"2018-12-05 16:45:13",2836
"2018-12-05 17:45:13",2836
"2018-12-05 18:45:13",2836
"2018-12-05 19:45:16",2836
"2018-12-05 20:45:15",2836
"2018-12-05 21:45:16",2836
"2018-12-05 22:45:16",2836
"2018-12-05 23:45:17",2836
"2018-12-06 00:45:16",2836
"2018-12-06 01:45:15",2836
"2018-12-06 02:45:13",2836
"2018-12-06 03:45:14",2836
"2018-12-06 04:45:11",2836
"2018-12-06 05:45:13",2836
"2018-12-06 06:45:13",2836
"2018-12-06 07:45:11",2836
"2018-12-06 08:45:15",2836
"2018-12-06 09:45:15",2836
"2018-12-06 10:45:12",2836
"2018-12-06 11:45:14",2836
"2018-12-06 12:45:15",2836
"2018-12-06 13:45:14",2836
"2018-12-06 14:45:17",2836
"2018-12-06 15:45:15",2833
"2018-12-06 16:45:15",2832
"2018-12-06 17:45:17",2831
"2018-12-06 18:45:14",2832
"2018-12-06 19:45:14",2832
"2018-12-06 20:45:13",2833
"2018-12-06 21:45:14",2833
"2018-12-06 22:45:12",2834
"2018-12-06 23:45:19",2834
"2018-12-07 00:45:21",2834
"2018-12-07 01:45:20",2834
"2018-12-07 02:45:17",2834
"2018-12-07 03:45:20",2834
"2018-12-07 04:45:22",2834
"2018-12-07 05:45:19",2834
"2018-12-07 06:45:20",2834
"2018-12-07 07:45:17",2834
"2018-12-07 08:45:17",2834
"2018-12-07 09:45:18",2834
"2018-12-07 10:45:17",2834
"2018-12-07 11:45:17",2834
"2018-12-07 12:45:19",2834
"2018-12-07 14:10:18",2834
"2018-12-07 14:45:24",2834
"2018-12-07 16:10:26",2829
"2018-12-07 16:45:19",2829
"2018-12-07 17:45:20",2830
"2018-12-07 18:45:19",2829
"2018-12-07 19:45:22",2829
"2018-12-07 20:45:21",2826
"2018-12-07 21:45:19",2826
"2018-12-07 22:45:22",2827
"2018-12-07 23:45:23",2827
"2018-12-08 00:45:20",2827
"2018-12-08 01:45:18",2827
"2018-12-08 03:45:22",2827
"2018-12-08 04:45:20",2827
"2018-12-08 05:45:21",2827
"2018-12-08 06:45:18",2827
"2018-12-08 07:45:20",2827
"2018-12-08 08:45:19",2827
"2018-12-08 09:45:18",2827
"2018-12-08 10:45:19",2827
"2018-12-08 11:45:19",2827
"2018-12-08 12:45:20",2827
"2018-12-08 13:45:18",2827
"2018-12-08 14:45:19",2827
"2018-12-08 15:45:19",2827
"2018-12-08 16:45:20",2827
"2018-12-08 17:45:20",2827
"2018-12-08 18:45:18",2827
"2018-12-08 19:45:19",2827
"2018-12-08 20:45:25",2827
"2018-12-08 21:45:23",2827
"2018-12-08 22:45:19",2827
"2018-12-08 23:45:21",2827
"2018-12-09 00:45:19",2827
"2018-12-09 01:45:22",2827
"2018-12-09 02:45:20",2827
"2018-12-09 03:45:19",2827
"2018-12-09 04:45:18",2827
"2018-12-09 05:45:18",2827
"2018-12-09 06:45:19",2827
"2018-12-09 07:45:21",2827
"2018-12-09 08:45:20",2827
"2018-12-09 09:45:24",2827
"2018-12-09 10:45:19",2827
"2018-12-09 11:45:21",2827
"2018-12-09 12:45:19",2827
"2018-12-09 13:45:19",2827
"2018-12-09 14:45:18",2827
"2018-12-09 15:45:20",2827
"2018-12-09 16:45:18",2827
"2018-12-09 17:45:18",2827
"2018-12-09 18:45:19",2827
"2018-12-09 19:45:18",2827
"2018-12-09 20:45:19",2827
"2018-12-09 21:45:18",2827
"2018-12-09 22:45:24",2827
"2018-12-09 23:45:21",2827
"2018-12-10 00:45:21",2827
"2018-12-10 01:45:18",2827
"2018-12-10 02:45:18",2827
"2018-12-10 03:45:19",2827
"2018-12-10 04:45:22",2827
"2018-12-10 05:45:18",2827
"2018-12-10 06:45:24",2827
"2018-12-10 07:45:23",2827
"2018-12-10 08:45:20",2827
"2018-12-10 09:45:19",2827
"2018-12-10 10:45:19",2827
"2018-12-10 11:45:18",2827
"2018-12-10 12:45:20",2827
"2018-12-10 13:45:25",2827
"2018-12-10 15:08:56",2826
"2018-12-10 15:45:17",2826
"2018-12-10 16:45:19",2825
"2018-12-10 17:45:21",2825
"2018-12-10 18:45:19",2825
"2018-12-10 19:45:20",2822
"2018-12-10 20:45:17",2822
"2018-12-10 21:45:20",2821
"2018-12-10 22:45:18",2821
"2018-12-10 23:45:20",2821
"2018-12-11 00:45:19",2821
"2018-12-11 01:45:17",2821
"2018-12-11 02:45:19",2821
"2018-12-11 03:45:19",2821
"2018-12-11 04:45:17",2821
"2018-12-11 05:45:21",2821
"2018-12-11 06:45:20",2821
"2018-12-11 07:45:19",2821
"2018-12-11 08:45:19",2821
"2018-12-11 09:45:18",2821
"2018-12-11 10:45:18",2821
"2018-12-11 11:45:19",2821
"2018-12-11 12:45:19",2821
"2018-12-11 13:45:17",2821
"2018-12-11 15:09:52",2818
"2018-12-11 15:45:19",2818
"2018-12-11 16:45:19",2817
"2018-12-11 17:45:19",2816
"2018-12-11 18:45:19",2815
"2018-12-11 19:45:20",2816
"2018-12-11 20:45:18",2816
"2018-12-11 21:45:22",2814
"2018-12-11 22:45:20",2813
"2018-12-11 23:45:20",2813
"2018-12-12 00:45:17",2813
"2018-12-12 01:45:17",2813
"2018-12-12 02:45:19",2813
"2018-12-12 03:45:18",2813
"2018-12-12 04:45:17",2813
"2018-12-12 05:45:17",2813
"2018-12-12 06:45:18",2813
"2018-12-12 07:45:18",2813
"2018-12-12 08:45:18",2813
"2018-12-12 09:45:18",2813
"2018-12-12 10:45:18",2813
"2018-12-12 11:45:22",2813
"2018-12-12 12:45:23",2813
"2018-12-12 14:10:57",2813
"2018-12-12 14:45:23",2813
"2018-12-12 15:45:20",2813
"2018-12-12 16:45:21",2818
"2018-12-12 17:45:21",2818
"2018-12-12 18:45:18",2818
"2018-12-12 19:45:20",2817
"2018-12-12 20:45:18",2817
"2018-12-12 21:45:19",2818
"2018-12-12 22:45:21",2818
"2018-12-12 23:45:20",2819
"2018-12-13 00:45:18",2819
"2018-12-13 01:45:19",2819
"2018-12-13 02:45:20",2819
"2018-12-13 03:45:18",2819
"2018-12-13 04:45:26",2819
"2018-12-13 05:45:23",2819
"2018-12-13 06:45:21",2819
"2018-12-13 07:45:19",2819
"2018-12-13 08:45:17",2819
"2018-12-13 09:45:19",2819
"2018-12-13 10:45:18",2819
"2018-12-13 11:45:18",2819
"2018-12-13 12:45:17",2819
"2018-12-13 14:09:22",2817
"2018-12-13 14:45:21",2817
"2018-12-13 15:45:21",2807
"2018-12-13 16:45:18",2807
"2018-12-13 17:45:22",2806
"2018-12-13 18:45:21",2805
"2018-12-13 19:45:21",2801
"2018-12-13 20:45:20",2800
"2018-12-13 21:45:18",2797
"2018-12-13 22:45:20",2797
"2018-12-13 23:45:19",2797
"2018-12-14 00:45:18",2797
"2018-12-14 01:45:19",2797
"2018-12-14 02:45:18",2797
"2018-12-14 03:45:17",2797
"2018-12-14 04:45:23",2797
"2018-12-14 05:45:19",2797
"2018-12-14 06:45:20",2797
"2018-12-14 07:45:20",2797
"2018-12-14 08:45:18",2797
"2018-12-14 09:45:19",2797
"2018-12-14 10:45:19",2797
"2018-12-14 11:45:20",2797
"2018-12-14 12:45:18",2797
"2018-12-14 14:09:23",2797
"2018-12-14 14:45:24",2797
"2018-12-14 15:45:21",2798
"2018-12-14 16:45:20",2799
"2018-12-14 17:45:22",2798
"2018-12-14 18:45:25",2799
"2018-12-14 19:45:25",2798
"2018-12-14 20:45:25",2798
"2018-12-14 21:45:20",2798
"2018-12-14 22:45:23",2798
"2018-12-14 23:45:21",2798
"2018-12-15 00:45:20",2798
"2018-12-15 01:45:22",2798
"2018-12-15 02:45:19",2798
"2018-12-15 03:45:20",2798
"2018-12-15 04:45:19",2798
"2018-12-15 05:45:23",2798
"2018-12-15 06:45:21",2798
"2018-12-15 07:45:20",2798
"2018-12-15 08:45:19",2798
"2018-12-15 09:45:19",2798
"2018-12-15 10:45:20",2798
"2018-12-15 11:45:19",2798
"2018-12-15 12:45:20",2798
"2018-12-15 13:45:19",2798
"2018-12-15 14:45:20",2798
"2018-12-15 15:45:21",2798
"2018-12-15 16:45:20",2798
"2018-12-15 17:45:22",2798
"2018-12-15 18:45:20",2798
"2018-12-15 19:45:20",2798
"2018-12-15 20:45:19",2798
"2018-12-15 21:45:19",2798
"2018-12-15 22:45:20",2798
"2018-12-15 23:45:19",2798
"2018-12-16 00:45:20",2798
"2018-12-16 01:45:19",2798
"2018-12-16 02:45:19",2798
"2018-12-16 03:45:21",2798
"2018-12-16 04:45:24",2798
"2018-12-16 05:45:19",2798
"2018-12-16 06:45:22",2798
"2018-12-16 07:45:21",2798
"2018-12-16 08:45:19",2798
"2018-12-16 09:45:23",2798
"2018-12-16 10:45:20",2798
"2018-12-16 11:45:20",2798
"2018-12-16 12:45:19",2798
"2018-12-16 13:45:19",2798
"2018-12-16 14:45:20",2798
"2018-12-16 15:45:19",2798
"2018-12-16 16:45:19",2798
"2018-12-16 17:45:24",2798
"2018-12-16 18:45:19",2798
"2018-12-16 19:45:21",2798
"2018-12-16 20:45:20",2798
"2018-12-16 21:45:19",2798
"2018-12-16 22:45:24",2798
"2018-12-16 23:45:22",2798
"2018-12-17 00:45:21",2798
"2018-12-17 01:45:19",2798
"2018-12-17 02:45:21",2798
"2018-12-17 03:45:19",2798
"2018-12-17 04:45:26",2798
"2018-12-17 05:45:19",2798
"2018-12-17 06:45:22",2796
"2018-12-17 07:45:20",2796
"2018-12-17 08:45:19",2796
"2018-12-17 09:45:20",2796
"2018-12-17 10:45:20",2796
"2018-12-17 11:45:19",2796
"2018-12-17 12:45:20",2796
"2018-12-17 13:45:23",2796
"2018-12-17 14:45:25",2797
"2018-12-17 15:45:22",2798
"2018-12-17 16:45:22",2796
"2018-12-17 17:45:20",2795
"2018-12-17 18:45:21",2794
"2018-12-17 20:10:54",2793
"2018-12-17 20:45:21",2793
"2018-12-17 21:45:23",2794
"2018-12-17 22:45:22",2794
"2018-12-17 23:45:20",2795
"2018-12-18 00:45:20",2795
"2018-12-18 01:45:21",2795
"2018-12-18 02:45:19",2795
"2018-12-18 03:45:20",2795
"2018-12-18 04:45:19",2795
"2018-12-18 05:45:20",2795
"2018-12-18 06:45:19",2795
"2018-12-18 07:45:19",2795
"2018-12-18 08:45:19",2795
"2018-12-18 09:45:18",2795
"2018-12-18 10:45:19",2795
"2018-12-18 11:45:18",2795
"2018-12-18 12:45:19",2795
"2018-12-18 13:45:20",2795
"2018-12-18 14:45:21",2795
"2018-12-18 15:45:20",2792
"2018-12-18 16:45:19",2793
"2018-12-18 17:45:20",2792
"2018-12-18 18:45:19",2792
"2018-12-18 19:45:19",2792
"2018-12-18 20:45:23",2792
"2018-12-18 21:45:22",2789
"2018-12-18 22:45:28",2788
"2018-12-18 23:45:22",2788
"2018-12-19 00:45:19",2788
"2018-12-19 01:45:21",2788
"2018-12-19 02:45:20",2788
"2018-12-19 03:45:23",2788
"2018-12-19 04:45:23",2788
"2018-12-19 05:45:23",2788
"2018-12-19 06:45:21",2788
"2018-12-19 07:45:20",2788
"2018-12-19 08:45:19",2788
"2018-12-19 09:45:21",2788
"2018-12-19 11:45:20",2788
"2018-12-19 12:45:19",2788
"2018-12-19 13:45:19",2788
"2018-12-19 14:45:21",2788
"2018-12-19 15:45:20",2789
"2018-12-19 16:45:20",2789
"2018-12-19 17:45:18",2786
"2018-12-19 18:45:22",2785
"2018-12-19 19:45:20",2784
"2018-12-19 20:45:21",2784
"2018-12-19 21:45:28",2782
"2018-12-19 22:45:26",2781
"2018-12-19 23:45:26",2783
"2018-12-20 00:45:26",2783
"2018-12-20 01:45:25",2783
"2018-12-20 02:45:24",2783
"2018-12-20 03:45:24",2783
"2018-12-20 04:45:25",2783
"2018-12-20 05:45:20",2783
"2018-12-20 06:45:21",2783
"2018-12-20 07:45:25",2783
"2018-12-20 08:45:23",2783
"2018-12-20 09:45:19",2783
"2018-12-20 10:45:21",2783
"2018-12-20 11:45:19",2783
"2018-12-20 12:45:19",2783
"2018-12-20 13:45:21",2783
"2018-12-20 14:45:25",2783
"2018-12-20 15:45:22",2775
"2018-12-20 16:45:28",2775
"2018-12-20 17:45:22",2773
"2018-12-20 18:45:20",2775
"2018-12-20 19:45:20",2776
"2018-12-20 20:45:24",2776
"2018-12-20 21:45:23",2776
"2018-12-20 22:45:24",2775
"2018-12-20 23:45:24",2774
"2018-12-21 00:45:22",2774
"2018-12-21 01:45:23",2774
"2018-12-21 02:45:23",2774
"2018-12-21 03:45:21",2774
"2018-12-21 04:45:24",2774
"2018-12-21 05:45:19",2774
"2018-12-21 06:45:22",2774
"2018-12-21 07:45:19",2774
"2018-12-21 08:45:19",2774
"2018-12-21 09:45:19",2774
"2018-12-21 10:45:18",2774
"2018-12-21 11:45:19",2774
"2018-12-21 12:45:20",2774
"2018-12-21 13:45:20",2774
"2018-12-21 14:45:23",2774
"2018-12-21 15:45:23",2771
"2018-12-21 16:45:23",2773
"2018-12-21 17:45:24",2773
"2018-12-21 18:45:27",2776
"2018-12-21 19:45:20",2776
"2018-12-21 20:45:28",2776
"2018-12-21 21:45:24",2776
"2018-12-21 22:45:24",2776
"2018-12-21 23:45:22",2777
"2018-12-22 00:45:26",2777
"2018-12-22 01:45:24",2777
"2018-12-22 02:45:27",2777
"2018-12-22 03:45:20",2777
"2018-12-22 04:45:25",2777
"2018-12-22 05:45:19",2777
"2018-12-22 06:45:24",2777
"2018-12-22 07:45:23",2777
"2018-12-22 08:45:19",2777
"2018-12-22 09:45:19",2777
"2018-12-22 10:45:20",2777
"2018-12-22 11:45:19",2777
"2018-12-22 12:45:18",2777
"2018-12-22 13:45:18",2777
"2018-12-22 14:45:20",2777
"2018-12-22 15:45:20",2777
"2018-12-22 16:45:18",2777
"2018-12-22 17:45:20",2777
"2018-12-22 18:45:19",2777
"2018-12-22 19:45:24",2777
"2018-12-22 20:45:22",2777
"2018-12-22 21:45:22",2777
"2018-12-22 22:45:23",2777
"2018-12-22 23:45:20",2777
"2018-12-23 00:45:20",2777
"2018-12-23 01:45:22",2777
"2018-12-23 02:45:19",2777
"2018-12-23 03:45:23",2777
"2018-12-23 04:45:22",2777
"2018-12-23 05:45:20",2777
"2018-12-23 06:45:25",2777
"2018-12-23 07:45:20",2777
"2018-12-23 08:45:22",2777
"2018-12-23 09:45:20",2777
"2018-12-23 10:45:27",2777
"2018-12-23 11:45:23",2777
"2018-12-23 12:45:20",2777
"2018-12-23 13:45:22",2777
"2018-12-23 14:45:22",2777
"2018-12-23 15:45:24",2777
"2018-12-23 16:45:25",2777
"2018-12-23 17:45:26",2777
"2018-12-23 18:45:24",2777
"2018-12-23 19:45:23",2777
"2018-12-23 20:45:26",2777
"2018-12-23 21:45:24",2777
"2018-12-23 22:45:22",2777
"2018-12-23 23:45:19",2777
"2018-12-24 00:45:22",2777
"2018-12-24 01:45:25",2777
"2018-12-24 02:45:26",2777
"2018-12-24 03:45:25",2777
"2018-12-24 04:45:19",2777
"2018-12-24 05:45:21",2777
"2018-12-24 06:45:21",2777
"2018-12-24 07:45:25",2777
"2018-12-24 08:45:20",2777
"2018-12-24 09:45:26",2777
"2018-12-24 10:45:21",2777
"2018-12-24 11:45:22",2777
"2018-12-24 12:45:20",2777
"2018-12-24 13:45:23",2777
"2018-12-24 15:09:02",2772
"2018-12-24 15:45:26",2772
"2018-12-24 16:45:23",2768
"2018-12-24 17:45:24",2765
"2018-12-24 18:45:26",2768
"2018-12-24 19:45:26",2768
"2018-12-24 20:45:26",2770
"2018-12-24 21:45:19",2770
"2018-12-24 22:45:20",2770
"2018-12-24 23:45:19",2770
"2018-12-25 00:45:21",2770
"2018-12-25 01:45:19",2770
"2018-12-25 02:45:24",2770
"2018-12-25 03:45:23",2770
"2018-12-25 04:45:21",2770
"2018-12-25 05:45:21",2770
"2018-12-25 06:45:23",2770
"2018-12-25 07:45:21",2770
"2018-12-25 08:45:21",2770
"2018-12-25 09:45:19",2770
"2018-12-25 10:45:19",2770
"2018-12-25 11:45:19",2770
"2018-12-25 12:45:20",2770
"2018-12-25 13:45:20",2770
"2018-12-25 14:45:19",2770
"2018-12-25 15:45:20",2770
"2018-12-25 16:45:19",2770
"2018-12-25 17:45:23",2770
"2018-12-25 18:45:20",2770
"2018-12-25 19:45:20",2770
"2018-12-25 20:45:20",2770
"2018-12-25 21:45:19",2770
"2018-12-25 22:45:21",2770
"2018-12-25 23:45:20",2770
"2018-12-26 00:45:21",2770
"2018-12-26 01:45:20",2770
"2018-12-26 02:45:21",2770
"2018-12-26 03:45:19",2770
"2018-12-26 04:45:19",2770
"2018-12-26 05:45:19",2770
"2018-12-26 06:45:25",2770
"2018-12-26 07:45:23",2770
"2018-12-26 08:45:23",2770
"2018-12-26 09:45:19",2770
"2018-12-26 10:45:21",2770
"2018-12-26 11:45:19",2770
"2018-12-26 12:45:20",2770
"2018-12-26 13:45:28",2770
"2018-12-26 15:10:32",2773
"2018-12-26 15:45:23",2773
"2018-12-26 16:45:22",2777
"2018-12-26 17:45:23",2784
"2018-12-26 18:45:20",2786
"2018-12-26 19:45:23",2788
"2018-12-26 20:45:26",2791
"2018-12-26 21:45:24",2789
"2018-12-26 22:45:26",2789
"2018-12-26 23:45:24",2788
"2018-12-27 00:45:25",2788
"2018-12-27 01:45:25",2788
"2018-12-27 02:45:25",2788
"2018-12-27 03:45:26",2788
"2018-12-27 04:45:20",2788
"2018-12-27 05:45:23",2788
"2018-12-27 06:45:21",2788
"2018-12-27 07:45:23",2788
"2018-12-27 08:45:20",2788
"2018-12-27 09:45:21",2788
"2018-12-27 10:45:23",2788
"2018-12-27 11:45:20",2788
"2018-12-27 12:45:20",2788
"2018-12-27 13:45:18",2788
"2018-12-27 14:45:24",2788
"2018-12-27 15:45:20",2792
"2018-12-27 16:45:21",2791
"2018-12-27 17:45:26",2793
"2018-12-27 18:45:28",2795
"2018-12-27 19:45:26",2792
"2018-12-27 20:45:23",2796
"2018-12-27 21:45:24",2796
"2018-12-27 22:45:32",2796
"2018-12-27 23:45:34",2796
"2018-12-28 00:45:31",2796
"2018-12-28 01:45:28",2796
"2018-12-28 02:45:28",2796
"2018-12-28 03:45:23",2796
"2018-12-28 04:45:25",2796
"2018-12-28 05:45:22",2796
"2018-12-28 06:45:33",2796
"2018-12-28 07:45:31",2796
"2018-12-28 08:45:27",2796
"2018-12-28 09:45:26",2796
"2018-12-28 10:45:22",2796
"2018-12-28 11:45:23",2796
"2018-12-28 12:45:21",2796
"2018-12-28 13:45:21",2796
"2018-12-28 14:45:23",2796
"2018-12-28 16:10:59",2793
"2018-12-28 16:45:23",2793
"2018-12-28 17:45:29",2794
"2018-12-28 18:45:26",2798
"2018-12-28 19:45:22",2798
"2018-12-28 20:45:26",2796
"2018-12-28 21:45:27",2801
"2018-12-28 22:45:21",2801
"2018-12-28 23:45:24",2801
"2018-12-29 00:45:23",2801
"2018-12-29 01:45:21",2801
"2018-12-29 02:45:23",2801
"2018-12-29 03:45:21",2801
"2018-12-29 04:45:22",2801
"2018-12-29 05:45:22",2801
"2018-12-29 06:45:20",2801
"2018-12-29 07:45:30",2801
"2018-12-29 08:45:28",2801
"2018-12-29 09:45:25",2801
"2018-12-29 10:45:23",2801
"2018-12-29 11:45:22",2801
"2018-12-29 12:45:21",2801
"2018-12-29 13:45:23",2801
"2018-12-29 14:45:20",2801
"2018-12-29 15:45:20",2801
"2018-12-29 16:45:24",2801
"2018-12-29 17:45:21",2801
"2018-12-29 18:45:27",2801
"2018-12-29 19:45:28",2801
"2018-12-29 20:45:22",2801
"2018-12-29 21:45:28",2801
"2018-12-29 22:45:23",2801
"2018-12-29 23:45:28",2801
"2018-12-30 00:45:22",2801
"2018-12-30 01:45:24",2801
"2018-12-30 02:45:20",2801
"2018-12-30 03:45:22",2801
"2018-12-30 04:45:21",2801
"2018-12-30 05:45:20",2801
"2018-12-30 06:45:20",2801
"2018-12-30 07:45:20",2801
"2018-12-30 08:45:20",2801
"2018-12-30 09:45:20",2801
"2018-12-30 10:45:19",2801
"2018-12-30 11:45:21",2801
"2018-12-30 12:45:21",2801
"2018-12-30 13:45:21",2801
"2018-12-30 14:45:20",2801
"2018-12-30 15:45:20",2801
"2018-12-30 16:45:20",2801
"2018-12-30 17:45:21",2801
"2018-12-30 18:45:19",2801
"2018-12-30 19:45:21",2801
"2018-12-30 20:45:21",2801
"2018-12-30 21:45:22",2801
"2018-12-30 22:45:25",2801
"2018-12-30 23:45:23",2801
"2018-12-31 00:45:22",2801
"2018-12-31 01:45:20",2801
"2018-12-31 02:45:19",2801
"2018-12-31 03:45:24",2801
"2018-12-31 04:45:23",2801
"2018-12-31 05:45:24",2801
"2018-12-31 06:45:22",2801
"2018-12-31 07:45:21",2801
"2018-12-31 08:45:21",2801
"2018-12-31 09:45:24",2801
"2018-12-31 10:45:24",2801
"2018-12-31 11:45:21",2801
"2018-12-31 12:45:20",2801
"2018-12-31 13:45:20",2801
"2018-12-31 14:45:28",2801
"2018-12-31 15:45:21",2811
"2018-12-31 16:45:21",2811
"2018-12-31 17:45:23",2812
"2018-12-31 18:45:22",2812
"2018-12-31 19:45:24",2816
"2018-12-31 20:45:24",2817
"2018-12-31 21:45:23",2820
"2018-12-31 22:45:22",2820
"2018-12-31 23:45:20",2822
"2019-01-01 00:45:21",2822
"2019-01-01 01:45:24",2822
"2019-01-01 02:45:21",2822
"2019-01-01 03:45:20",2822
"2019-01-01 04:45:21",2822
"2019-01-01 05:45:20",2822
"2019-01-01 06:45:21",2822
"2019-01-01 07:45:20",2822
"2019-01-01 08:45:21",2822
"2019-01-01 09:45:19",2822
"2019-01-01 10:45:20",2822
"2019-01-01 11:45:20",2822
"2019-01-01 12:45:20",2822
"2019-01-01 13:45:20",2822
"2019-01-01 14:45:20",2822
"2019-01-01 15:45:20",2822
"2019-01-01 16:45:20",2822
"2019-01-01 17:45:21",2822
"2019-01-01 18:45:19",2822
"2019-01-01 19:45:20",2822
"2019-01-01 20:45:19",2822
"2019-01-01 21:45:21",2822
"2019-01-01 22:45:24",2822
"2019-01-01 23:45:20",2822
"2019-01-02 00:45:21",2822
"2019-01-02 01:45:19",2822
"2019-01-02 02:45:23",2822
"2019-01-02 03:45:21",2822
"2019-01-02 04:45:20",2822
"2019-01-02 05:45:24",2822
"2019-01-02 06:45:21",2822
"2019-01-02 07:45:22",2822
"2019-01-02 08:45:21",2822
"2019-01-02 09:45:21",2822
"2019-01-02 10:45:24",2822
"2019-01-02 11:45:19",2822
"2019-01-02 12:45:19",2822
"2019-01-02 13:45:19",2822
"2019-01-02 15:10:29",2829
"2019-01-02 15:45:23",2829
"2019-01-02 16:45:19",2833
"2019-01-02 17:45:20",2832
"2019-01-02 18:45:24",2834
"2019-01-02 19:45:25",2834
"2019-01-02 20:45:23",2836
"2019-01-02 21:45:20",2838
"2019-01-02 22:45:21",2838
"2019-01-02 23:45:27",2839
"2019-01-03 00:45:23",2839
"2019-01-03 01:45:20",2839
"2019-01-03 02:45:21",2839
"2019-01-03 03:45:20",2839
"2019-01-03 05:45:24",2839
"2019-01-03 06:45:21",2839
"2019-01-03 07:45:22",2839
"2019-01-03 08:45:20",2839
"2019-01-03 09:45:21",2839
"2019-01-03 10:45:21",2839
"2019-01-03 11:45:20",2839
"2019-01-03 12:45:21",2839
"2019-01-03 13:45:19",2839
"2019-01-03 14:45:27",2840
"2019-01-03 15:45:26",2839
"2019-01-03 16:45:27",2839
"2019-01-03 17:45:28",2840
"2019-01-03 18:45:24",2841
"2019-01-03 19:45:25",2839
"2019-01-03 20:45:21",2839
"2019-01-03 21:45:25",2841
"2019-01-03 22:45:27",2841
"2019-01-03 23:45:21",2841
"2019-01-04 00:45:24",2841
"2019-01-04 01:45:22",2841
"2019-01-04 02:45:28",2841
"2019-01-04 03:45:22",2841
"2019-01-04 04:45:21",2841
"2019-01-04 05:45:24",2841
"2019-01-04 06:45:26",2841
"2019-01-04 07:45:21",2841
"2019-01-04 08:45:23",2841
"2019-01-04 09:45:24",2841
"2019-01-04 10:45:21",2840
"2019-01-04 11:45:22",2840
"2019-01-04 12:45:21",2840
"2019-01-04 13:45:21",2840
"2019-01-04 15:10:15",2843
"2019-01-04 15:45:26",2843
"2019-01-04 16:45:23",2845
"2019-01-04 17:45:22",2847
"2019-01-04 18:45:25",2845
"2019-01-04 19:45:27",2846
"2019-01-04 20:45:24",2846
"2019-01-04 21:45:24",2844
"2019-01-04 22:45:19",2843
"2019-01-04 23:45:23",2843
"2019-01-05 00:45:26",2843
"2019-01-05 01:45:22",2843
"2019-01-05 02:45:23",2842
"2019-01-05 03:45:21",2842
"2019-01-05 04:45:21",2842
"2019-01-05 05:45:21",2842
"2019-01-05 06:45:20",2842
"2019-01-05 07:45:20",2842
"2019-01-05 08:45:24",2842
"2019-01-05 09:45:24",2842
"2019-01-05 10:45:21",2842
"2019-01-05 11:45:20",2842
"2019-01-05 12:45:20",2842
"2019-01-05 13:45:21",2842
"2019-01-05 14:45:20",2842
"2019-01-05 15:45:20",2842
"2019-01-05 16:45:20",2842
"2019-01-05 17:45:21",2842
"2019-01-05 18:45:21",2842
"2019-01-05 19:45:27",2842
"2019-01-05 20:45:23",2842
"2019-01-05 21:45:23",2842
"2019-01-05 22:45:20",2842
"2019-01-05 23:45:20",2842
"2019-01-06 00:45:21",2842
"2019-01-06 01:45:20",2842
"2019-01-06 02:45:20",2842
"2019-01-06 03:45:21",2842
"2019-01-06 04:45:21",2842
"2019-01-06 05:45:21",2842
"2019-01-06 06:45:19",2842
"2019-01-06 07:45:22",2842
"2019-01-06 08:45:19",2842
"2019-01-06 09:45:19",2842
"2019-01-06 10:45:19",2842
"2019-01-06 11:45:20",2842
"2019-01-06 12:45:20",2842
"2019-01-06 13:45:20",2842
"2019-01-06 14:45:20",2842
"2019-01-06 15:45:20",2842
"2019-01-06 16:45:20",2842
"2019-01-06 17:45:20",2842
"2019-01-06 18:45:20",2842
"2019-01-06 19:45:19",2842
"2019-01-06 20:45:19",2842
"2019-01-06 21:45:20",2842
"2019-01-06 22:45:20",2842
"2019-01-06 23:45:21",2842
"2019-01-07 00:45:19",2842
"2019-01-07 01:45:19",2842
"2019-01-07 02:45:22",2842
"2019-01-07 03:45:22",2842
"2019-01-07 04:45:21",2842
"2019-01-07 05:45:19",2842
"2019-01-07 06:45:20",2842
"2019-01-07 07:45:20",2842
"2019-01-07 08:45:20",2842
"2019-01-07 09:45:21",2842
"2019-01-07 10:45:24",2842
"2019-01-07 11:45:22",2842
"2019-01-07 12:45:22",2842
"2019-01-07 14:10:53",2842
"2019-01-07 14:45:23",2842
"2019-01-07 15:45:26",2844
"2019-01-07 16:45:26",2848
"2019-01-07 17:45:26",2847
"2019-01-07 18:45:24",2852
"2019-01-07 19:45:21",2852
"2019-01-07 20:45:26",2853
"2019-01-07 21:45:24",2852
"2019-01-07 22:45:21",2851
"2019-01-07 23:45:27",2850
"2019-01-08 00:45:19",2850
"2019-01-08 01:45:22",2850
"2019-01-08 02:45:25",2850
"2019-01-08 03:45:23",2850
"2019-01-08 04:45:22",2850
"2019-01-08 05:45:22",2850
"2019-01-08 06:45:21",2850
"2019-01-08 07:45:20",2850
"2019-01-08 08:45:22",2850
"2019-01-08 09:45:20",2850
"2019-01-08 10:45:22",2850
"2019-01-08 11:45:23",2850
"2019-01-08 12:45:22",2850
"2019-01-08 13:45:24",2850
"2019-01-08 14:45:27",2850
"2019-01-08 15:45:25",2850
"2019-01-08 16:45:24",2855
"2019-01-08 17:45:22",2854
"2019-01-08 18:45:23",2852
"2019-01-08 19:45:22",2852
"2019-01-08 20:45:20",2851
"2019-01-08 21:45:23",2852
"2019-01-08 22:45:20",2853
"2019-01-08 23:45:24",2854
"2019-01-09 00:45:24",2854
"2019-01-09 01:45:21",2854
"2019-01-09 02:46:15",2854
"2019-01-09 04:45:25",2854
"2019-01-09 05:45:25",2854
"2019-01-09 06:45:22",2854
"2019-01-09 07:45:30",2854
"2019-01-09 08:45:29",2854
"2019-01-09 09:45:22",2854
"2019-01-09 10:45:23",2854
"2019-01-09 11:45:20",2854
"2019-01-09 12:45:20",2854
"2019-01-09 14:10:53",2854
"2019-01-09 14:45:27",2854
"2019-01-09 15:45:24",2861
"2019-01-09 16:45:26",2860
"2019-01-09 17:45:23",2863
"2019-01-09 18:45:23",2864
"2019-01-09 19:45:24",2864
"2019-01-09 20:45:29",2866
"2019-01-09 21:45:24",2867
"2019-01-09 22:45:23",2867
"2019-01-09 23:45:22",2868
"2019-01-10 00:45:19",2868
"2019-01-10 01:45:20",2868
"2019-01-10 02:45:21",2868
"2019-01-10 03:45:19",2868
"2019-01-10 04:45:19",2868
"2019-01-10 05:45:20",2868
"2019-01-10 06:45:19",2868
"2019-01-10 07:45:21",2868
"2019-01-10 08:45:20",2868
"2019-01-10 09:45:19",2868
"2019-01-10 10:45:19",2868
"2019-01-10 11:45:19",2868
"2019-01-10 12:45:19",2868
"2019-01-10 13:45:21",2868
"2019-01-10 15:10:00",2869
"2019-01-10 15:45:26",2869
"2019-01-10 16:45:24",2869
"2019-01-10 17:45:23",2870
"2019-01-10 18:45:21",2866
"2019-01-10 19:45:21",2867
"2019-01-10 20:45:26",2867
"2019-01-10 21:45:24",2865
"2019-01-10 22:45:20",2866
"2019-01-10 23:45:22",2866
"2019-01-11 00:45:22",2866
"2019-01-11 01:45:21",2866
"2019-01-11 02:45:23",2866
"2019-01-11 03:45:21",2866
"2019-01-11 04:45:23",2866
"2019-01-11 05:45:22",2866
"2019-01-11 06:45:20",2866
"2019-01-11 07:45:26",2866
"2019-01-11 08:45:21",2866
"2019-01-11 09:45:22",2866
"2019-01-11 10:45:20",2866
"2019-01-11 11:45:21",2866
"2019-01-11 12:45:21",2866
"2019-01-11 13:45:20",2866
"2019-01-11 14:45:26",2865
"2019-01-11 15:45:26",2865
"2019-01-11 16:45:20",2870
"2019-01-11 17:45:22",2873
"2019-01-11 18:45:21",2872
"2019-01-11 19:45:26",2875
"2019-01-11 20:45:24",2874
"2019-01-11 21:45:19",2874
"2019-01-11 22:45:22",2874
"2019-01-11 23:45:20",2874
"2019-01-12 00:45:21",2874
"2019-01-12 01:45:24",2874
"2019-01-12 02:45:20",2874
"2019-01-12 03:45:21",2874
"2019-01-12 04:45:18",2874
"2019-01-12 05:45:18",2874
"2019-01-12 06:45:21",2874
"2019-01-12 07:45:18",2874
"2019-01-12 08:45:19",2874
"2019-01-12 09:45:20",2874
"2019-01-12 10:45:20",2874
"2019-01-12 11:45:19",2874
"2019-01-12 12:45:18",2874
"2019-01-12 13:45:18",2874
"2019-01-12 14:45:19",2874
"2019-01-12 15:45:19",2874
"2019-01-12 16:45:22",2874
"2019-01-12 17:45:21",2874
"2019-01-12 18:45:18",2874
"2019-01-12 19:45:23",2874
"2019-01-12 20:45:21",2874
"2019-01-12 21:45:19",2874
"2019-01-12 22:45:20",2874
"2019-01-12 23:45:26",2874
"2019-01-13 00:45:20",2874
"2019-01-13 01:45:19",2874
"2019-01-13 02:45:20",2874
"2019-01-13 03:45:19",2874
"2019-01-13 04:45:22",2874
"2019-01-13 05:45:20",2874
"2019-01-13 06:45:20",2874
"2019-01-13 07:45:20",2874
"2019-01-13 08:45:19",2874
"2019-01-13 09:45:21",2874
"2019-01-13 10:45:29",2874
"2019-01-13 11:45:24",2874
"2019-01-13 12:45:19",2874
"2019-01-13 13:45:20",2874
"2019-01-13 14:45:19",2874
"2019-01-13 15:45:20",2874
"2019-01-13 16:45:19",2874
"2019-01-13 17:45:20",2874
"2019-01-13 18:45:19",2874
"2019-01-13 19:45:20",2874
"2019-01-13 20:45:22",2874
"2019-01-13 21:45:20",2874
"2019-01-13 22:45:21",2874
"2019-01-13 23:45:20",2874
"2019-01-14 00:45:20",2874
"2019-01-14 01:45:21",2874
"2019-01-14 02:45:20",2874
"2019-01-14 03:45:19",2874
"2019-01-14 04:45:21",2874
"2019-01-14 05:45:21",2874
"2019-01-14 06:45:19",2874
"2019-01-14 07:45:18",2874
"2019-01-14 08:45:19",2874
"2019-01-14 09:45:20",2874
"2019-01-14 10:45:21",2874
"2019-01-14 11:45:20",2874
"2019-01-14 12:45:19",2874
"2019-01-14 13:45:21",2874
"2019-01-14 14:45:22",2874
"2019-01-14 15:45:25",2874
"2019-01-14 16:45:22",2875
"2019-01-14 17:45:20",2879
"2019-01-14 18:45:21",2883
"2019-01-14 19:45:24",2882
"2019-01-14 20:45:19",2883
"2019-01-14 21:45:20",2882
"2019-01-14 22:45:19",2882
"2019-01-14 23:45:19",2882
"2019-01-15 00:45:20",2882
"2019-01-15 01:45:18",2882
"2019-01-15 02:45:19",2882
"2019-01-15 03:45:20",2882
"2019-01-15 04:45:26",2882
"2019-01-15 05:45:19",2882
"2019-01-15 06:45:18",2882
"2019-01-15 07:45:19",2882
"2019-01-15 08:45:19",2882
"2019-01-15 09:45:18",2882
"2019-01-15 10:45:19",2882
"2019-01-15 11:45:19",2882
"2019-01-15 12:45:19",2882
"2019-01-15 13:45:18",2882
"2019-01-15 14:45:27",2883
"2019-01-15 15:45:23",2877
"2019-01-15 16:45:25",2872
"2019-01-15 17:45:21",2869
"2019-01-15 18:45:21",2870
"2019-01-15 19:45:21",2872
"2019-01-15 20:45:23",2869
"2019-01-15 21:45:22",2867
"2019-01-15 22:45:23",2868
"2019-01-15 23:45:24",2868
"2019-01-16 00:45:21",2868
"2019-01-16 01:45:30",2868
"2019-01-16 02:45:21",2868
"2019-01-16 03:45:19",2868
"2019-01-16 04:45:20",2868
"2019-01-16 05:45:19",2868
"2019-01-16 06:45:20",2868
"2019-01-16 07:45:20",2868
"2019-01-16 08:45:18",2868
"2019-01-16 09:45:20",2868
"2019-01-16 10:45:19",2868
"2019-01-16 11:45:18",2868
"2019-01-16 12:45:19",2868
"2019-01-16 14:11:54",2868
"2019-01-16 15:10:55",2867
"2019-01-16 15:45:22",2867
"2019-01-16 16:45:21",2866
"2019-01-16 17:45:20",2863
"2019-01-16 18:45:26",2865
"2019-01-16 19:45:22",2865
"2019-01-16 20:45:20",2863
"2019-01-16 21:45:21",2864
"2019-01-16 22:45:19",2864
"2019-01-16 23:45:18",2864
"2019-01-17 00:45:20",2864
"2019-01-17 01:45:21",2864
"2019-01-17 02:45:24",2864
"2019-01-17 03:45:21",2864
"2019-01-17 04:45:22",2864
"2019-01-17 05:45:20",2864
"2019-01-17 06:45:20",2864
"2019-01-17 07:45:19",2864
"2019-01-17 08:45:19",2864
"2019-01-17 09:45:20",2864
"2019-01-17 10:45:20",2864
"2019-01-17 11:45:20",2864
"2019-01-17 12:45:19",2864
"2019-01-17 13:45:19",2864
"2019-01-17 15:11:27",2864
"2019-01-17 15:45:24",2864
"2019-01-17 16:45:20",2864
"2019-01-17 17:45:19",2860
"2019-01-17 18:45:20",2856
"2019-01-17 19:45:24",2855
"2019-01-17 20:45:23",2855
"2019-01-17 21:45:19",2851
"2019-01-17 22:45:20",2850
"2019-01-17 23:45:19",2850
"2019-01-18 00:45:20",2850
"2019-01-18 01:45:21",2850
"2019-01-18 02:45:19",2850
"2019-01-18 03:45:24",2850
"2019-01-18 04:45:21",2850
"2019-01-18 05:45:20",2850
"2019-01-18 06:45:19",2850
"2019-01-18 07:45:20",2850
"2019-01-18 08:45:19",2850
"2019-01-18 09:45:20",2850
"2019-01-18 10:45:20",2850
"2019-01-18 11:45:19",2850
"2019-01-18 12:45:20",2850
"2019-01-18 13:45:20",2850
"2019-01-18 14:45:25",2850
"2019-01-18 15:45:25",2855
"2019-01-18 16:45:23",2856
"2019-01-18 17:45:23",2857
"2019-01-18 18:45:22",2858
"2019-01-18 19:45:19",2857
"2019-01-18 20:45:23",2856
"2019-01-18 21:45:20",2857
"2019-01-18 22:45:19",2857
"2019-01-18 23:45:20",2857
"2019-01-19 00:45:20",2857
"2019-01-19 01:45:20",2857
"2019-01-19 02:45:20",2857
"2019-01-19 03:45:20",2857
"2019-01-19 04:45:21",2857
"2019-01-19 05:45:20",2857
"2019-01-19 06:45:19",2857
"2019-01-19 07:45:19",2857
"2019-01-19 08:45:19",2857
"2019-01-19 09:45:20",2857
"2019-01-19 10:45:20",2857
"2019-01-19 11:45:19",2857
"2019-01-19 12:45:18",2857
"2019-01-19 13:45:20",2857
"2019-01-19 14:45:19",2857
"2019-01-19 15:45:21",2857
"2019-01-19 16:45:19",2857
"2019-01-19 17:45:19",2857
"2019-01-19 18:45:18",2857
"2019-01-19 19:45:19",2857
"2019-01-19 20:45:19",2857
"2019-01-19 21:45:19",2857
"2019-01-19 22:45:19",2857
"2019-01-19 23:45:20",2857
"2019-01-20 00:45:21",2857
"2019-01-20 01:45:19",2857
"2019-01-20 02:45:20",2857
"2019-01-20 03:45:20",2857
"2019-01-20 04:45:22",2857
"2019-01-20 05:45:20",2857
"2019-01-20 06:45:20",2857
"2019-01-20 07:45:19",2857
"2019-01-20 08:45:19",2857
"2019-01-20 09:45:19",2857
"2019-01-20 10:45:18",2857
"2019-01-20 11:45:19",2857
"2019-01-20 12:45:19",2857
"2019-01-20 13:45:19",2857
"2019-01-20 14:45:19",2857
"2019-01-20 15:45:20",2857
"2019-01-20 16:45:20",2857
"2019-01-20 17:45:20",2857
"2019-01-20 18:45:19",2857
"2019-01-20 19:45:19",2857
"2019-01-20 20:45:20",2857
"2019-01-20 21:45:19",2857
"2019-01-20 22:45:19",2857
"2019-01-20 23:45:20",2857
"2019-01-21 00:45:20",2857
"2019-01-21 01:45:20",2857
"2019-01-21 02:45:20",2857
"2019-01-21 03:45:20",2857
"2019-01-21 04:45:20",2857
"2019-01-21 05:45:20",2857
"2019-01-21 06:45:19",2857
"2019-01-21 07:45:19",2857
"2019-01-21 08:45:19",2857
"2019-01-21 09:45:20",2857
"2019-01-21 10:45:20",2857
"2019-01-21 11:45:19",2857
"2019-01-21 12:45:19",2857
"2019-01-21 13:45:18",2857
"2019-01-21 14:45:19",2857
"2019-01-21 15:45:18",2857
"2019-01-21 16:45:19",2857
"2019-01-21 17:45:19",2857
"2019-01-21 18:45:19",2857
"2019-01-21 19:45:18",2857
"2019-01-21 20:45:20",2857
"2019-01-21 21:45:18",2857
"2019-01-21 22:45:19",2857
"2019-01-21 23:45:19",2857
"2019-01-22 00:45:20",2857
"2019-01-22 01:45:18",2857
"2019-01-22 02:45:19",2857
"2019-01-22 03:45:19",2857
"2019-01-22 04:45:23",2857
"2019-01-22 05:45:21",2857
"2019-01-22 06:45:19",2856
"2019-01-22 07:45:19",2856
"2019-01-22 08:45:19",2856
"2019-01-22 09:45:18",2856
"2019-01-22 10:45:19",2856
"2019-01-22 11:45:18",2856
"2019-01-22 12:45:19",2856
"2019-01-22 13:45:19",2856
"2019-01-22 14:45:19",2857
"2019-01-22 15:45:19",2853
"2019-01-22 16:45:19",2851
"2019-01-22 17:45:19",2852
"2019-01-22 18:45:19",2854
"2019-01-22 19:45:22",2854
"2019-01-22 20:45:20",2856
"2019-01-22 21:45:21",2856
"2019-01-22 22:45:18",2856
"2019-01-22 23:45:19",2856
"2019-01-23 00:45:20",2856
"2019-01-23 01:45:20",2856
"2019-01-23 02:45:19",2856
"2019-01-23 03:45:20",2856
"2019-01-23 04:45:20",2856
"2019-01-23 05:45:20",2856
"2019-01-23 06:45:22",2856
"2019-01-23 07:45:21",2856
"2019-01-23 08:45:21",2856
"2019-01-23 09:45:23",2856
"2019-01-23 10:45:21",2855
"2019-01-23 11:45:19",2855
"2019-01-23 12:45:19",2855
"2019-01-23 13:45:19",2855
"2019-01-23 15:09:23",2854
"2019-01-23 15:45:19",2854
"2019-01-23 16:45:19",2857
"2019-01-23 17:45:19",2860
"2019-01-23 18:45:19",2858
"2019-01-23 19:45:19",2855
"2019-01-23 20:45:19",2855
"2019-01-23 21:45:19",2854
"2019-01-23 22:45:19",2854
"2019-01-23 23:45:19",2854
"2019-01-30 08:17:25",2851
"2019-01-30 08:23:26",2851
"2019-01-30 08:50:49",2851
"2019-01-30 08:50:52",2851
"2019-01-30 09:50:46",2851
"2019-01-30 09:50:50",2851
"2019-01-30 10:50:47",2851
"2019-01-30 10:50:50",2851
"2019-01-30 11:50:43",2851
"2019-01-30 11:50:54",2851
"2019-01-30 12:50:49",2851
"2019-01-30 12:50:52",2851
"2019-01-30 13:50:45",2851
"2019-01-30 13:50:49",2851
"2019-01-30 14:50:42",2851
"2019-01-30 14:50:54",2851
"2019-01-30 15:50:50",2851
"2019-01-30 15:50:53",2851
"2019-01-30 16:50:46",2849
"2019-01-30 16:50:50",2849
"2019-01-30 17:50:48",2847
"2019-01-30 17:50:54",2847
"2019-01-30 18:50:43",2847
"2019-01-30 18:50:54",2847
"2019-01-30 19:50:53",2850
"2019-01-30 19:50:57",2850
"2019-01-30 20:46:30",2840
"2019-01-30 21:50:48",2837
"2019-01-30 21:50:51",2837
"2019-01-30 22:50:48",2835
"2019-01-30 22:50:52",2835
"2019-01-30 23:50:52",2835
"2019-01-30 23:50:55",2835
"2019-01-31 00:50:52",2835
"2019-01-31 00:50:55",2835
"2019-01-31 01:50:48",2835
"2019-01-31 01:50:51",2835
"2019-01-31 02:50:49",2835
"2019-01-31 02:50:52",2835
"2019-01-31 03:50:50",2835
"2019-01-31 03:50:53",2835
"2019-01-31 04:50:47",2835
"2019-01-31 04:50:51",2835
"2019-01-31 05:50:49",2835
"2019-01-31 05:50:52",2835
"2019-01-31 06:50:49",2835
"2019-01-31 06:50:53",2835
"2019-01-31 08:18:52",2834
"2019-01-31 08:45:27",2834
"2019-01-31 10:09:00",2834
"2019-01-31 10:45:27",2834
"2019-01-31 11:45:26",2834
"2019-01-31 12:45:24",2834
"2019-01-31 13:45:27",2834
"2019-01-31 15:45:28",2831
"2019-01-31 16:45:31",2837
"2019-01-31 17:45:29",2834
"2019-01-31 18:45:29",2833
"2019-01-31 19:45:31",2834
"2019-01-31 20:45:29",2833
"2019-01-31 21:45:27",2827
"2019-01-31 22:45:26",2827
"2019-01-31 23:45:25",2827
"2019-02-01 00:45:26",2827
"2019-02-01 01:45:27",2827
"2019-02-01 02:45:30",2827
"2019-02-01 03:45:29",2827
"2019-02-01 04:45:27",2827
"2019-02-01 05:45:26",2827
"2019-02-01 06:45:27",2827
"2019-02-01 07:45:30",2827
"2019-02-01 08:45:27",2827
"2019-02-01 09:45:27",2827
"2019-02-01 10:45:26",2827
"2019-02-01 11:45:27",2827
"2019-02-01 12:45:25",2827
"2019-02-01 13:45:28",2827
"2019-02-01 14:45:29",2827
"2019-02-01 15:45:28",2829
"2019-02-01 16:45:29",2832
"2019-02-01 17:45:27",2835
"2019-02-01 18:45:34",2834
"2019-02-01 19:45:30",2834
"2019-02-01 20:45:27",2833
"2019-02-01 21:45:31",2836
"2019-02-01 22:45:30",2835
"2019-02-02 00:10:32",2835
"2019-02-02 00:45:28",2835
"2019-02-02 01:45:28",2835
"2019-02-02 02:45:27",2835
"2019-02-02 03:45:26",2835
"2019-02-02 04:45:27",2835
"2019-02-02 05:45:27",2835
"2019-02-02 06:45:27",2835
"2019-02-02 07:45:27",2835
"2019-02-02 08:45:25",2835
"2019-02-02 09:45:26",2835
"2019-02-02 10:45:25",2835
"2019-02-02 11:45:25",2835
"2019-02-02 12:45:27",2835
"2019-02-02 13:45:28",2835
"2019-02-02 14:45:28",2835
"2019-02-02 15:45:26",2835
"2019-02-02 16:45:33",2835
"2019-02-02 17:45:30",2835
"2019-02-02 18:45:29",2835
"2019-02-02 19:45:27",2835
"2019-02-02 20:45:29",2835
"2019-02-02 21:45:27",2835
"2019-02-02 22:45:28",2835
"2019-02-02 23:45:28",2835
"2019-02-03 00:45:28",2835
"2019-02-03 01:45:27",2835
"2019-02-03 02:45:28",2835
"2019-02-03 03:45:28",2835
"2019-02-03 04:45:28",2835
"2019-02-03 05:45:24",2835
"2019-02-03 06:45:27",2835
"2019-02-03 07:45:27",2835
"2019-02-03 08:45:26",2835
"2019-02-03 09:45:26",2835
"2019-02-03 10:45:25",2835
"2019-02-03 11:45:27",2835
"2019-02-03 12:45:28",2835
"2019-02-03 13:45:28",2835
"2019-02-03 14:45:29",2835
"2019-02-03 15:45:26",2835
"2019-02-03 16:45:27",2835
"2019-02-03 17:45:28",2835
"2019-02-03 18:45:31",2835
"2019-02-03 19:45:25",2835
"2019-02-03 20:45:28",2835
"2019-02-03 21:45:31",2835
"2019-02-03 22:45:30",2835
"2019-02-03 23:45:30",2835
"2019-02-04 00:45:29",2835
"2019-02-04 01:45:27",2835
"2019-02-04 02:45:30",2835
"2019-02-04 03:45:29",2835
"2019-02-04 04:45:29",2835
"2019-02-04 05:45:26",2835
"2019-02-04 06:45:26",2835
"2019-02-04 07:45:26",2835
"2019-02-04 08:45:26",2835
"2019-02-04 09:45:27",2835
"2019-02-04 10:45:27",2835
"2019-02-04 11:45:28",2835
"2019-02-04 12:45:25",2835
"2019-02-04 13:45:26",2835
"2019-02-04 14:45:29",2837
"2019-02-04 15:45:30",2843
"2019-02-04 16:45:28",2844
"2019-02-04 17:45:28",2841
"2019-02-04 18:45:30",2841
"2019-02-04 19:45:27",2838
"2019-02-04 20:45:30",2838
"2019-02-04 21:45:30",2835
"2019-02-04 22:45:29",2835
"2019-02-04 23:45:29",2834
"2019-02-05 00:45:28",2834
"2019-02-05 01:45:33",2834
"2019-02-05 02:45:30",2834
"2019-02-05 03:45:30",2834
"2019-02-05 04:45:45",2834
"2019-02-05 05:45:29",2834
"2019-02-05 06:45:29",2834
"2019-02-05 07:45:28",2834
"2019-02-05 08:45:31",2834
"2019-02-05 09:45:28",2834
"2019-02-05 10:45:29",2834
"2019-02-05 11:45:27",2834
"2019-02-05 12:45:26",2834
"2019-02-05 13:45:28",2834
"2019-02-05 14:45:30",2834
"2019-02-05 15:45:27",2834
"2019-02-05 16:45:32",2833
"2019-02-05 17:45:29",2829
"2019-02-05 18:45:33",2825
"2019-02-05 19:45:32",2824
"2019-02-05 20:45:30",2822
"2019-02-05 21:45:29",2822
"2019-02-05 22:45:30",2821
"2019-02-05 23:45:33",2821
"2019-02-06 00:45:30",2821
"2019-02-06 01:45:28",2821
"2019-02-06 02:45:29",2821
"2019-02-06 03:45:31",2821
"2019-02-06 04:45:29",2821
"2019-02-06 05:45:29",2821
"2019-02-06 06:45:33",2821
"2019-02-06 07:45:31",2821
"2019-02-06 08:45:23",2821
"2019-02-06 09:45:24",2821
"2019-02-07 02:45:39",2828
"2019-02-07 03:45:28",2828
"2019-02-07 04:45:27",2828
"2019-02-07 05:45:28",2828
"2019-02-07 06:45:26",2828
"2019-02-07 07:45:25",2828
"2019-02-07 08:45:26",2828
"2019-02-07 09:45:27",2828
"2019-02-07 10:45:31",2828
"2019-02-07 11:45:32",2828
"2019-02-07 12:45:30",2828
"2019-02-07 13:45:31",2828
"2019-02-07 15:09:02",2828
"2019-02-07 15:45:32",2828
"2019-02-07 16:45:34",2826
"2019-02-07 17:45:30",2823
"2019-02-07 18:45:36",2824
"2019-02-07 19:45:35",2826
"2019-02-07 20:45:32",2826
"2019-02-07 21:45:31",2825
"2019-02-07 22:45:30",2826
"2019-02-07 23:45:31",2828
"2019-02-08 00:46:01",2828
"2019-02-08 01:45:30",2828
"2019-02-08 02:45:30",2828
"2019-02-08 03:45:36",2828
"2019-02-08 04:45:30",2828
"2019-02-08 05:45:30",2828
"2019-02-08 06:45:28",2828
"2019-02-08 07:45:28",2828
"2019-02-08 08:45:28",2828
"2019-02-08 09:45:30",2828
"2019-02-08 10:45:30",2828
"2019-02-08 11:45:31",2828
"2019-02-08 12:45:32",2828
"2019-02-08 13:45:31",2828
"2019-02-08 15:10:05",2831
"2019-02-08 15:45:29",2831
"2019-02-08 16:45:31",2833
"2019-02-08 17:45:35",2833
"2019-02-08 18:45:36",2833
"2019-02-08 19:45:37",2833
"2019-02-08 20:45:35",2833
"2019-02-08 21:45:33",2834
"2019-02-08 22:45:31",2835
"2019-02-08 23:45:31",2835
"2019-02-09 00:45:32",2835
"2019-02-09 01:45:30",2835
"2019-02-09 02:45:31",2835
"2019-02-09 03:45:31",2835
"2019-02-09 04:45:34",2835
"2019-02-09 05:45:32",2835
"2019-02-09 06:45:32",2835
"2019-02-09 07:45:31",2835
"2019-02-09 08:45:29",2835
"2019-02-09 09:45:30",2835
"2019-02-09 10:45:31",2835
"2019-02-09 11:45:28",2835
"2019-02-09 12:45:33",2835
"2019-02-09 13:45:30",2835
"2019-02-09 14:45:32",2835
"2019-02-09 15:45:34",2835
"2019-02-09 16:45:33",2835
"2019-02-09 17:45:34",2835
"2019-02-09 18:45:32",2835
"2019-02-09 19:45:33",2835
"2019-02-09 20:45:32",2835
"2019-02-09 21:45:34",2835
"2019-02-09 22:45:32",2835
"2019-02-09 23:45:33",2835
"2019-02-10 00:45:31",2835
"2019-02-10 01:45:33",2835
"2019-02-10 02:45:33",2835
"2019-02-10 03:45:31",2835
"2019-02-10 04:45:37",2835
"2019-02-10 05:45:37",2835
"2019-02-10 06:45:35",2835
"2019-02-10 07:45:31",2835
"2019-02-10 08:45:31",2835
"2019-02-10 09:45:31",2835
"2019-02-10 10:45:30",2835
"2019-02-10 11:45:30",2835
"2019-02-10 12:45:31",2835
"2019-02-10 13:45:32",2835
"2019-02-10 14:45:33",2835
"2019-02-10 15:45:36",2835
"2019-02-10 16:45:36",2835
"2019-02-10 17:45:34",2835
"2019-02-10 18:45:33",2835
"2019-02-10 19:45:36",2835
"2019-02-10 20:45:34",2835
"2019-02-10 21:45:32",2835
"2019-02-10 22:45:35",2835
"2019-02-10 23:45:36",2835
"2019-02-11 00:45:35",2835
"2019-02-11 01:45:34",2835
"2019-02-11 02:45:38",2835
"2019-02-11 03:45:36",2835
"2019-02-11 04:45:38",2835
"2019-02-11 05:45:36",2835
"2019-02-11 06:45:36",2835
"2019-02-11 07:45:32",2835
"2019-02-11 08:45:31",2835
"2019-02-11 09:45:31",2835
"2019-02-11 10:45:36",2835
"2019-02-11 11:45:30",2835
"2019-02-11 12:45:31",2835
"2019-02-11 13:45:31",2835
"2019-02-11 14:45:32",2835
"2019-02-11 15:45:31",2846
"2019-02-11 16:45:33",2850
"2019-02-11 17:45:33",2852
"2019-02-11 18:45:33",2853
"2019-02-11 19:45:32",2858
"2019-02-11 20:45:32",2857
"2019-02-11 21:45:30",2857
"2019-02-11 22:45:30",2856
"2019-02-11 23:45:32",2858
"2019-02-12 00:45:31",2858
"2019-02-12 01:45:29",2858
"2019-02-12 02:45:36",2858
"2019-02-12 03:45:31",2858
"2019-02-12 04:45:34",2858
"2019-02-12 05:45:32",2858
"2019-02-12 06:45:32",2858
"2019-02-12 07:45:32",2858
"2019-02-12 08:45:31",2858
"2019-02-12 09:45:32",2858
"2019-02-12 10:45:33",2858
"2019-02-12 11:45:34",2858
"2019-02-12 12:45:31",2858
"2019-02-12 13:45:33",2858
"2019-02-12 14:45:32",2858
"2019-02-12 15:45:37",2858
"2019-02-12 16:45:32",2860
"2019-02-12 17:45:32",2853
"2019-02-12 18:45:32",2855
"2019-02-12 19:45:34",2853
"2019-02-12 20:45:33",2852
"2019-02-12 21:45:33",2854
"2019-02-12 22:45:33",2854
"2019-02-12 23:45:32",2854
"2019-02-13 00:45:34",2854
"2019-02-13 01:45:35",2854
"2019-02-13 02:45:34",2854
"2019-02-13 03:45:33",2854
"2019-02-13 04:45:34",2854
"2019-02-13 05:45:35",2854
"2019-02-13 06:45:33",2854
"2019-02-13 07:45:32",2854
"2019-02-13 08:45:31",2854
"2019-02-13 09:45:31",2854
"2019-02-13 10:45:32",2854
"2019-02-13 11:45:31",2854
"2019-02-13 12:45:34",2854
"2019-02-13 13:45:31",2854
"2019-02-13 14:45:31",2854
"2019-02-13 15:45:33",2855
"2019-02-13 16:45:30",2856
"2019-02-13 17:45:35",2863
"2019-02-13 18:45:30",2865
"2019-02-13 19:45:30",2869
"2019-02-13 20:45:31",2871
"2019-02-13 21:45:30",2874
"2019-02-13 22:45:35",2875
"2019-02-13 23:45:34",2875
"2019-02-14 00:45:31",2875
"2019-02-14 01:45:34",2875
"2019-02-14 02:45:34",2875
"2019-02-14 03:45:36",2875
"2019-02-14 04:45:32",2875
"2019-02-14 05:45:36",2875
"2019-02-14 06:45:32",2875
"2019-02-14 07:45:32",2875
"2019-02-14 08:45:29",2875
"2019-02-14 09:45:29",2875
"2019-02-14 10:45:30",2875
"2019-02-14 11:45:33",2875
"2019-02-14 12:45:31",2875
"2019-02-14 13:45:32",2875
"2019-02-14 14:45:33",2875
"2019-02-14 15:45:34",2885
"2019-02-14 16:45:29",2890
"2019-02-14 17:45:32",2895
"2019-02-14 18:45:32",2899
"2019-02-14 19:45:33",2897
"2019-02-14 20:45:34",2898
"2019-02-14 21:45:33",2904
"2019-02-14 22:45:35",2906
"2019-02-15 00:45:35",2907
"2019-02-15 01:45:36",2907
"2019-02-15 02:45:37",2907
"2019-02-15 03:45:39",2907
"2019-02-15 04:45:39",2907
"2019-02-15 05:45:33",2907
"2019-02-15 06:45:30",2905
"2019-02-15 07:45:34",2905
"2019-02-15 08:45:32",2903
"2019-02-15 09:45:33",2903
"2019-02-15 10:45:33",2903
"2019-02-15 11:45:34",2903
"2019-02-15 12:45:32",2903
"2019-02-15 14:10:36",2904
"2019-02-15 14:45:35",2904
"2019-02-15 15:45:46",2896
"2019-02-15 16:45:38",2899
"2019-02-15 17:45:33",2903
"2019-02-15 18:45:39",2906
"2019-02-15 19:45:37",2907
"2019-02-15 20:45:33",2905
"2019-02-15 21:45:35",2904
"2019-02-15 22:45:36",2905
"2019-02-15 23:45:37",2904
"2019-02-16 00:45:38",2904
"2019-02-16 01:45:43",2904
"2019-02-16 02:45:42",2904
"2019-02-16 03:45:39",2904
"2019-02-16 04:45:34",2904
"2019-02-16 05:45:37",2904
"2019-02-16 06:45:33",2904
"2019-02-16 07:45:32",2904
"2019-02-16 08:45:33",2904
"2019-02-16 09:45:36",2904
"2019-02-16 10:45:34",2904
"2019-02-16 11:45:33",2904
"2019-02-16 12:45:34",2904
"2019-02-16 13:45:39",2904
"2019-02-16 14:45:35",2904
"2019-02-16 15:45:42",2904
"2019-02-16 16:45:32",2904
"2019-02-16 17:45:33",2904
"2019-02-16 18:45:33",2904
"2019-02-16 19:45:32",2904
"2019-02-16 20:45:35",2904
"2019-02-16 21:45:34",2904
"2019-02-16 22:45:33",2904
"2019-02-16 23:45:32",2904
"2019-02-17 00:45:33",2904
"2019-02-17 01:45:32",2904
"2019-02-17 02:45:29",2904
"2019-02-17 03:45:37",2904
"2019-02-17 04:45:32",2904
"2019-02-17 05:45:34",2904
"2019-02-17 06:45:32",2904
"2019-02-17 07:45:33",2904
"2019-02-17 08:45:32",2904
"2019-02-17 09:45:29",2904
"2019-02-17 10:45:32",2904
"2019-02-17 11:45:31",2904
"2019-02-17 12:45:28",2904
"2019-02-17 13:45:33",2904
"2019-02-17 14:45:31",2904
"2019-02-17 15:45:36",2904
"2019-02-17 16:45:32",2904
"2019-02-17 17:45:33",2904
"2019-02-17 18:45:33",2904
"2019-02-17 19:45:34",2904
"2019-02-17 20:45:35",2904
"2019-02-17 21:45:31",2904
"2019-02-17 22:45:31",2904
"2019-02-17 23:45:31",2904
"2019-02-18 00:45:32",2904
"2019-02-18 01:45:34",2904
"2019-02-18 02:45:36",2904
"2019-02-18 03:45:35",2904
"2019-02-18 04:45:31",2904
"2019-02-18 05:45:32",2904
"2019-02-18 06:45:30",2904
"2019-02-18 07:45:32",2904
"2019-02-18 08:45:31",2904
"2019-02-18 09:45:33",2904
"2019-02-18 10:45:30",2904
"2019-02-18 11:45:30",2904
"2019-02-18 12:45:31",2904
"2019-02-18 13:45:35",2904
"2019-02-18 14:45:34",2904
"2019-02-18 15:45:35",2904
"2019-02-18 16:45:34",2904
"2019-02-18 17:45:35",2904
"2019-02-18 18:45:33",2904
"2019-02-18 19:45:33",2904
"2019-02-18 20:45:36",2904
"2019-02-18 21:45:32",2904
"2019-02-18 22:45:31",2904
"2019-02-18 23:45:32",2904
"2019-02-19 00:45:32",2904
"2019-02-19 01:45:35",2904
"2019-02-19 02:45:33",2904
"2019-02-19 03:45:33",2904
"2019-02-19 04:45:33",2904
"2019-02-19 05:45:33",2904
"2019-02-19 06:45:32",2904
"2019-02-19 07:45:31",2904
"2019-02-19 08:45:32",2904
"2019-02-19 09:45:29",2904
"2019-02-19 10:45:29",2904
"2019-02-19 11:45:27",2904
"2019-02-19 12:45:27",2904
"2019-02-19 14:10:03",2903
"2019-02-19 14:45:32",2903
"2019-02-19 15:45:35",2897
"2019-02-19 16:45:34",2892
"2019-02-19 17:45:35",2889
"2019-02-19 18:45:39",2891
"2019-02-19 19:45:36",2895
"2019-02-19 20:45:39",2894
"2019-02-19 21:45:37",2894
"2019-02-19 22:45:39",2896
"2019-02-19 23:45:36",2898
"2019-02-20 00:45:44",2898
"2019-02-20 01:45:38",2898
"2019-02-20 02:45:38",2898
"2019-02-20 03:45:46",2898
"2019-02-20 04:45:40",2898
"2019-02-20 05:45:35",2898
"2019-02-20 06:45:35",2898
"2019-02-20 07:45:32",2898
"2019-02-20 08:45:36",2898
"2019-02-20 09:45:35",2898
"2019-02-20 10:45:33",2898
"2019-02-20 11:45:36",2898
"2019-02-20 12:45:35",2898
"2019-02-20 13:45:35",2898
"2019-02-20 14:45:39",2896
"2019-02-20 15:45:39",2890
"2019-02-20 16:45:37",2869
"2019-02-20 17:45:37",2860
"2019-02-20 18:45:37",2856
"2019-02-20 19:45:39",2855
"2019-02-20 20:45:40",2852
"2019-02-20 21:45:38",2850
"2019-02-20 22:45:39",2847
"2019-02-20 23:45:35",2846
"2019-02-21 00:45:36",2846
"2019-02-21 01:45:38",2846
"2019-02-21 02:45:41",2846
"2019-02-21 03:45:38",2846
"2019-02-21 04:45:36",2846
"2019-02-21 05:45:36",2846
"2019-02-21 06:45:33",2846
"2019-02-21 07:45:33",2846
"2019-02-21 08:45:31",2846
"2019-02-21 09:45:32",2846
"2019-02-21 10:45:33",2846
"2019-02-21 11:45:33",2846
"2019-02-21 12:45:31",2846
"2019-02-21 13:45:32",2846
"2019-02-21 14:45:36",2845
"2019-02-21 15:45:39",2844
"2019-02-21 17:09:35",2830
"2019-02-21 17:45:32",2830
"2019-02-21 18:45:32",2829
"2019-02-21 19:45:34",2831
"2019-02-21 20:45:37",2829
"2019-02-21 21:45:31",2830
"2019-02-21 22:45:33",2830
"2019-02-21 23:45:33",2829
"2019-02-22 00:45:34",2829
"2019-02-22 01:45:37",2829
"2019-02-22 02:45:35",2829
"2019-02-22 03:45:36",2829
"2019-02-22 04:45:35",2829
"2019-02-22 05:45:33",2829
"2019-02-22 06:45:33",2829
"2019-02-22 07:45:37",2829
"2019-02-22 08:45:37",2829
"2019-02-22 09:45:35",2829
"2019-02-22 10:45:33",2829
"2019-02-22 11:45:34",2829
"2019-02-22 12:45:33",2829
"2019-02-22 13:45:31",2829
"2019-02-22 14:45:36",2829
"2019-02-22 15:45:36",2832
"2019-02-22 16:45:35",2831
"2019-02-22 17:45:34",2829
"2019-02-22 18:45:36",2826
"2019-02-22 19:45:34",2825
"2019-02-22 20:45:32",2823
"2019-02-22 21:45:38",2822
"2019-02-22 22:45:34",2822
"2019-02-22 23:45:38",2824
"2019-02-23 00:45:31",2824
"2019-02-23 01:45:37",2824
"2019-02-23 02:45:39",2824
"2019-02-23 03:45:40",2824
"2019-02-23 04:45:37",2824
"2019-02-23 05:45:36",2824
"2019-02-23 06:45:32",2824
"2019-02-23 07:45:33",2824
"2019-02-23 08:45:34",2824
"2019-02-23 09:45:33",2824
"2019-02-23 10:45:33",2824
"2019-02-23 11:45:34",2824
"2019-02-23 12:45:33",2824
"2019-02-23 13:45:32",2824
"2019-02-23 14:45:34",2824
"2019-02-23 15:45:35",2824
"2019-02-23 16:45:32",2824
"2019-02-23 17:45:33",2824
"2019-02-23 18:45:35",2824
"2019-02-23 19:45:34",2824
"2019-02-23 20:45:34",2824
"2019-02-23 21:45:36",2824
"2019-02-23 22:45:33",2824
"2019-02-23 23:45:34",2824
"2019-02-24 00:45:35",2824
"2019-02-24 01:45:35",2824
"2019-02-24 02:45:35",2824
"2019-02-24 03:45:35",2824
"2019-02-24 04:45:34",2824
"2019-02-24 05:45:36",2824
"2019-02-24 06:45:34",2824
"2019-02-24 07:45:34",2824
"2019-02-24 08:45:33",2824
"2019-02-24 09:45:33",2824
"2019-02-24 10:45:31",2824
"2019-02-24 11:45:32",2824
"2019-02-24 12:45:32",2824
"2019-02-24 13:45:32",2824
"2019-02-24 14:45:31",2824
"2019-02-24 15:45:34",2824
"2019-02-24 16:45:33",2824
"2019-02-24 17:45:37",2824
"2019-02-24 18:45:35",2824
"2019-02-24 19:45:35",2824
"2019-02-24 20:45:33",2824
"2019-02-24 21:45:32",2824
"2019-02-24 22:45:34",2824
"2019-02-24 23:45:34",2824
"2019-02-25 00:45:35",2824
"2019-02-25 01:45:34",2824
"2019-02-25 02:45:34",2824
"2019-02-25 03:45:36",2824
"2019-02-25 04:45:34",2824
"2019-02-25 05:45:32",2824
"2019-02-25 06:45:30",2823
"2019-02-25 07:45:33",2823
"2019-02-25 08:45:33",2823
"2019-02-25 09:45:32",2823
"2019-02-25 10:45:30",2823
"2019-02-25 11:45:34",2823
"2019-02-25 12:45:32",2823
"2019-02-25 14:10:37",2822
"2019-02-25 14:45:34",2822
"2019-02-25 15:45:37",2821
"2019-02-25 16:45:34",2820
"2019-02-25 17:45:36",2819
"2019-02-25 18:45:38",2821
"2019-02-25 19:45:33",2818
"2019-02-25 20:45:35",2821
"2019-02-25 21:45:35",2818
"2019-02-25 22:45:33",2818
"2019-02-25 23:45:35",2818
"2019-02-26 00:45:36",2818
"2019-02-26 01:45:34",2818
"2019-02-26 02:45:38",2818
"2019-02-26 03:45:39",2818
"2019-02-26 04:45:38",2818
"2019-02-26 05:45:34",2818
"2019-02-26 06:45:38",2818
"2019-02-26 07:45:37",2818
"2019-02-26 08:45:35",2818
"2019-02-26 09:45:34",2818
"2019-02-26 10:45:31",2818
"2019-02-26 11:45:34",2818
"2019-02-26 12:45:32",2818
"2019-02-26 13:45:34",2817
"2019-02-26 14:45:36",2817
"2019-02-26 15:45:40",2808
"2019-02-26 16:45:36",2811
"2019-02-26 17:45:36",2810
"2019-02-26 18:45:33",2809
"2019-02-26 19:45:41",2810
"2019-02-26 20:45:37",2812
"2019-02-26 21:45:34",2812
"2019-02-26 22:45:39",2812
"2019-02-26 23:45:37",2812
"2019-02-27 00:45:40",2812
"2019-02-27 01:45:40",2812
"2019-02-27 03:46:09",2812
"2019-02-27 04:45:39",2812
"2019-02-27 05:45:37",2812
"2019-02-27 06:45:38",2812
"2019-02-27 07:45:36",2812
"2019-02-27 08:45:34",2812
"2019-02-27 09:45:32",2812
"2019-02-27 10:45:33",2812
"2019-02-27 11:45:37",2812
"2019-02-27 12:45:39",2812
"2019-02-27 13:45:35",2812
"2019-02-27 14:45:38",2812
"2019-02-27 15:45:42",2809
"2019-02-27 16:45:34",2807
"2019-02-27 17:45:34",2806
"2019-02-27 18:45:39",2807
"2019-02-27 19:45:37",2805
"2019-02-27 20:45:35",2802
"2019-02-27 21:45:36",2802
"2019-02-27 22:45:38",2802
"2019-02-27 23:45:34",2802
"2019-02-28 01:45:33",2802
"2019-02-28 02:45:37",2802
"2019-02-28 04:45:36",2802
"2019-02-28 05:45:35",2802
"2019-02-28 06:45:32",2802
"2019-02-28 07:45:34",2802
"2019-02-28 08:45:35",2802
"2019-02-28 09:45:33",2802
"2019-02-28 10:45:35",2802
"2019-02-28 11:45:35",2802
"2019-02-28 12:45:35",2802
"2019-02-28 13:45:36",2802
"2019-02-28 15:09:42",2801
"2019-02-28 15:45:30",2801
"2019-02-28 16:45:37",2803
"2019-02-28 17:45:37",2803
"2019-02-28 18:45:41",2804
"2019-02-28 19:45:38",2802
"2019-02-28 20:45:34",2802
"2019-02-28 21:45:34",2805
"2019-02-28 22:45:37",2803
"2019-02-28 23:45:35",2802
"2019-03-01 00:45:34",2802
"2019-03-01 01:45:36",2802
"2019-03-01 02:45:38",2802
"2019-03-01 03:45:42",2802
"2019-03-01 04:45:38",2802
"2019-03-01 05:45:38",2802
"2019-03-01 06:45:36",2802
"2019-03-01 07:45:37",2802
"2019-03-01 08:45:36",2802
"2019-03-01 09:45:32",2802
"2019-03-01 10:45:35",2802
"2019-03-01 11:45:33",2802
"2019-03-01 12:45:32",2802
"2019-03-01 13:45:42",2802
"2019-03-01 14:45:41",2802
"2019-03-01 15:45:37",2808
"2019-03-01 16:45:37",2808
"2019-03-01 17:45:36",2809
"2019-03-01 18:45:38",2807
"2019-03-01 19:45:38",2804
"2019-03-01 20:45:41",2800
"2019-03-01 21:45:41",2797
"2019-03-01 22:45:41",2798
"2019-03-01 23:45:41",2798
"2019-03-02 07:45:38",2798
"2019-03-02 08:45:36",2798
"2019-03-02 09:45:32",2798
"2019-03-02 10:45:33",2798
"2019-03-02 11:45:37",2798
"2019-03-02 15:45:42",2798
"2019-03-02 16:45:37",2798
"2019-03-02 17:45:35",2798
"2019-03-04 02:45:39",2798
"2019-03-04 07:45:39",2798
"2019-03-04 10:45:34",2798
"2019-03-04 11:45:34",2798
"2019-03-04 12:45:30",2798
"2019-03-04 13:45:28",2798
"2019-03-04 14:45:38",2799
"2019-03-04 15:45:33",2801
"2019-03-04 16:45:36",2805
"2019-03-04 17:45:36",2807
"2019-03-04 18:45:34",2806
"2019-03-04 19:45:39",2807
"2019-03-04 20:45:38",2809
"2019-03-04 21:45:36",2809
"2019-03-04 22:45:38",2809
"2019-03-04 23:45:36",2809
"2019-03-05 00:45:38",2809
"2019-03-05 01:45:36",2809
"2019-03-05 02:45:40",2809
"2019-03-05 03:45:40",2809
"2019-03-05 04:45:37",2809
"2019-03-05 05:45:36",2809
"2019-03-05 06:45:34",2809
"2019-03-05 07:45:34",2809
"2019-03-05 08:45:33",2809
"2019-03-05 09:45:35",2809
"2019-03-05 10:45:32",2809
"2019-03-05 11:45:30",2809
"2019-03-05 12:45:33",2809
"2019-03-05 14:10:46",2809
"2019-03-05 14:45:36",2809
"2019-03-05 15:45:40",2808
"2019-03-05 16:45:39",2805
"2019-03-05 17:45:38",2807
"2019-03-05 18:45:37",2810
"2019-03-05 19:45:37",2808
"2019-03-05 20:45:37",2810
"2019-03-05 21:45:37",2812
"2019-03-05 22:45:40",2813
"2019-03-05 23:45:40",2813
"2019-03-06 00:45:40",2813
"2019-03-06 01:45:39",2813
"2019-03-06 02:45:38",2813
"2019-03-06 03:45:40",2813
"2019-03-06 04:45:42",2813
"2019-03-06 05:45:39",2813
"2019-03-06 06:45:41",2813
"2019-03-06 07:45:36",2813
"2019-03-06 08:45:33",2813
"2019-03-06 09:45:35",2813
"2019-03-06 10:45:38",2813
"2019-03-06 11:46:41",2813
"2019-03-06 12:46:03",2813
"2019-03-06 14:10:43",2813
"2019-03-06 14:46:17",2813
"2019-03-06 15:46:11",2814
"2019-03-06 16:45:33",2817
"2019-03-06 17:45:44",2817
"2019-03-06 18:45:41",2817
"2019-03-06 19:45:39",2817
"2019-03-06 20:45:38",2816
"2019-03-06 21:45:37",2815
"2019-03-06 22:45:37",2814
"2019-03-06 23:45:38",2814
"2019-03-07 00:45:38",2814
"2019-03-07 01:45:40",2814
"2019-03-07 02:45:42",2814
"2019-03-07 04:45:49",2814
"2019-03-07 05:45:41",2814
"2019-03-07 06:45:36",2814
"2019-03-07 07:45:38",2814
"2019-03-07 08:45:40",2814
"2019-03-07 09:45:38",2814
"2019-03-07 10:45:35",2814
"2019-03-07 11:45:37",2814
"2019-03-07 12:45:36",2814
"2019-03-07 13:45:37",2814
"2019-03-07 14:45:40",2814
"2019-03-07 15:45:35",2817
"2019-03-07 16:45:38",2817
"2019-03-07 17:45:42",2816
"2019-03-07 18:45:39",2818
"2019-03-07 20:10:12",2815
"2019-03-07 20:45:37",2815
"2019-03-07 21:45:40",2816
"2019-03-07 22:45:43",2817
"2019-03-07 23:45:35",2818
"2019-03-08 00:45:38",2818
"2019-03-08 01:45:39",2818
"2019-03-08 02:45:37",2818
"2019-03-08 04:45:37",2818
"2019-03-08 05:45:37",2818
"2019-03-08 06:45:37",2818
"2019-03-08 07:45:36",2818
"2019-03-08 08:45:35",2818
"2019-03-08 09:45:35",2818
"2019-03-08 10:45:34",2818
"2019-03-08 11:45:34",2818
"2019-03-08 12:45:36",2818
"2019-03-08 14:10:42",2818
"2019-03-08 14:45:34",2818
"2019-03-08 15:45:41",2821
"2019-03-08 16:45:35",2822
"2019-03-08 17:45:35",2823
"2019-03-08 18:45:39",2820
"2019-03-08 19:45:39",2820
"2019-03-08 20:45:33",2819
"2019-03-08 21:45:42",2819
"2019-03-08 22:45:34",2821
"2019-03-08 23:45:40",2821
"2019-03-09 00:45:45",2821
"2019-03-09 01:45:40",2821
"2019-03-09 02:45:36",2821
"2019-03-09 03:45:40",2821
"2019-03-09 04:45:38",2821
"2019-03-09 05:45:36",2821
"2019-03-09 06:45:35",2821
"2019-03-09 07:45:35",2821
"2019-03-09 08:45:33",2821
"2019-03-09 09:45:30",2821
"2019-03-09 10:45:33",2821
"2019-03-09 11:45:32",2821
"2019-03-09 12:45:33",2821
"2019-03-09 13:45:32",2821
"2019-03-09 14:45:36",2821
"2019-03-09 15:45:38",2821
"2019-03-09 16:45:36",2821
"2019-03-09 17:45:35",2821
"2019-03-09 18:45:36",2821
"2019-03-09 19:45:35",2821
"2019-03-09 20:45:35",2821
"2019-03-09 21:45:33",2821
"2019-03-09 22:45:36",2821
"2019-03-09 23:45:35",2821
"2019-03-10 00:45:36",2821
"2019-03-10 01:45:36",2821
"2019-03-10 02:45:38",2821
"2019-03-10 03:45:35",2821
"2019-03-10 04:45:34",2821
"2019-03-10 05:45:34",2821
"2019-03-10 06:45:36",2821
"2019-03-10 07:45:32",2821
"2019-03-10 08:45:30",2821
"2019-03-10 09:45:34",2821
"2019-03-10 10:45:31",2821
"2019-03-10 11:45:32",2821
"2019-03-10 12:45:33",2821
"2019-03-10 13:45:32",2821
"2019-03-10 14:45:32",2821
"2019-03-10 15:45:39",2821
"2019-03-10 16:45:35",2821
"2019-03-10 17:45:39",2821
"2019-03-10 18:45:41",2821
"2019-03-10 19:45:36",2821
"2019-03-10 20:45:34",2821
"2019-03-10 21:45:34",2821
"2019-03-10 22:45:33",2821
"2019-03-10 23:45:35",2821
"2019-03-11 00:45:36",2821
"2019-03-11 01:45:37",2821
"2019-03-11 02:45:35",2821
"2019-03-11 03:45:35",2821
"2019-03-11 04:45:35",2821
"2019-03-11 05:45:35",2821
"2019-03-11 06:45:33",2821
"2019-03-11 07:45:34",2821
"2019-03-11 08:45:31",2821
"2019-03-11 09:45:34",2821
"2019-03-11 10:45:35",2821
"2019-03-11 11:45:32",2821
"2019-03-11 12:45:38",2821
"2019-03-11 13:45:37",2820
"2019-03-11 14:45:37",2818
"2019-03-11 15:45:34",2817
"2019-03-11 16:45:35",2818
"2019-03-11 17:45:35",2816
"2019-03-11 18:45:36",2814
"2019-03-11 19:45:35",2815
"2019-03-11 20:45:35",2814
"2019-03-11 21:45:37",2812
"2019-03-11 22:45:35",2811
"2019-03-11 23:45:38",2811
"2019-03-12 00:45:40",2811
"2019-03-12 01:45:35",2811
"2019-03-12 02:45:35",2811
"2019-03-12 03:45:39",2811
"2019-03-12 04:45:36",2811
"2019-03-12 05:45:37",2811
"2019-03-12 06:45:37",2811
"2019-03-12 07:45:33",2811
"2019-03-12 08:45:34",2811
"2019-03-12 09:45:33",2811
"2019-03-12 10:45:37",2811
"2019-03-12 11:45:33",2811
"2019-03-12 12:45:36",2811
"2019-03-12 13:45:36",2811
"2019-03-12 14:45:34",2812
"2019-03-12 15:45:35",2812
"2019-03-12 16:45:35",2812
"2019-03-12 17:45:34",2813
"2019-03-12 18:45:35",2813
"2019-03-12 19:45:33",2815
"2019-03-12 20:45:35",2818
"2019-03-12 21:45:34",2819
"2019-03-12 22:45:37",2819
"2019-03-12 23:45:39",2819
"2019-03-13 00:45:37",2819
"2019-03-13 01:45:37",2819
"2019-03-13 02:45:35",2819
"2019-03-13 03:45:38",2819
"2019-03-13 04:45:38",2819
"2019-03-13 05:45:36",2819
"2019-03-13 06:45:35",2819
"2019-03-13 07:45:38",2819
"2019-03-13 08:45:34",2819
"2019-03-13 09:45:34",2819
"2019-03-13 10:45:32",2819
"2019-03-13 11:45:31",2819
"2019-03-13 13:09:36",2820
"2019-03-13 13:45:35",2820
"2019-03-13 14:45:34",2820
"2019-03-13 15:45:35",2822
"2019-03-13 16:45:37",2825
"2019-03-13 17:45:37",2823
"2019-03-13 18:45:32",2823
"2019-03-13 19:45:36",2824
"2019-03-13 20:45:34",2825
"2019-03-13 21:45:36",2827
"2019-03-13 22:45:33",2827
"2019-03-13 23:45:36",2827
"2019-03-14 00:45:34",2827
"2019-03-14 01:45:37",2827
"2019-03-14 02:45:37",2827
"2019-03-14 03:45:34",2827
"2019-03-14 04:45:36",2827
"2019-03-14 05:45:33",2827
"2019-03-14 06:45:35",2827
"2019-03-14 07:45:34",2827
"2019-03-14 08:45:32",2827
"2019-03-14 09:45:31",2827
"2019-03-14 10:45:37",2827
"2019-03-14 11:45:34",2827
"2019-03-14 13:10:09",2827
"2019-03-14 13:45:34",2827
"2019-03-14 14:45:36",2820
"2019-03-14 15:45:37",2820
"2019-03-14 16:45:35",2822
"2019-03-14 17:45:36",2822
"2019-03-14 18:45:34",2824
"2019-03-14 19:45:42",2822
"2019-03-14 20:45:36",2824
"2019-03-14 21:45:38",2824
"2019-03-14 22:45:41",2824
"2019-03-14 23:45:40",2824
"2019-03-15 00:45:37",2824
"2019-03-15 01:45:37",2824
"2019-03-15 02:45:38",2824
"2019-03-15 03:45:37",2824
"2019-03-15 04:45:35",2824
"2019-03-15 05:45:34",2824
"2019-03-15 06:45:31",2824
"2019-03-15 07:45:35",2824
"2019-03-15 08:45:38",2824
"2019-03-15 09:45:38",2824
"2019-03-15 10:45:39",2824
"2019-03-15 11:45:37",2824
"2019-03-15 12:45:36",2824
"2019-03-15 13:45:39",2825
"2019-03-15 14:45:37",2823
"2019-03-15 15:45:42",2826
"2019-03-15 16:45:40",2824
"2019-03-15 17:45:41",2824
"2019-03-15 18:45:38",2825
"2019-03-15 19:45:37",2825
"2019-03-15 20:45:38",2825
"2019-03-15 21:45:36",2825
"2019-03-15 22:45:35",2826
"2019-03-15 23:45:40",2826
"2019-03-16 00:45:38",2826
"2019-03-16 01:45:35",2826
"2019-03-16 02:45:38",2826
"2019-03-16 03:45:39",2826
"2019-03-16 04:45:40",2826
"2019-03-16 05:45:40",2826
"2019-03-16 06:45:37",2826
"2019-03-16 07:45:37",2826
"2019-03-16 08:45:40",2826
"2019-03-16 09:45:36",2826
"2019-03-16 10:45:35",2826
"2019-03-16 11:45:36",2826
"2019-03-16 12:45:36",2826
"2019-03-16 13:45:38",2826
"2019-03-16 14:45:35",2826
"2019-03-16 15:45:37",2826
"2019-03-16 16:45:36",2826
"2019-03-16 17:45:36",2826
"2019-03-16 18:45:35",2826
"2019-03-16 19:45:35",2826
"2019-03-16 20:45:38",2826
"2019-03-16 21:45:40",2826
"2019-03-16 22:45:38",2826
"2019-03-16 23:45:36",2826
"2019-03-17 00:45:39",2826
"2019-03-17 01:45:37",2826
"2019-03-17 02:45:42",2826
"2019-03-17 03:45:39",2826
"2019-03-17 04:45:39",2826
"2019-03-17 05:45:39",2826
"2019-03-17 06:45:37",2826
"2019-03-17 07:45:36",2826
"2019-03-17 08:45:33",2826
"2019-03-17 09:45:37",2826
"2019-03-17 10:45:33",2826
"2019-03-17 11:45:34",2826
"2019-03-17 12:45:34",2826
"2019-03-17 13:45:34",2826
"2019-03-17 14:45:34",2826
"2019-03-17 15:45:33",2826
"2019-03-17 16:45:32",2826
"2019-03-17 17:45:34",2826
"2019-03-17 18:45:35",2826
"2019-03-17 19:45:35",2826
"2019-03-17 20:45:34",2826
"2019-03-17 21:45:32",2826
"2019-03-17 22:45:33",2826
"2019-03-17 23:45:35",2826
"2019-03-18 00:45:35",2826
"2019-03-18 01:45:33",2826
"2019-03-18 02:45:35",2826
"2019-03-18 03:45:36",2826
"2019-03-18 04:45:36",2826
"2019-03-18 05:45:33",2825
"2019-03-18 06:45:34",2825
"2019-03-18 07:45:36",2825
"2019-03-18 08:45:34",2825
"2019-03-18 09:45:35",2825
"2019-03-18 10:45:34",2825
"2019-03-18 11:45:32",2825
"2019-03-18 12:45:37",2825
"2019-03-18 13:45:40",2826
"2019-03-18 14:45:38",2825
"2019-03-18 15:45:43",2824
"2019-03-18 16:45:36",2822
"2019-03-18 17:45:41",2821
"2019-03-18 18:45:41",2821
"2019-03-18 19:45:40",2821
"2019-03-18 20:45:38",2824
"2019-03-18 21:45:40",2823
"2019-03-18 22:45:42",2822
"2019-03-18 23:45:40",2822
"2019-03-19 00:45:45",2822
"2019-03-19 01:45:42",2822
"2019-03-19 02:45:41",2822
"2019-03-19 03:45:39",2822
"2019-03-19 04:45:38",2822
"2019-03-19 05:45:35",2822
"2019-03-19 06:45:44",2822
"2019-03-19 07:45:38",2822
"2019-03-19 08:45:35",2822
"2019-03-19 09:45:38",2822
"2019-03-19 10:45:40",2822
"2019-03-19 11:45:38",2822
"2019-03-19 12:45:38",2822
"2019-03-19 13:45:38",2822
"2019-03-19 14:45:39",2819
"2019-03-19 15:45:41",2815
"2019-03-19 16:45:38",2815
"2019-03-19 17:45:46",2820
"2019-03-19 18:45:40",2820
"2019-03-19 19:45:45",2819
"2019-03-19 20:45:43",2824
"2019-03-19 21:45:49",2823
"2019-03-19 22:45:46",2823
"2019-03-19 23:45:41",2823
"2019-03-20 00:45:47",2823
"2019-03-20 01:45:44",2823
"2019-03-20 02:45:46",2823
"2019-03-20 03:45:47",2823
"2019-03-20 04:45:44",2823
"2019-03-20 05:45:41",2823
"2019-03-20 06:45:48",2823
"2019-03-20 07:45:48",2823
"2019-03-20 08:45:44",2823
"2019-03-20 09:45:42",2823
"2019-03-20 10:45:43",2823
"2019-03-20 11:45:43",2823
"2019-03-20 13:09:50",2823
"2019-03-20 13:45:43",2823
"2019-03-20 14:45:44",2819
"2019-03-20 15:45:46",2816
"2019-03-20 16:45:40",2813
"2019-03-20 17:45:42",2812
"2019-03-20 18:45:40",2814
"2019-03-20 19:45:40",2808
"2019-03-20 20:45:37",2804
"2019-03-20 21:45:36",2804
"2019-03-20 22:45:37",2804
"2019-03-20 23:45:36",2804
"2019-03-21 00:45:38",2804
"2019-03-21 01:45:36",2804
"2019-03-21 02:45:40",2804
"2019-03-21 03:45:41",2804
"2019-03-21 04:45:37",2804
"2019-03-21 05:45:41",2804
"2019-03-21 06:45:35",2804
"2019-03-21 07:45:35",2804
"2019-03-21 08:45:32",2804
"2019-03-21 09:45:35",2804
"2019-03-21 10:45:38",2804
"2019-03-21 11:45:36",2804
"2019-03-21 13:10:37",2804
"2019-03-21 13:45:34",2804
"2019-03-21 14:45:36",2803
"2019-03-21 15:45:36",2799
"2019-03-21 16:45:33",2800
"2019-03-21 17:45:35",2799
"2019-03-21 18:45:39",2799
"2019-03-21 19:45:35",2799
"2019-03-21 20:45:29",2801
"2019-03-21 21:45:32",2801
"2019-03-21 22:45:31",2801
"2019-03-21 23:45:32",2801
"2019-03-22 00:45:32",2801
"2019-03-22 01:45:32",2801
"2019-03-22 02:45:41",2801
"2019-03-22 03:45:33",2801
"2019-03-22 04:45:31",2801
"2019-03-22 05:45:32",2801
"2019-03-22 06:45:29",2801
"2019-03-22 07:45:30",2801
"2019-03-22 08:45:42",2801
"2019-03-22 09:45:33",2801
"2019-03-22 10:45:31",2801
"2019-03-22 11:45:30",2800
"2019-03-22 12:45:41",2800
"2019-03-22 13:45:31",2800
"2019-03-22 14:45:31",2798
"2019-03-22 15:45:32",2795
"2019-03-22 16:45:33",2794
"2019-03-22 17:45:36",2795
"2019-03-22 18:45:33",2798
"2019-03-22 19:45:31",2796
"2019-03-22 20:45:33",2796
"2019-03-22 21:45:30",2797
"2019-03-22 22:45:32",2796
"2019-03-22 23:45:30",2796
"2019-03-23 00:45:33",2796
"2019-03-23 01:45:40",2796
"2019-03-23 02:45:32",2796
"2019-03-23 03:45:31",2796
"2019-03-23 04:45:30",2796
"2019-03-23 05:45:31",2796
"2019-03-23 06:45:30",2796
"2019-03-23 07:45:37",2796
"2019-03-23 08:45:30",2796
"2019-03-23 09:45:32",2796
"2019-03-23 10:45:30",2796
"2019-03-23 11:45:31",2796
"2019-03-23 12:45:31",2796
"2019-03-23 13:45:35",2796
"2019-03-23 14:45:32",2796
"2019-03-23 15:45:32",2796
"2019-03-23 16:45:30",2796
"2019-03-23 17:45:31",2796
"2019-03-23 18:45:32",2796
"2019-03-23 19:45:37",2796
"2019-03-23 20:45:33",2796
"2019-03-23 21:45:32",2796
"2019-03-23 22:45:30",2796
"2019-03-23 23:45:31",2796
"2019-03-24 00:45:32",2796
"2019-03-24 01:45:33",2796
"2019-03-24 02:45:32",2796
"2019-03-24 03:45:34",2796
"2019-03-24 04:45:41",2796
"2019-03-24 05:45:33",2796
"2019-03-24 06:45:33",2796
"2019-03-24 07:45:32",2796
"2019-03-24 08:45:32",2796
"2019-03-24 09:45:39",2796
"2019-03-24 10:45:35",2796
"2019-03-24 11:45:28",2796
"2019-03-24 12:45:29",2796
"2019-03-24 13:45:36",2796
"2019-03-24 14:45:31",2796
"2019-03-24 15:45:31",2796
"2019-03-24 16:45:31",2796
"2019-03-24 17:45:31",2796
"2019-03-24 18:45:32",2796
"2019-03-24 19:45:32",2796
"2019-03-24 20:45:34",2796
"2019-03-24 21:45:40",2796
"2019-03-24 22:45:34",2796
"2019-03-24 23:45:33",2796
"2019-03-25 00:45:32",2796
"2019-03-25 01:45:33",2796
"2019-03-25 02:45:34",2796
"2019-03-25 03:45:44",2796
"2019-03-25 04:45:33",2796
"2019-03-25 05:45:34",2796
"2019-03-25 06:45:32",2796
"2019-03-25 07:45:33",2796
"2019-03-25 08:45:35",2796
"2019-03-25 09:45:32",2796
"2019-03-25 10:45:33",2796
"2019-03-25 11:45:44",2796
"2019-03-25 13:09:38",2796
"2019-03-25 13:45:41",2796
"2019-03-25 14:45:33",2801
"2019-03-25 15:45:34",2798
"2019-03-25 16:45:33",2800
"2019-03-25 17:45:35",2801
"2019-03-25 18:45:36",2803
"2019-03-25 19:45:40",2801
"2019-03-25 20:45:34",2805
"2019-03-25 21:45:32",2805
"2019-03-25 22:45:49",2805
"2019-03-25 23:45:45",2805
"2019-03-26 00:45:36",2805
"2019-03-26 01:45:36",2805
"2019-03-26 02:45:38",2805
"2019-03-26 03:45:35",2805
"2019-03-26 04:45:33",2805
"2019-03-26 05:45:36",2805
"2019-03-26 06:45:32",2805
"2019-03-26 07:45:32",2805
"2019-03-26 08:45:31",2805
"2019-03-26 09:45:32",2805
"2019-03-26 10:45:37",2805
"2019-03-26 11:45:33",2805
"2019-03-26 12:45:36",2805
"2019-03-26 13:45:44",2806
"2019-03-26 14:45:31",2806
"2019-03-26 15:45:43",2808
"2019-03-26 16:45:40",2808
"2019-03-26 17:45:34",2806
"2019-03-26 18:45:39",2806
"2019-03-26 19:45:46",2806
"2019-03-26 20:45:36",2810
"2019-03-26 21:45:34",2811
"2019-03-26 22:45:34",2811
"2019-03-26 23:45:35",2811
"2019-03-27 00:45:42",2811
"2019-03-27 01:45:34",2811
"2019-03-27 02:45:32",2811
"2019-03-27 03:45:43",2811
"2019-03-27 04:45:39",2811
"2019-03-27 05:45:36",2811
"2019-03-27 06:45:44",2811
"2019-03-27 07:45:33",2811
"2019-03-27 08:45:33",2811
"2019-03-27 09:45:34",2811
"2019-03-27 10:45:41",2811
"2019-03-27 11:45:33",2811
"2019-03-27 13:10:19",2811
"2019-03-27 13:45:36",2811
"2019-03-27 14:45:43",2812
"2019-03-27 15:45:34",2815
"2019-03-27 16:45:37",2814
"2019-03-27 17:45:48",2813
"2019-03-27 18:45:34",2811
"2019-03-27 19:45:32",2814
"2019-03-27 20:45:38",2815
"2019-03-27 21:45:35",2814
"2019-03-27 22:45:49",2814
"2019-03-27 23:45:39",2814
"2019-03-28 00:45:37",2814
"2019-03-28 01:45:35",2814
"2019-03-28 02:45:49",2814
"2019-03-28 03:45:37",2814
"2019-03-28 04:45:42",2814
"2019-03-28 05:45:34",2814
"2019-03-28 06:45:31",2814
"2019-03-28 07:45:33",2814
"2019-03-28 08:45:31",2814
"2019-03-28 09:45:32",2814
"2019-03-28 10:45:32",2814
"2019-03-28 11:45:31",2814
"2019-03-28 13:10:08",2814
"2019-03-28 13:45:40",2814
"2019-03-28 14:45:33",2815
"2019-03-28 15:45:36",2814
"2019-03-28 16:45:38",2816
"2019-03-28 17:45:35",2818
"2019-03-28 18:45:36",2820
"2019-03-28 19:45:35",2819
"2019-03-28 20:45:38",2820
"2019-03-28 21:45:36",2820
"2019-03-28 22:45:34",2820
"2019-03-28 23:45:35",2820
"2019-03-29 00:45:34",2820
"2019-03-29 01:45:53",2820
"2019-03-29 02:45:42",2820
"2019-03-29 03:45:47",2820
"2019-03-29 04:45:40",2820
"2019-03-29 05:45:33",2820
"2019-03-29 06:45:31",2820
"2019-03-29 07:45:33",2820
"2019-03-29 08:45:40",2820
"2019-03-29 09:45:34",2820
"2019-03-29 10:45:35",2820
"2019-03-29 11:45:38",2820
"2019-03-29 13:10:37",2820
"2019-03-29 13:45:36",2820
"2019-03-29 14:45:38",2820
"2019-03-29 15:45:36",2819
"2019-03-29 16:45:29",2820
"2019-03-29 17:45:41",2821
"2019-03-29 18:45:56",2820
"2019-03-29 19:45:39",2821
"2019-03-29 20:45:39",2819
"2019-03-29 21:45:38",2820
"2019-03-29 22:45:45",2820
"2019-03-29 23:45:53",2820
"2019-03-30 00:45:45",2820
"2019-03-30 01:45:42",2820
"2019-03-30 02:45:46",2820
"2019-03-30 03:45:44",2820
"2019-03-30 04:45:45",2820
"2019-03-30 05:45:38",2820
"2019-03-30 06:45:37",2820
"2019-03-30 07:45:39",2820
"2019-03-30 08:46:03",2820
"2019-03-30 09:45:39",2820
"2019-03-30 10:45:40",2820
"2019-03-30 11:45:38",2820
"2019-03-30 12:45:48",2820
"2019-03-30 13:45:32",2820
"2019-03-30 14:45:32",2820
"2019-03-30 15:45:31",2820
"2019-03-30 16:45:31",2820
"2019-03-30 17:45:41",2820
"2019-03-30 18:45:30",2820
"2019-03-30 19:45:32",2820
"2019-03-30 20:45:31",2820
"2019-03-30 21:45:33",2820
"2019-03-30 22:45:41",2820
"2019-03-30 23:45:32",2820
"2019-03-31 00:45:33",2820
"2019-03-31 01:45:36",2820
"2019-03-31 02:45:42",2820
"2019-03-31 03:45:35",2820
"2019-03-31 04:45:32",2820
"2019-03-31 05:45:31",2820
"2019-03-31 06:45:41",2820
"2019-03-31 07:45:33",2820
"2019-03-31 08:45:31",2820
"2019-03-31 09:45:31",2820
"2019-03-31 10:45:36",2820
"2019-03-31 11:45:32",2820
"2019-03-31 12:45:33",2820
"2019-03-31 13:45:37",2820
"2019-03-31 14:45:31",2820
"2019-03-31 15:45:33",2820
"2019-03-31 16:45:35",2820
"2019-03-31 17:45:46",2820
"2019-03-31 18:45:33",2820
"2019-03-31 19:45:33",2820
"2019-03-31 20:45:33",2820
"2019-03-31 21:45:33",2820
"2019-03-31 22:45:32",2820
"2019-03-31 23:45:37",2820
"2019-04-01 00:45:43",2820
"2019-04-01 01:45:37",2820
"2019-04-01 02:45:42",2820
"2019-04-01 03:45:54",2820
"2019-04-01 04:45:36",2820
"2019-04-01 05:45:36",2820
"2019-04-01 06:45:36",2820
"2019-04-01 07:45:41",2820
"2019-04-01 08:45:35",2820
"2019-04-01 09:45:36",2820
"2019-04-01 10:45:43",2820
"2019-04-01 11:45:42",2820
"2019-04-01 13:45:50",2820
"2019-04-01 14:45:44",2821
"2019-04-01 15:45:55",2825
"2019-04-01 16:45:48",2829
"2019-04-01 17:45:40",2826
"2019-04-01 18:45:35",2825
"2019-04-01 19:45:51",2823
"2019-04-01 20:45:37",2827
"2019-04-01 21:45:33",2827
"2019-04-01 22:45:39",2827
"2019-04-01 23:45:38",2827
"2019-04-02 00:45:46",2827
"2019-04-02 01:46:06",2827
"2019-04-02 02:45:39",2827
"2019-04-02 03:45:47",2827
"2019-04-02 04:45:39",2827
"2019-04-02 05:45:35",2827
"2019-04-02 06:45:34",2827
"2019-04-02 07:45:42",2827
"2019-04-02 08:45:35",2827
"2019-04-02 09:45:44",2827
"2019-04-02 10:45:34",2827
"2019-04-02 11:45:33",2827
"2019-04-02 13:10:17",2827
"2019-04-02 13:45:37",2827
"2019-04-02 14:45:34",2828
"2019-04-02 15:45:48",2827
"2019-04-02 16:45:36",2828
"2019-04-02 17:45:46",2826
"2019-04-02 18:45:39",2823
"2019-04-02 19:45:41",2821
"2019-04-02 20:45:48",2816
"2019-04-02 21:45:38",2816
"2019-04-02 22:45:37",2816
"2019-04-02 23:45:38",2816
"2019-04-03 00:45:58",2816
"2019-04-03 01:45:40",2816
"2019-04-03 02:45:39",2816
"2019-04-03 03:45:42",2816
"2019-04-03 04:45:43",2816
"2019-04-03 05:45:42",2816
"2019-04-03 06:45:46",2816
"2019-04-03 07:45:38",2816
"2019-04-03 08:45:38",2816
"2019-04-03 09:45:56",2816
"2019-04-03 10:45:50",2816
"2019-04-03 11:45:42",2816
"2019-04-03 13:10:19",2816
"2019-04-03 13:45:40",2816
"2019-04-03 14:45:47",2819
"2019-04-03 15:45:49",2819
"2019-04-03 16:45:37",2819
"2019-04-03 17:45:36",2819
"2019-04-03 18:45:36",2817
"2019-04-03 19:45:39",2817
"2019-04-03 20:45:40",2815
"2019-04-03 21:45:36",2815
"2019-04-03 22:45:33",2814
"2019-04-03 23:45:43",2814
"2019-04-04 00:45:33",2814
"2019-04-04 01:45:37",2814
"2019-04-04 02:45:36",2814
"2019-04-04 03:45:44",2814
"2019-04-04 04:45:33",2814
"2019-04-04 05:45:32",2814
"2019-04-04 06:45:32",2814
"2019-04-04 07:45:35",2814
"2019-04-04 08:45:41",2814
"2019-04-04 09:45:33",2814
"2019-04-04 10:45:34",2814
"2019-04-04 11:45:43",2814
"2019-04-04 12:45:35",2813
"2019-04-04 13:45:35",2812
"2019-04-04 14:45:46",2807
"2019-04-04 15:45:38",2806
"2019-04-04 16:45:47",2808
"2019-04-04 17:45:34",2808
"2019-04-04 18:45:42",2807
"2019-04-04 19:45:36",2807
"2019-04-04 20:45:34",2806
"2019-04-04 21:45:39",2806
"2019-04-04 22:45:50",2806
"2019-04-04 23:45:35",2806
"2019-04-05 00:45:37",2806
"2019-04-05 01:45:34",2806
"2019-04-05 02:45:34",2806
"2019-04-05 03:45:53",2806
"2019-04-05 04:45:36",2806
"2019-04-05 05:45:35",2806
"2019-04-05 06:45:34",2806
"2019-04-05 07:45:35",2806
"2019-04-05 08:45:49",2806
"2019-04-05 09:45:36",2806
"2019-04-05 10:45:45",2806
"2019-04-05 11:45:36",2806
"2019-04-05 13:09:46",2805
"2019-04-05 13:45:40",2805
"2019-04-05 14:45:40",2807
"2019-04-05 15:45:46",2806
"2019-04-05 16:45:34",2807
"2019-04-05 17:45:36",2809
"2019-04-05 18:45:39",2810
"2019-04-05 19:45:37",2810
"2019-04-05 20:45:37",2811
"2019-04-05 21:45:44",2809
"2019-04-05 22:45:37",2809
"2019-04-05 23:45:40",2809
"2019-04-06 00:45:40",2809
"2019-04-06 01:45:55",2809
"2019-04-06 02:45:43",2809
"2019-04-06 03:45:43",2809
"2019-04-06 04:45:48",2809
"2019-04-06 05:45:39",2809
"2019-04-06 06:45:38",2809
"2019-04-06 07:45:40",2809
"2019-04-06 08:45:51",2809
"2019-04-06 09:45:37",2809
"2019-04-06 10:45:38",2809
"2019-04-06 11:45:40",2809
"2019-04-06 12:45:39",2809
"2019-04-06 13:45:35",2809
"2019-04-06 14:45:35",2809
"2019-04-06 15:45:45",2809
"2019-04-06 16:45:35",2809
"2019-04-06 17:45:35",2809
"2019-04-06 18:45:37",2809
"2019-04-06 19:45:36",2809
"2019-04-06 20:45:33",2809
"2019-04-06 21:45:48",2809
"2019-04-06 22:45:36",2809
"2019-04-06 23:45:36",2809
"2019-04-07 00:45:35",2809
"2019-04-07 01:45:33",2809
"2019-04-07 02:45:39",2809
"2019-04-07 03:45:46",2809
"2019-04-07 04:45:38",2809
"2019-04-07 05:45:38",2809
"2019-04-07 06:45:40",2809
"2019-04-07 07:45:49",2809
"2019-04-07 08:45:39",2809
"2019-04-07 09:45:43",2809
"2019-04-07 10:45:35",2809
"2019-04-07 11:45:44",2809
"2019-04-07 12:45:40",2809
"2019-04-07 13:45:46",2809
"2019-04-07 14:45:37",2809
"2019-04-07 15:45:41",2809
"2019-04-07 16:45:44",2809
"2019-04-07 17:45:37",2809
"2019-04-07 18:45:37",2809
"2019-04-07 19:45:37",2809
"2019-04-07 20:45:45",2809
"2019-04-07 21:45:35",2809
"2019-04-07 22:45:36",2809
"2019-04-07 23:45:34",2809
"2019-04-08 00:45:50",2809
"2019-04-08 01:45:41",2809
"2019-04-08 02:45:37",2809
"2019-04-08 03:45:37",2809
"2019-04-08 04:45:33",2809
"2019-04-08 05:45:46",2809
"2019-04-08 06:45:33",2809
"2019-04-08 07:45:33",2809
"2019-04-08 08:45:34",2809
"2019-04-08 09:45:37",2809
"2019-04-08 10:45:36",2809
"2019-04-08 11:45:51",2809
"2019-04-08 12:45:35",2809
"2019-04-08 13:45:46",2809
"2019-04-08 14:45:34",2805
"2019-04-08 15:45:41",2804
"2019-04-08 16:45:55",2805
"2019-04-08 17:45:38",2803
"2019-04-08 18:45:38",2804
"2019-04-08 19:45:38",2804
"2019-04-08 20:45:37",2806
"2019-04-08 21:45:40",2807
"2019-04-08 22:45:39",2806
"2019-04-08 23:45:37",2806
"2019-04-09 00:45:47",2806
"2019-04-09 01:45:39",2806
"2019-04-09 02:45:41",2806
"2019-04-09 03:45:40",2806
"2019-04-09 04:45:38",2806
"2019-04-09 05:45:44",2806
"2019-04-09 06:45:38",2806
"2019-04-09 07:45:36",2806
"2019-04-09 08:45:41",2806
"2019-04-09 09:45:54",2806
"2019-04-09 10:45:36",2806
"2019-04-09 11:45:40",2806
"2019-04-09 13:10:58",2806
"2019-04-09 13:45:36",2806
"2019-04-09 14:45:36",2809
"2019-04-09 15:45:54",2810
"2019-04-09 16:45:39",2811
"2019-04-09 17:45:38",2811
"2019-04-09 18:45:39",2810
"2019-04-09 19:45:38",2810
"2019-04-09 20:45:38",2812
"2019-04-09 21:45:38",2812
"2019-04-09 22:45:38",2812
"2019-04-09 23:45:48",2812
"2019-04-10 00:45:39",2812
"2019-04-10 01:45:41",2812
"2019-04-10 02:45:41",2812
"2019-04-10 03:45:45",2812
"2019-04-10 04:45:48",2812
"2019-04-10 05:45:37",2812
"2019-04-10 06:45:37",2812
"2019-04-10 07:45:37",2812
"2019-04-10 08:45:49",2812
"2019-04-10 09:45:39",2812
"2019-04-10 10:45:38",2812
"2019-04-10 11:45:43",2812
"2019-04-10 12:45:51",2812
"2019-04-10 13:45:54",2812
"2019-04-10 14:45:40",2810
"2019-04-10 15:45:42",2812
"2019-04-10 16:45:40",2806
"2019-04-10 17:45:50",2806
"2019-04-10 18:45:45",2808
"2019-04-10 19:45:42",2808
"2019-04-10 20:45:37",2808
"2019-04-10 21:45:34",2809
"2019-04-10 22:45:35",2809
"2019-04-10 23:45:49",2809
"2019-04-11 00:45:37",2809
"2019-04-11 01:45:35",2809
"2019-04-11 02:45:39",2809
"2019-04-11 03:45:42",2809
"2019-04-11 04:45:42",2809
"2019-04-11 05:45:40",2809
"2019-04-11 06:45:36",2809
"2019-04-11 18:45:48",2812
"2019-04-11 19:46:00",2813
"2019-04-11 20:45:40",2816
"2019-04-11 21:45:39",2816
"2019-04-11 22:45:38",2816
"2019-04-11 23:45:40",2816
"2019-04-12 00:45:39",2816
"2019-04-12 01:45:42",2816
"2019-04-12 02:45:49",2816
"2019-04-12 03:45:42",2816
"2019-04-12 04:45:40",2816
"2019-04-12 05:45:40",2816
"2019-04-12 06:45:37",2816
"2019-04-12 07:45:37",2816
"2019-04-12 08:45:39",2816
"2019-04-12 09:45:45",2816
"2019-04-12 10:45:38",2816
"2019-04-12 11:45:37",2816
"2019-04-12 13:09:24",2816
"2019-04-12 13:45:41",2816
"2019-04-12 14:45:37",2812
"2019-04-12 15:45:46",2810
"2019-04-12 16:45:43",2810
"2019-04-12 17:45:39",2809
"2019-04-12 18:45:38",2806
"2019-04-12 19:45:38",2806
"2019-04-12 20:45:38",2801
"2019-04-12 21:45:37",2801
"2019-04-12 22:45:52",2801
"2019-04-12 23:45:37",2801
"2019-04-13 00:45:41",2801
"2019-04-13 01:45:39",2801
"2019-04-13 02:45:41",2801
"2019-04-13 03:45:57",2801
"2019-04-13 04:45:42",2801
"2019-04-13 05:45:39",2801
"2019-04-13 06:45:41",2801
"2019-04-13 07:45:35",2801
"2019-04-13 08:45:39",2801
"2019-04-13 09:45:44",2801
"2019-04-13 10:45:36",2801
"2019-04-13 11:45:40",2801
"2019-04-13 12:45:38",2801
"2019-04-13 13:45:40",2801
"2019-04-13 14:45:43",2801
"2019-04-13 15:45:43",2801
"2019-04-13 16:45:41",2801
"2019-04-13 17:45:37",2801
"2019-04-13 18:45:39",2801
"2019-04-13 19:45:40",2801
"2019-04-13 20:45:38",2801
"2019-04-13 21:45:46",2801
"2019-04-13 22:45:38",2801
"2019-04-13 23:45:37",2801
"2019-04-14 00:45:40",2801
"2019-04-14 01:45:43",2801
"2019-04-14 02:45:38",2801
"2019-04-14 03:45:40",2801
"2019-04-14 04:45:49",2801
"2019-04-14 05:45:38",2801
"2019-04-14 06:45:39",2801
"2019-04-14 07:45:43",2801
"2019-04-14 08:45:38",2801
"2019-04-14 09:45:41",2801
"2019-04-14 10:45:35",2801
"2019-04-14 11:45:44",2801
"2019-04-14 12:45:36",2801
"2019-04-14 13:45:41",2801
"2019-04-14 14:45:48",2801
"2019-04-14 15:45:43",2801
"2019-04-14 16:45:44",2801
"2019-04-14 17:45:41",2801
"2019-04-14 18:46:11",2801
"2019-04-14 19:45:43",2801
"2019-04-14 20:45:46",2801
"2019-04-14 21:45:52",2801
"2019-04-14 22:45:39",2801
"2019-04-14 23:45:41",2801
"2019-04-15 00:45:39",2801
"2019-04-15 01:45:39",2801
"2019-04-15 02:45:40",2801
"2019-04-15 03:45:54",2801
"2019-04-15 04:45:40",2801
"2019-04-15 05:45:40",2801
"2019-04-15 06:45:36",2801
"2019-04-15 07:45:38",2801
"2019-04-15 08:45:44",2801
"2019-04-15 09:45:36",2801
"2019-04-15 10:45:36",2801
"2019-04-15 11:45:38",2801
"2019-04-15 13:11:21",2799
"2019-04-15 13:45:36",2799
"2019-04-15 14:45:40",2801
"2019-04-15 15:45:48",2801
"2019-04-15 16:45:38",2805
"2019-04-15 17:45:45",2803
"2019-04-15 18:45:46",2805
"2019-04-15 19:46:06",2805
"2019-04-15 20:45:39",2805
"2019-04-15 21:45:40",2806
"2019-04-15 22:45:41",2806
"2019-04-15 23:45:46",2806
"2019-04-16 00:45:42",2806
"2019-04-16 01:45:40",2806
"2019-04-16 02:45:42",2806
"2019-04-16 03:45:48",2806
"2019-04-16 04:45:40",2806
"2019-04-16 05:45:39",2806
"2019-04-16 06:45:39",2806
"2019-04-16 07:45:37",2806
"2019-04-16 08:45:53",2806
"2019-04-16 09:45:38",2806
"2019-04-16 10:45:48",2806
"2019-04-16 11:45:37",2806
"2019-04-16 13:09:41",2806
"2019-04-16 13:45:39",2806
"2019-04-16 14:45:45",2805
"2019-04-16 15:45:38",2804
"2019-04-16 16:45:37",2804
"2019-04-16 17:45:35",2806
"2019-04-16 18:45:48",2808
"2019-04-16 19:45:38",2805
"2019-04-16 20:45:39",2807
"2019-04-16 21:45:36",2807
"2019-04-16 22:45:36",2808
"2019-04-16 23:45:36",2808
"2019-04-17 00:45:38",2808
"2019-04-17 01:45:41",2808
"2019-04-17 02:45:47",2808
"2019-04-17 03:45:38",2808
"2019-04-17 04:45:38",2808
"2019-04-17 05:45:38",2808
"2019-04-17 06:45:55",2808
"2019-04-17 07:45:39",2808
"2019-04-17 08:45:37",2808
"2019-04-17 09:45:46",2808
"2019-04-17 10:45:37",2808
"2019-04-17 11:45:38",2808
"2019-04-17 13:10:47",2808
"2019-04-17 13:45:41",2808
"2019-04-17 14:45:39",2808
"2019-04-17 15:46:15",2807
"2019-04-17 16:45:39",2812
"2019-04-17 17:45:47",2815
"2019-04-17 18:45:38",2817
"2019-04-17 19:45:38",2818
"2019-04-17 20:45:39",2817
"2019-04-17 21:45:37",2817
"2019-04-17 22:45:40",2819
"2019-04-18 00:45:39",2819
"2019-04-18 01:45:40",2819
"2019-04-18 02:45:37",2819
"2019-04-18 03:45:50",2819
"2019-04-18 04:45:40",2819
"2019-04-18 05:45:47",2819
"2019-04-18 06:45:37",2819
"2019-04-18 07:45:36",2819
"2019-04-18 08:45:46",2819
"2019-04-18 09:45:37",2819
"2019-04-18 10:45:39",2819
"2019-04-18 11:45:43",2819
"2019-04-18 13:10:40",2820
"2019-04-18 13:45:39",2820
"2019-04-18 14:45:47",2823
"2019-04-18 15:45:38",2824
"2019-04-18 16:45:43",2827
"2019-04-18 17:45:47",2826
"2019-04-18 18:45:38",2827
"2019-04-18 19:45:36",2830
"2019-04-18 20:45:37",2833
"2019-04-18 21:45:40",2833
"2019-04-18 22:45:39",2833
"2019-04-18 23:45:45",2833
"2019-04-19 00:47:43",2833
"2019-04-19 02:45:38",2833
"2019-04-19 03:45:50",2833
"2019-04-19 04:45:37",2833
"2019-04-19 05:45:36",2833
"2019-04-19 06:45:38",2833
"2019-04-19 07:45:45",2833
"2019-04-19 08:45:41",2833
"2019-04-19 09:45:37",2833
"2019-04-19 10:45:40",2833
"2019-04-19 11:45:35",2833
"2019-04-19 12:45:38",2833
"2019-04-19 13:45:41",2833
"2019-04-19 14:45:43",2833
"2019-04-19 15:45:36",2833
"2019-04-19 16:45:41",2833
"2019-04-19 17:45:49",2833
"2019-04-19 18:45:38",2833
"2019-04-19 19:45:37",2833
"2019-04-19 20:45:37",2833
"2019-04-19 21:45:37",2833
"2019-04-19 22:45:36",2833
"2019-04-19 23:45:40",2833
"2019-04-20 00:45:46",2833
"2019-04-20 01:45:40",2833
"2019-04-20 02:45:39",2833
"2019-04-20 03:45:37",2833
"2019-04-20 04:45:46",2833
"2019-04-20 05:45:37",2833
"2019-04-20 06:45:37",2833
"2019-04-20 07:45:41",2833
"2019-04-20 08:45:38",2833
"2019-04-20 09:45:44",2833
"2019-04-20 10:45:38",2833
"2019-04-20 11:45:34",2833
"2019-04-20 12:45:51",2833
"2019-04-20 13:46:58",2833
"2019-04-20 14:45:36",2833
"2019-04-20 15:45:35",2833
"2019-04-20 16:45:42",2833
"2019-04-20 17:45:41",2833
"2019-04-20 18:45:36",2833
"2019-04-20 19:45:37",2833
"2019-04-20 20:45:36",2833
"2019-04-20 21:45:35",2833
"2019-04-20 22:45:37",2833
"2019-04-20 23:45:47",2833
"2019-04-21 00:45:36",2833
"2019-04-21 01:45:36",2833
"2019-04-21 02:45:39",2833
"2019-04-21 03:45:39",2833
"2019-04-21 04:45:42",2833
"2019-04-21 05:45:36",2833
"2019-04-21 06:45:34",2833
"2019-04-21 07:45:44",2833
"2019-04-21 08:45:34",2833
"2019-04-21 09:45:35",2833
"2019-04-21 10:45:38",2833
"2019-04-21 11:45:39",2833
"2019-04-21 12:45:36",2833
"2019-04-21 13:45:36",2833
"2019-04-21 14:45:46",2833
"2019-04-21 15:45:37",2833
"2019-04-21 16:45:37",2833
"2019-04-21 17:45:38",2833
"2019-04-21 18:45:35",2833
"2019-04-21 19:45:45",2833
"2019-04-21 20:45:34",2833
"2019-04-21 21:45:36",2833
"2019-04-21 22:45:34",2833
"2019-04-21 23:45:35",2833
"2019-04-22 00:45:35",2833
"2019-04-22 01:45:43",2833
"2019-04-22 02:45:48",2833
"2019-04-22 03:45:37",2833
"2019-04-22 04:45:33",2833
"2019-04-22 05:45:36",2833
"2019-04-22 06:45:41",2833
"2019-04-22 07:45:39",2833
"2019-04-22 08:45:36",2833
"2019-04-22 09:45:34",2833
"2019-04-22 10:45:42",2833
"2019-04-22 11:45:41",2833
"2019-04-22 13:11:13",2833
"2019-04-22 13:45:42",2833
"2019-04-22 14:45:43",2841
"2019-04-22 15:45:38",2841
"2019-04-22 16:45:37",2842
"2019-04-22 17:45:39",2843
"2019-04-22 18:45:44",2843
"2019-04-22 19:45:41",2845
"2019-04-22 20:45:37",2842
"2019-04-22 21:45:38",2842
"2019-04-22 22:45:38",2843
"2019-04-22 23:45:43",2843
"2019-04-23 00:45:41",2843
"2019-04-23 01:45:37",2843
"2019-04-23 02:45:38",2843
"2019-04-23 03:45:41",2843
"2019-04-23 04:45:44",2843
"2019-04-23 05:45:38",2843
"2019-04-23 06:46:15",2843
"2019-04-23 07:45:37",2843
"2019-04-23 08:45:34",2843
"2019-04-23 09:45:37",2843
"2019-04-23 10:45:41",2843
"2019-04-23 11:45:42",2843
"2019-04-23 13:11:43",2841
"2019-04-23 13:45:37",2841
"2019-04-23 14:45:36",2840
"2019-04-23 15:45:43",2840
"2019-04-23 16:45:38",2839
"2019-04-23 17:45:38",2843
"2019-04-23 18:45:36",2844
"2019-04-23 19:45:40",2844
"2019-04-23 20:45:50",2844
"2019-04-23 21:45:39",2843
"2019-04-23 22:45:37",2843
"2019-04-23 23:45:38",2843
"2019-04-24 00:45:36",2843
"2019-04-24 01:45:38",2843
"2019-04-24 02:45:46",2843
"2019-04-24 03:45:39",2843
"2019-04-24 04:45:37",2843
"2019-04-24 05:45:35",2843
"2019-04-24 06:45:40",2843
"2019-04-24 07:45:46",2843
"2019-04-24 08:45:37",2843
"2019-04-24 09:45:38",2843
"2019-04-24 10:45:44",2843
"2019-04-24 11:45:44",2843
"2019-04-24 12:45:36",2843
"2019-04-24 13:45:57",2842
"2019-04-24 14:45:43",2838
"2019-04-24 15:45:43",2836
"2019-04-24 16:45:42",2836
"2019-04-24 17:45:42",2834
"2019-04-24 18:45:57",2832
"2019-04-24 19:45:40",2830
"2019-04-24 20:45:42",2829
"2019-04-24 21:45:40",2829
"2019-04-24 22:45:38",2828
"2019-04-24 23:45:51",2828
"2019-04-25 00:45:42",2828
"2019-04-25 01:45:39",2828
"2019-04-25 02:45:39",2828
"2019-04-25 03:45:50",2828
"2019-04-25 04:45:38",2828
"2019-04-25 05:45:38",2828
"2019-04-25 06:45:44",2828
"2019-04-25 07:45:38",2828
"2019-04-25 08:45:42",2828
"2019-04-25 09:45:37",2828
"2019-04-25 10:45:42",2828
"2019-04-25 11:45:42",2828
"2019-04-25 13:10:15",2829
"2019-04-25 13:45:38",2829
"2019-04-25 14:45:47",2826
"2019-04-25 15:45:37",2828
"2019-04-25 16:45:44",2829
"2019-04-25 17:45:35",2829
"2019-04-25 18:45:35",2829
"2019-04-25 19:45:42",2829
"2019-04-25 20:45:35",2830
"2019-04-25 21:45:45",2830
"2019-04-25 22:45:35",2830
"2019-04-25 23:45:35",2830
"2019-04-26 00:45:39",2830
"2019-04-26 01:45:47",2830
"2019-04-26 02:45:38",2830
"2019-04-26 03:45:38",2830
"2019-04-26 04:45:41",2830
"2019-04-26 05:45:44",2830
"2019-04-26 06:45:41",2830
"2019-04-26 07:45:36",2830
"2019-04-26 08:45:45",2830
"2019-04-26 09:45:35",2830
"2019-04-26 10:45:48",2830
"2019-04-26 11:45:36",2830
"2019-04-26 12:45:37",2830
"2019-04-26 13:45:43",2829
"2019-04-26 14:45:36",2824
"2019-04-26 15:45:43",2826
"2019-04-26 16:45:35",2824
"2019-04-26 17:45:51",2825
"2019-04-26 18:45:37",2824
"2019-04-26 19:45:35",2825
"2019-04-26 20:45:42",2827
"2019-04-26 21:45:35",2828
"2019-04-26 22:45:34",2828
"2019-04-26 23:45:36",2828
"2019-04-27 00:45:37",2828
"2019-04-27 01:45:42",2828
"2019-04-27 02:45:35",2828
"2019-04-27 03:45:34",2828
"2019-04-27 04:45:33",2828
"2019-04-27 05:45:37",2828
"2019-04-27 06:45:41",2828
"2019-04-27 07:45:33",2828
"2019-04-27 08:45:33",2828
"2019-04-27 09:45:39",2828
"2019-04-27 10:45:37",2828
"2019-04-27 11:45:31",2828
"2019-04-27 12:45:33",2828
"2019-04-27 13:45:39",2828
"2019-04-27 14:45:33",2828
"2019-04-27 15:45:32",2828
"2019-04-27 16:45:36",2828
"2019-04-27 17:45:44",2828
"2019-04-27 18:45:36",2828
"2019-04-27 19:45:31",2828
"2019-04-27 20:45:36",2828
"2019-04-27 21:45:37",2828
"2019-04-27 22:45:33",2828
"2019-04-27 23:45:33",2828
"2019-04-28 00:45:34",2828
"2019-04-28 01:45:36",2828
"2019-04-28 02:45:34",2828
"2019-04-28 03:45:33",2828
"2019-04-28 04:45:44",2828
"2019-04-28 05:45:34",2828
"2019-04-28 06:45:33",2828
"2019-04-28 07:45:32",2828
"2019-04-28 08:45:38",2828
"2019-04-28 09:45:33",2828
"2019-04-28 10:45:38",2828
"2019-04-28 11:45:36",2828
"2019-04-28 12:45:32",2828
"2019-04-28 13:45:33",2828
"2019-04-28 14:45:40",2828
"2019-04-28 15:45:34",2828
"2019-04-28 16:45:33",2828
"2019-04-28 17:45:35",2828
"2019-04-28 18:45:35",2828
"2019-04-28 20:45:33",2828
"2019-04-28 21:45:35",2828
"2019-04-28 22:45:34",2828
"2019-04-28 23:45:36",2828
"2019-04-29 00:45:42",2828
"2019-04-29 01:45:31",2828
"2019-04-29 02:45:32",2828
"2019-04-29 03:45:35",2828
"2019-04-29 04:45:40",2828
"2019-04-29 05:45:34",2828
"2019-04-29 06:45:33",2828
"2019-04-29 07:45:35",2827
"2019-04-29 08:45:40",2827
"2019-04-29 09:45:38",2827
"2019-04-29 10:45:33",2827
"2019-04-29 11:45:33",2827
"2019-04-29 12:45:42",2827
"2019-04-29 13:45:33",2827
"2019-04-29 14:45:41",2827
"2019-04-29 15:45:33",2831
"2019-04-29 16:45:38",2830
"2019-04-29 17:45:36",2830
"2019-04-29 18:45:36",2832
"2019-04-29 19:45:39",2831
"2019-04-29 20:45:47",2833
"2019-04-29 21:45:35",2833
"2019-04-29 22:45:33",2833
"2019-04-29 23:45:37",2833
"2019-04-30 00:45:34",2833
"2019-04-30 01:45:40",2833
"2019-04-30 02:45:42",2833
"2019-04-30 03:45:44",2833
"2019-04-30 04:45:38",2833
"2019-04-30 05:45:39",2833
"2019-04-30 06:45:37",2833
"2019-04-30 07:45:37",2833
"2019-04-30 08:45:39",2833
"2019-04-30 09:45:44",2833
"2019-04-30 10:45:40",2833
"2019-04-30 11:45:36",2833
"2019-04-30 13:09:42",2834
"2019-04-30 13:45:41",2834
"2019-04-30 14:45:42",2836
"2019-04-30 15:45:42",2839
"2019-04-30 16:45:42",2834
"2019-04-30 17:45:49",2832
"2019-04-30 18:45:38",2829
"2019-04-30 19:45:43",2829
"2019-04-30 20:45:38",2828
"2019-04-30 21:45:39",2827
"2019-04-30 22:45:35",2826
"2019-04-30 23:45:43",2826
"2019-05-01 00:45:34",2826
"2019-05-01 01:45:47",2826
"2019-05-01 02:45:40",2826
"2019-05-01 03:45:49",2826
"2019-05-01 04:45:45",2826
"2019-05-01 05:45:42",2826
"2019-05-01 06:45:35",2826
"2019-05-01 07:45:41",2826
"2019-05-01 08:45:40",2826
"2019-05-01 09:45:40",2826
"2019-05-01 10:45:34",2826
"2019-05-01 11:45:39",2826
"2019-05-01 13:09:41",2824
"2019-05-01 13:45:43",2824
"2019-05-01 14:45:33",2821
"2019-05-01 15:45:44",2823
"2019-05-01 16:45:39",2823
"2019-05-01 17:45:35",2823
"2019-05-01 18:45:42",2823
"2019-05-01 19:45:48",2832
"2019-05-01 20:45:46",2833
"2019-05-01 21:45:41",2834
"2019-05-01 22:45:45",2834
"2019-05-01 23:45:45",2834
"2019-05-02 00:45:47",2834
"2019-05-02 01:45:40",2834
"2019-05-02 02:45:48",2834
"2019-05-02 03:45:41",2834
"2019-05-02 04:45:50",2834
"2019-05-02 05:45:50",2834
"2019-05-02 06:45:48",2834
"2019-05-02 07:45:44",2834
"2019-05-02 08:45:45",2834
"2019-05-02 09:45:39",2834
"2019-05-02 10:45:46",2834
"2019-05-02 11:45:39",2834
"2019-05-02 13:45:52",2836
"2019-05-02 14:45:40",2832
"2019-05-02 15:45:41",2830
"2019-05-02 16:45:48",2830
"2019-05-02 17:45:41",2832
"2019-05-02 18:45:42",2829
"2019-05-02 19:45:50",2827
"2019-05-02 20:45:42",2829
"2019-05-02 21:45:46",2829
"2019-05-02 22:45:54",2829
"2019-05-02 23:45:39",2829
"2019-05-03 00:45:41",2829
"2019-05-03 01:45:54",2829
"2019-05-03 02:45:42",2829
"2019-05-03 03:45:51",2829
"2019-05-03 04:45:42",2829
"2019-05-03 05:46:02",2829
"2019-05-03 06:45:46",2829
"2019-05-03 07:45:47",2829
"2019-05-03 08:45:47",2829
"2019-05-03 09:45:45",2829
"2019-05-03 10:45:51",2829
"2019-05-03 11:45:44",2829
"2019-05-03 13:08:55",2829
"2019-05-03 13:46:00",2829
"2019-05-03 14:45:51",2830
"2019-05-03 15:45:48",2827
"2019-05-03 16:45:47",2828
"2019-05-03 17:45:50",2826
"2019-05-03 18:46:00",2827
"2019-05-03 19:45:54",2827
"2019-05-03 20:45:41",2829
"2019-05-03 21:45:55",2830
"2019-05-03 22:45:42",2830
"2019-05-03 23:45:51",2830
"2019-05-04 00:45:46",2830
"2019-05-04 01:45:49",2830
"2019-05-04 02:45:54",2830
"2019-05-04 03:45:57",2830
"2019-05-04 04:45:50",2830
"2019-05-04 05:45:48",2830
"2019-05-04 06:45:49",2830
"2019-05-04 07:45:49",2830
"2019-05-04 08:45:41",2830
"2019-05-04 09:45:45",2830
"2019-05-04 10:45:39",2830
"2019-05-04 11:45:46",2830
"2019-05-04 12:45:50",2830
"2019-05-04 13:45:51",2830
"2019-05-04 14:45:41",2830
"2019-05-04 15:45:43",2830
"2019-05-04 16:45:46",2830
"2019-05-04 17:45:41",2830
"2019-05-04 18:45:42",2830
"2019-05-04 19:45:45",2830
"2019-05-04 20:45:40",2830
"2019-05-04 21:45:42",2830
"2019-05-04 22:45:45",2830
"2019-05-04 23:45:48",2830
"2019-05-05 00:45:43",2830
"2019-05-05 01:45:49",2830
"2019-05-05 02:45:42",2830
"2019-05-05 03:45:47",2830
"2019-05-05 04:45:48",2830
"2019-05-05 05:45:49",2830
"2019-05-05 06:45:49",2830
"2019-05-05 07:45:43",2830
"2019-05-05 08:45:38",2830
"2019-05-05 09:45:39",2830
"2019-05-05 10:45:42",2830
"2019-05-05 11:45:45",2830
"2019-05-05 12:45:42",2830
"2019-05-05 13:45:44",2830
"2019-05-05 14:45:44",2830
"2019-05-05 15:45:42",2830
"2019-05-05 16:45:41",2830
"2019-05-05 17:45:50",2830
"2019-05-05 18:45:42",2830
"2019-05-05 19:45:40",2830
"2019-05-05 20:45:42",2830
"2019-05-05 21:45:43",2830
"2019-05-05 22:45:44",2830
"2019-05-05 23:45:45",2830
"2019-05-06 00:45:40",2830
"2019-05-06 01:45:40",2830
"2019-05-06 02:45:41",2830
"2019-05-06 03:45:47",2830
"2019-05-06 04:45:38",2830
"2019-05-06 05:45:37",2830
"2019-05-06 06:45:38",2830
"2019-05-06 07:45:44",2830
"2019-05-06 08:45:39",2830
"2019-05-06 09:45:36",2830
"2019-05-06 10:45:43",2830
"2019-05-06 11:45:44",2830
"2019-05-06 13:10:59",2830
"2019-05-06 13:46:02",2830
"2019-05-06 14:46:00",2829
"2019-05-06 15:45:39",2833
"2019-05-06 16:45:44",2828
"2019-05-06 17:37:35",2830
"2019-05-06 17:45:39",2830
"2019-05-06 18:45:43",2829
"2019-05-06 19:45:44",2830
"2019-05-06 20:45:37",2832
"2019-05-06 21:45:36",2832
"2019-05-06 22:45:41",2831
"2019-05-06 23:45:35",2831
"2019-05-07 00:45:38",2831
"2019-05-07 01:45:51",2831
"2019-05-07 02:45:38",2831
"2019-05-07 03:45:41",2831
"2019-05-07 04:45:40",2831
"2019-05-07 05:45:38",2831
"2019-05-07 06:45:35",2831
"2019-05-07 07:45:37",2831
"2019-05-07 08:45:33",2831
"2019-05-07 09:45:40",2831
"2019-05-07 10:45:37",2831
"2019-05-07 11:45:34",2831
"2019-05-07 12:45:43",2831
"2019-05-07 13:45:42",2831
"2019-05-07 14:45:36",2832
"2019-05-07 15:45:34",2833
"2019-05-07 16:45:43",2831
"2019-05-07 17:45:41",2831
"2019-05-07 18:45:41",2828
"2019-05-07 19:45:43",2829
"2019-05-07 20:45:38",2829
"2019-05-07 21:45:36",2830
"2019-05-07 22:45:37",2830
"2019-05-07 23:45:42",2830
"2019-05-08 00:45:36",2830
"2019-05-08 01:45:38",2830
"2019-05-08 02:45:38",2830
"2019-05-08 03:45:44",2830
"2019-05-08 04:45:39",2830
"2019-05-08 05:45:40",2830
"2019-05-08 06:45:39",2830
"2019-05-08 07:45:37",2830
"2019-05-08 08:45:36",2830
"2019-05-08 09:45:46",2830
"2019-05-08 10:45:36",2830
"2019-05-08 11:45:41",2830
"2019-05-08 13:09:44",2830
"2019-05-08 13:45:40",2830
"2019-05-08 14:45:45",2827
"2019-05-08 15:45:44",2825
"2019-05-08 16:45:42",2826
"2019-05-08 17:45:44",2826
"2019-05-08 18:45:50",2826
"2019-05-08 19:45:41",2829
"2019-05-08 20:45:38",2832
"2019-05-08 21:45:41",2832
"2019-05-08 22:45:39",2832
"2019-05-08 23:45:52",2832
"2019-05-09 00:45:40",2832
"2019-05-09 01:45:42",2832
"2019-05-09 02:45:44",2832
"2019-05-09 03:45:51",2832
"2019-05-09 04:45:49",2832
"2019-05-09 05:45:40",2832
"2019-05-09 06:45:46",2832
"2019-05-09 07:45:43",2832
"2019-05-09 08:45:42",2832
"2019-05-09 09:45:50",2832
"2019-05-09 10:45:40",2832
"2019-05-09 11:45:45",2832
"2019-05-09 13:09:15",2832
"2019-05-09 13:45:42",2832
"2019-05-09 14:45:44",2829
"2019-05-09 15:45:45",2830
"2019-05-09 16:45:42",2831
"2019-05-09 17:45:50",2832
"2019-05-09 18:45:41",2831
"2019-05-09 19:45:43",2830
"2019-05-09 20:45:41",2832
"2019-05-09 21:45:38",2833
"2019-05-09 22:45:50",2833
"2019-05-09 23:45:38",2833
"2019-05-10 00:45:41",2833
"2019-05-10 01:45:44",2833
"2019-05-10 02:45:56",2833
"2019-05-10 03:45:40",2833
"2019-05-10 04:45:51",2833
"2019-05-10 05:45:40",2833
"2019-05-10 06:46:13",2833
"2019-05-10 07:45:39",2833
"2019-05-10 08:45:46",2833
"2019-05-10 09:45:40",2833
"2019-05-10 10:45:42",2833
"2019-05-10 11:45:40",2833
"2019-05-10 12:45:50",2832
"2019-05-10 13:45:40",2832
"2019-05-10 14:45:45",2826
"2019-05-10 15:45:39",2829
"2019-05-10 16:45:40",2831
"2019-05-10 17:45:41",2831
"2019-05-10 18:45:49",2830
"2019-05-10 19:45:40",2825
"2019-05-10 20:45:39",2823
"2019-05-10 21:45:39",2823
"2019-05-10 22:45:45",2823
"2019-05-10 23:45:43",2823
"2019-05-11 00:45:52",2823
"2019-05-11 01:45:39",2823
"2019-05-11 02:45:50",2823
"2019-05-11 03:45:39",2823
"2019-05-11 04:45:40",2823
"2019-05-11 05:45:54",2823
"2019-05-11 06:45:37",2823
"2019-05-11 07:45:37",2823
"2019-05-11 08:45:46",2823
"2019-05-11 09:45:37",2823
"2019-05-11 10:45:50",2823
"2019-05-11 11:45:38",2823
"2019-05-11 12:45:38",2823
"2019-05-11 13:45:45",2823
"2019-05-11 14:45:39",2823
"2019-05-11 15:45:42",2823
"2019-05-11 16:45:52",2823
"2019-05-11 17:45:40",2823
"2019-05-11 18:45:42",2823
"2019-05-11 19:45:41",2823
"2019-05-11 20:45:40",2823
"2019-05-11 21:45:45",2823
"2019-05-11 22:45:43",2823
"2019-05-11 23:45:41",2823
"2019-05-12 00:45:38",2823
"2019-05-12 01:45:40",2823
"2019-05-12 02:45:41",2823
"2019-05-12 03:45:49",2823
"2019-05-12 04:45:40",2823
"2019-05-12 05:45:41",2823
"2019-05-12 06:45:39",2823
"2019-05-12 07:45:45",2823
"2019-05-12 08:45:38",2823
"2019-05-12 09:45:43",2823
"2019-05-12 10:45:38",2823
"2019-05-12 11:45:37",2823
"2019-05-12 12:45:37",2823
"2019-05-12 13:45:44",2823
"2019-05-12 14:45:38",2823
"2019-05-12 15:45:39",2823
"2019-05-12 16:45:41",2823
"2019-05-12 17:45:47",2823
"2019-05-12 18:45:39",2823
"2019-05-12 19:45:39",2823
"2019-05-12 20:45:38",2823
"2019-05-12 21:45:37",2823
"2019-05-12 22:45:48",2823
"2019-05-12 23:45:38",2823
"2019-05-13 00:45:41",2823
"2019-05-13 01:45:36",2823
"2019-05-13 02:45:36",2823
"2019-05-13 03:45:44",2823
"2019-05-13 04:45:36",2823
"2019-05-13 05:45:35",2823
"2019-05-13 06:45:43",2823
"2019-05-13 07:45:34",2823
"2019-05-13 08:45:38",2823
"2019-05-13 09:45:38",2823
"2019-05-13 10:45:43",2823
"2019-05-13 11:45:39",2823
"2019-05-13 13:09:13",2823
"2019-05-13 13:45:38",2823
"2019-05-13 14:45:38",2829
"2019-05-13 15:45:46",2837
"2019-05-13 16:45:39",2837
"2019-05-13 17:45:39",2840
"2019-05-13 18:45:41",2840
"2019-05-13 19:45:43",2843
"2019-05-13 20:45:37",2845
"2019-05-13 21:45:39",2845
"2019-05-13 22:45:38",2845
"2019-05-13 23:45:39",2845
"2019-05-14 00:46:03",2845
"2019-05-14 01:45:37",2845
"2019-05-14 02:45:41",2845
"2019-05-14 03:45:47",2845
"2019-05-14 04:45:39",2845
"2019-05-14 05:45:38",2845
"2019-05-14 06:45:47",2845
"2019-05-14 07:45:40",2845
"2019-05-14 08:45:40",2845
"2019-05-14 09:45:46",2845
"2019-05-14 10:45:38",2845
"2019-05-14 11:45:38",2845
"2019-05-14 13:08:46",2844
"2019-05-14 13:45:43",2844
"2019-05-14 14:45:39",2848
"2019-05-14 15:45:44",2850
"2019-05-14 16:45:41",2846
"2019-05-14 17:45:45",2847
"2019-05-14 18:45:41",2850
"2019-05-14 19:45:37",2845
"2019-05-14 20:45:38",2848
"2019-05-14 21:45:37",2848
"2019-05-14 22:45:45",2850
"2019-05-14 23:45:41",2850
"2019-05-15 00:45:39",2850
"2019-05-15 01:45:41",2850
"2019-05-15 02:45:40",2850
"2019-05-15 03:45:46",2850
"2019-05-15 04:45:42",2850
"2019-05-15 05:45:43",2850
"2019-05-15 06:45:45",2850
"2019-05-15 07:45:41",2850
"2019-05-15 08:45:43",2850
"2019-05-15 09:45:49",2850
"2019-05-15 10:45:51",2850
"2019-05-15 11:45:39",2850
"2019-05-15 13:09:46",2850
"2019-05-15 13:45:40",2850
"2019-05-15 14:45:43",2850
"2019-05-15 15:45:39",2851
"2019-05-15 16:45:48",2849
"2019-05-15 17:45:42",2847
"2019-05-15 18:45:46",2847
"2019-05-15 19:45:42",2849
"2019-05-15 20:45:43",2853
"2019-05-15 21:45:44",2853
"2019-05-15 22:45:40",2852
"2019-05-15 23:45:40",2852
"2019-05-16 00:45:39",2852
"2019-05-16 01:45:50",2852
"2019-05-16 02:45:45",2852
"2019-05-16 03:45:39",2852
"2019-05-16 04:45:41",2852
"2019-05-16 05:45:47",2852
"2019-05-16 06:45:43",2852
"2019-05-16 07:45:49",2852
"2019-05-16 08:45:48",2852
"2019-05-16 09:45:49",2852
"2019-05-16 10:46:06",2852
"2019-05-16 11:45:44",2852
"2019-05-16 13:08:50",2852
"2019-05-16 13:45:59",2852
"2019-05-16 14:45:43",2859
"2019-05-16 15:45:43",2864
"2019-05-16 16:45:50",2868
"2019-05-16 17:45:43",2871
"2019-05-16 18:45:47",2874
"2019-05-16 19:45:47",2871
"2019-05-16 20:45:42",2875
"2019-05-16 21:45:47",2876
"2019-05-16 22:45:49",2876
"2019-05-16 23:45:45",2876
"2019-05-17 00:45:59",2876
"2019-05-17 01:45:49",2876
"2019-05-17 02:45:44",2876
"2019-05-17 03:45:42",2876
"2019-05-17 04:45:43",2876
"2019-05-17 05:45:45",2876
"2019-05-17 06:45:52",2876
"2019-05-17 07:45:45",2876
"2019-05-17 08:45:53",2876
"2019-05-17 09:45:51",2876
"2019-05-17 10:45:43",2876
"2019-05-17 11:45:50",2876
"2019-05-17 13:10:20",2877
"2019-05-17 13:46:01",2877
"2019-05-17 14:45:46",2882
"2019-05-17 15:45:42",2879
"2019-05-17 16:45:47",2874
"2019-05-17 17:45:43",2873
"2019-05-17 18:45:43",2868
"2019-05-17 19:45:49",2868
"2019-05-17 20:45:41",2863
"2019-05-17 21:45:43",2864
"2019-05-17 22:45:43",2865
"2019-05-17 23:45:43",2865
"2019-05-18 00:45:42",2865
"2019-05-18 01:45:46",2865
"2019-05-18 02:45:46",2865
"2019-05-18 04:45:39",2865
"2019-05-18 05:45:33",2865
"2019-05-18 06:45:37",2865
"2019-05-18 07:45:33",2865
"2019-05-18 08:45:34",2865
"2019-05-18 09:45:33",2865
"2019-05-18 10:45:33",2865
"2019-05-18 11:45:38",2865
"2019-05-18 12:45:33",2865
"2019-05-18 13:45:36",2865
"2019-05-18 14:45:33",2865
"2019-05-18 15:45:39",2865
"2019-05-18 16:45:33",2865
"2019-05-18 17:45:35",2865
"2019-05-18 18:45:32",2865
"2019-05-18 19:45:33",2865
"2019-05-18 20:45:33",2865
"2019-05-18 21:45:34",2865
"2019-05-18 22:45:33",2865
"2019-05-18 23:45:32",2865
"2019-05-19 00:45:31",2865
"2019-05-19 01:45:32",2865
"2019-05-19 02:45:32",2865
"2019-05-19 03:45:31",2865
"2019-05-19 04:45:36",2865
"2019-05-19 05:45:32",2865
"2019-05-19 06:45:32",2865
"2019-05-19 07:45:32",2865
"2019-05-19 08:45:31",2865
"2019-05-19 09:45:32",2865
"2019-05-19 10:45:31",2865
"2019-05-19 11:45:34",2865
"2019-05-19 12:45:35",2865
"2019-05-19 13:45:35",2865
"2019-05-19 14:45:32",2865
"2019-05-19 15:45:32",2865
"2019-05-19 16:45:35",2865
"2019-05-19 17:45:34",2865
"2019-05-19 18:45:32",2865
"2019-05-19 19:45:33",2865
"2019-05-19 20:45:35",2865
"2019-05-19 21:45:34",2865
"2019-05-19 22:45:32",2865
"2019-05-19 23:45:34",2865
"2019-05-20 00:45:34",2865
"2019-05-20 01:45:34",2865
"2019-05-20 02:45:36",2865
"2019-05-20 03:45:34",2865
"2019-05-20 04:45:36",2865
"2019-05-20 05:45:35",2865
"2019-05-20 06:45:34",2865
"2019-05-20 07:45:35",2865
"2019-05-20 08:45:34",2865
"2019-05-20 09:45:35",2865
"2019-05-20 10:45:34",2865
"2019-05-20 11:45:35",2865
"2019-05-20 12:45:38",2865
"2019-05-20 13:45:36",2865
"2019-05-20 14:45:34",2865
"2019-05-20 15:45:32",2864
"2019-05-20 16:45:36",2864
"2019-05-20 17:45:34",2866
"2019-05-20 18:45:31",2862
"2019-05-20 19:45:33",2860
"2019-05-20 20:45:32",2859
"2019-05-20 21:45:32",2859
"2019-05-20 22:45:33",2858
"2019-05-20 23:45:39",2858
"2019-05-21 00:45:33",2858
"2019-05-21 01:45:35",2858
"2019-05-21 02:45:33",2858
"2019-05-21 03:45:33",2858
"2019-05-21 04:45:36",2858
"2019-05-21 05:45:33",2858
"2019-05-21 06:45:31",2858
"2019-05-21 07:45:35",2858
"2019-05-21 08:45:33",2858
"2019-05-21 09:45:30",2858
"2019-05-21 10:45:34",2858
"2019-05-21 11:45:32",2858
"2019-05-21 13:09:36",2858
"2019-05-21 13:45:33",2858
"2019-05-21 14:45:35",2856
"2019-05-21 15:45:32",2859
"2019-05-21 16:45:31",2861
"2019-05-21 17:45:32",2860
"2019-05-21 18:45:33",2865
"2019-05-21 19:45:34",2867
"2019-05-21 20:45:33",2868
"2019-05-21 21:45:32",2870
"2019-05-21 22:45:37",2871
"2019-05-21 23:45:34",2871
"2019-05-22 00:45:32",2871
"2019-05-22 01:45:33",2871
"2019-05-22 02:45:32",2871
"2019-05-22 03:45:32",2871
"2019-05-22 04:45:35",2871
"2019-05-22 05:45:33",2871
"2019-05-22 06:45:32",2871
"2019-05-22 07:45:34",2871
"2019-05-22 08:45:40",2871
"2019-05-22 09:45:40",2871
"2019-05-22 10:45:32",2871
"2019-05-22 11:45:34",2871
"2019-05-22 12:45:34",2871
"2019-05-22 13:45:34",2871
"2019-05-22 14:45:33",2875
"2019-05-22 15:45:38",2878
"2019-05-22 16:45:33",2880
"2019-05-22 17:45:32",2883
"2019-05-22 18:45:33",2879
"2019-05-22 19:45:31",2881
"2019-05-22 20:45:31",2883
"2019-05-22 21:45:33",2882
"2019-05-22 22:45:31",2882
"2019-05-22 23:45:31",2882
"2019-05-23 00:45:34",2882
"2019-05-23 01:45:32",2882
"2019-05-23 02:45:35",2882
"2019-05-23 03:45:34",2882
"2019-05-23 04:45:37",2882
"2019-05-23 05:45:34",2882
"2019-05-23 06:45:33",2882
"2019-05-23 07:45:35",2882
"2019-05-23 08:45:34",2882
"2019-05-23 09:45:33",2882
"2019-05-23 10:45:34",2882
"2019-05-23 11:45:32",2882
"2019-05-23 12:45:38",2882
"2019-05-23 13:45:33",2882
"2019-05-23 14:45:34",2888
"2019-05-23 15:45:32",2887
"2019-05-23 16:45:32",2889
"2019-05-23 17:45:33",2890
"2019-05-23 18:45:32",2892
"2019-05-23 19:45:36",2894
"2019-05-23 20:45:34",2897
"2019-05-23 21:45:33",2897
"2019-05-23 22:45:32",2898
"2019-05-23 23:45:34",2898
"2019-05-24 00:45:34",2898
"2019-05-24 01:45:34",2898
"2019-05-24 02:45:32",2898
"2019-05-24 03:45:32",2898
"2019-05-24 04:45:33",2898
"2019-05-24 05:45:37",2898
"2019-05-24 06:45:32",2898
"2019-05-24 07:45:31",2898
"2019-05-24 08:45:33",2898
"2019-05-24 09:45:34",2898
"2019-05-24 10:45:36",2898
"2019-05-24 11:45:33",2898
"2019-05-24 13:09:37",2898
"2019-05-24 13:45:33",2898
"2019-05-24 14:45:33",2902
"2019-05-24 15:45:33",2909
"2019-05-24 16:45:32",2909
"2019-05-24 17:45:34",2911
"2019-05-24 18:45:36",2911
"2019-05-24 19:45:34",2911
"2019-05-24 20:45:36",2912
"2019-05-24 21:45:38",2912
"2019-05-24 22:45:35",2913
"2019-05-24 23:45:39",2913
"2019-05-25 00:45:35",2913
"2019-05-25 01:45:34",2913
"2019-05-25 04:45:37",2913
"2019-05-26 04:45:39",2913
"2019-05-26 05:45:36",2913
"2019-05-26 06:45:35",2913
"2019-05-26 07:45:37",2913
"2019-05-26 08:45:33",2913
"2019-05-26 09:45:34",2913
"2019-05-26 10:45:35",2913
"2019-05-26 11:45:36",2913
"2019-05-26 12:45:34",2913
"2019-05-26 13:45:34",2913
"2019-05-26 14:45:36",2913
"2019-05-26 15:45:33",2913
"2019-05-26 16:45:34",2913
"2019-05-26 17:45:38",2913
"2019-05-26 18:45:35",2913
"2019-05-26 19:46:20",2913
"2019-05-26 20:45:33",2913
"2019-05-26 21:45:35",2913
"2019-05-26 22:45:35",2913
"2019-05-26 23:45:33",2913
"2019-05-27 00:45:34",2913
"2019-05-27 01:45:35",2913
"2019-05-27 02:45:35",2913
"2019-05-27 03:45:36",2913
"2019-05-27 04:45:37",2913
"2019-05-27 05:45:35",2913
"2019-05-27 06:45:35",2913
"2019-05-27 07:45:41",2913
"2019-05-27 08:45:40",2913
"2019-05-27 09:45:40",2913
"2019-05-27 10:45:37",2913
"2019-05-27 11:45:33",2913
"2019-05-27 12:45:33",2913
"2019-05-27 13:45:35",2913
"2019-05-27 14:45:34",2913
"2019-05-27 15:45:35",2913
"2019-05-27 16:45:34",2913
"2019-05-27 17:45:39",2913
"2019-05-27 18:45:34",2913
"2019-05-27 19:45:33",2913
"2019-05-27 20:45:33",2913
"2019-05-27 21:45:34",2913
"2019-05-27 22:45:32",2913
"2019-05-27 23:45:33",2913
"2019-05-28 00:45:33",2913
"2019-05-28 01:45:35",2913
"2019-05-28 02:45:37",2913
"2019-05-28 03:45:35",2913
"2019-05-28 04:45:34",2913
"2019-05-28 05:45:33",2913
"2019-05-28 06:45:39",2913
"2019-05-28 07:45:36",2913
"2019-05-28 08:45:33",2913
"2019-05-28 09:45:36",2913
"2019-05-28 10:45:33",2913
"2019-05-28 11:45:33",2913
"2019-05-28 12:45:33",2913
"2019-05-28 13:45:35",2914
"2019-05-28 14:45:35",2918
"2019-05-28 15:45:34",2918
"2019-05-28 16:45:34",2926
"2019-05-28 17:45:38",2922
"2019-05-28 18:45:35",2921
"2019-05-28 19:45:33",2920
"2019-05-28 20:45:34",2922
"2019-05-28 21:45:34",2923
"2019-05-28 22:45:35",2923
"2019-05-28 23:45:35",2923
"2019-05-29 00:45:36",2923
"2019-05-29 01:45:34",2923
"2019-05-29 02:45:34",2923
"2019-05-29 03:45:33",2923
"2019-05-29 04:45:34",2923
"2019-05-29 05:45:37",2923
"2019-05-29 06:45:34",2923
"2019-05-29 07:45:38",2923
"2019-05-29 08:45:34",2923
"2019-05-29 09:45:42",2923
"2019-05-29 10:45:35",2923
"2019-05-29 11:45:33",2923
"2019-05-29 13:08:39",2923
"2019-05-29 13:45:36",2923
"2019-05-29 14:45:37",2920
"2019-05-29 15:45:35",2922
"2019-05-29 16:45:34",2925
"2019-05-29 17:45:35",2925
"2019-05-29 18:45:35",2923
"2019-05-29 19:45:38",2921
"2019-05-29 20:45:33",2915
"2019-05-29 21:45:35",2915
"2019-05-29 22:45:34",2915
"2019-05-29 23:45:35",2915
"2019-05-30 00:45:33",2915
"2019-05-30 01:45:35",2915
"2019-05-30 02:45:36",2915
"2019-05-30 03:45:35",2915
"2019-05-30 04:45:36",2915
"2019-05-30 05:45:37",2915
"2019-05-30 06:45:34",2915
"2019-05-30 07:45:34",2915
"2019-05-30 08:45:42",2915
"2019-05-30 09:45:35",2915
"2019-05-30 10:45:33",2915
"2019-05-30 11:45:35",2915
"2019-05-30 12:45:39",2915
"2019-05-30 13:45:33",2915
"2019-05-30 14:45:37",2915
"2019-05-30 15:45:35",2915
"2019-05-30 16:45:33",2916
"2019-05-30 17:45:35",2918
"2019-05-30 18:45:34",2919
"2019-05-30 19:45:34",2917
"2019-05-30 20:45:33",2918
"2019-05-30 21:45:33",2918
"2019-05-30 22:45:36",2917
"2019-05-30 23:45:33",2917
"2019-05-31 00:45:33",2917
"2019-05-31 01:45:34",2917
"2019-05-31 02:45:32",2917
"2019-05-31 03:45:33",2917
"2019-05-31 04:45:33",2917
"2019-05-31 05:45:33",2917
"2019-05-31 06:45:35",2917
"2019-05-31 07:45:32",2917
"2019-05-31 08:45:34",2917
"2019-05-31 09:45:35",2917
"2019-05-31 10:45:33",2917
"2019-05-31 11:45:33",2917
"2019-05-31 12:46:19",2917
"2019-05-31 13:45:36",2917
"2019-05-31 14:45:34",2915
"2019-05-31 15:45:35",2920
"2019-05-31 16:45:34",2920
"2019-05-31 17:45:38",2920
"2019-05-31 18:45:33",2920
"2019-05-31 19:45:32",2921
"2019-05-31 20:45:33",2919
"2019-05-31 21:45:34",2919
"2019-05-31 22:45:31",2919
"2019-05-31 23:45:33",2919
"2019-06-01 00:45:33",2919
"2019-06-01 01:45:33",2919
"2019-06-01 02:45:33",2919
"2019-06-01 03:45:33",2919
"2019-06-01 04:45:33",2919
"2019-06-01 05:45:33",2919
"2019-06-01 06:45:38",2919
"2019-06-01 07:45:32",2919
"2019-06-01 08:45:35",2919
"2019-06-01 09:45:33",2919
"2019-06-01 10:45:35",2919
"2019-06-01 11:45:33",2919
"2019-06-01 12:45:33",2919
"2019-06-01 13:45:33",2919
"2019-06-01 14:45:39",2919
"2019-06-01 15:45:35",2919
"2019-06-01 16:45:33",2919
"2019-06-01 17:45:35",2919
"2019-06-01 18:45:33",2919
"2019-06-01 19:45:35",2919
"2019-06-01 20:45:32",2919
"2019-06-01 21:45:35",2919
"2019-06-01 22:45:34",2919
"2019-06-01 23:45:35",2919
"2019-06-02 00:45:36",2919
"2019-06-02 01:45:39",2919
"2019-06-02 02:45:35",2919
"2019-06-02 03:45:34",2919
"2019-06-02 04:45:34",2919
"2019-06-02 05:45:39",2919
"2019-06-02 06:45:34",2919
"2019-06-02 07:45:33",2919
"2019-06-02 08:45:33",2919
"2019-06-02 09:45:33",2919
"2019-06-02 10:45:33",2919
"2019-06-02 11:45:33",2919
"2019-06-02 12:45:38",2919
"2019-06-02 13:45:34",2919
"2019-06-02 14:45:36",2919
"2019-06-02 15:45:31",2919
"2019-06-02 16:45:32",2919
"2019-06-02 17:45:34",2919
"2019-06-02 18:45:35",2919
"2019-06-02 19:45:34",2919
"2019-06-02 20:45:33",2919
"2019-06-02 21:45:34",2919
"2019-06-02 22:45:34",2919
"2019-06-02 23:45:33",2919
"2019-06-03 00:45:33",2919
"2019-06-03 01:45:37",2919
"2019-06-03 02:45:34",2919
"2019-06-03 03:45:33",2919
"2019-06-03 04:45:33",2919
"2019-06-03 05:45:33",2919
"2019-06-03 06:45:34",2919
"2019-06-03 07:45:33",2919
"2019-06-03 08:45:35",2919
"2019-06-03 09:45:34",2919
"2019-06-03 10:45:36",2919
"2019-06-03 11:45:36",2919
"2019-06-03 12:45:32",2919
"2019-06-03 13:45:36",2919
"2019-06-03 14:45:36",2932
"2019-06-03 15:45:34",2933
"2019-06-03 16:45:33",2934
"2019-06-03 17:45:33",2933
"2019-06-03 18:45:35",2934
"2019-06-03 19:45:36",2934
"2019-06-03 20:45:32",2935
"2019-06-03 21:45:35",2935
"2019-06-03 22:45:34",2935
"2019-06-03 23:45:38",2935
"2019-06-04 00:45:33",2935
"2019-06-04 01:45:35",2935
"2019-06-04 02:45:35",2935
"2019-06-04 03:46:23",2935
"2019-06-04 04:45:35",2935
"2019-06-04 05:45:33",2935
"2019-06-04 06:45:33",2935
"2019-06-04 07:45:32",2935
"2019-06-04 08:45:38",2935
"2019-06-04 09:45:33",2935
"2019-06-04 10:45:35",2935
"2019-06-04 11:45:33",2935
"2019-06-04 13:08:07",2934
"2019-06-04 13:45:34",2934
"2019-06-04 14:45:39",2934
"2019-06-04 15:45:34",2936
"2019-06-04 16:45:35",2934
"2019-06-04 17:45:37",2937
"2019-06-04 18:45:34",2938
"2019-06-04 19:45:34",2936
"2019-06-04 20:45:35",2936
"2019-06-04 21:45:32",2936
"2019-06-04 22:45:34",2936
"2019-06-04 23:45:38",2936
"2019-06-05 00:45:33",2936
"2019-06-05 01:45:35",2936
"2019-06-05 02:45:37",2936
"2019-06-05 03:45:36",2936
"2019-06-05 04:45:39",2936
"2019-06-05 05:45:33",2936
"2019-06-05 06:45:33",2936
"2019-06-05 07:45:34",2936
"2019-06-05 08:45:41",2936
"2019-06-05 09:45:34",2936
"2019-06-05 10:45:33",2936
"2019-06-05 11:45:38",2936
"2019-06-05 13:09:39",2936
"2019-06-05 13:45:34",2936
"2019-06-05 14:45:33",2938
"2019-06-05 15:45:35",2942
"2019-06-05 16:45:35",2941
"2019-06-05 17:45:35",2940
"2019-06-05 18:45:34",2938
"2019-06-05 19:45:39",2940
"2019-06-05 20:45:35",2937
"2019-06-05 21:45:34",2938
"2019-06-05 22:45:35",2938
"2019-06-05 23:45:35",2938
"2019-06-06 00:45:34",2938
"2019-06-06 01:45:33",2938
"2019-06-06 02:45:35",2938
"2019-06-06 03:45:35",2938
"2019-06-06 04:45:42",2938
"2019-06-06 05:45:35",2938
"2019-06-06 06:45:37",2938
"2019-06-06 07:45:34",2938
"2019-06-06 08:45:43",2938
"2019-06-06 09:45:38",2938
"2019-06-06 10:45:42",2938
"2019-06-06 11:45:34",2938
"2019-06-06 13:09:38",2938
"2019-06-06 13:45:35",2938
"2019-06-06 14:45:35",2937
"2019-06-06 15:45:38",2938
"2019-06-06 16:45:35",2935
"2019-06-06 17:45:37",2935
"2019-06-06 18:45:39",2936
"2019-06-06 19:45:38",2936
"2019-06-06 20:45:34",2937
"2019-06-06 21:45:36",2935
"2019-06-06 22:45:34",2935
"2019-06-06 23:45:33",2935
"2019-06-07 00:45:38",2935
"2019-06-07 01:45:36",2935
"2019-06-07 02:45:38",2935
"2019-06-07 03:45:36",2935
"2019-06-07 04:45:40",2935
"2019-06-07 05:45:34",2935
"2019-06-07 06:45:38",2935
"2019-06-07 07:45:36",2935
"2019-06-07 08:45:37",2935
"2019-06-07 09:45:39",2935
"2019-06-07 10:45:35",2935
"2019-06-07 11:45:36",2935
"2019-06-07 13:09:42",2935
"2019-06-07 13:45:39",2935
"2019-06-07 14:45:38",2938
"2019-06-07 15:45:37",2938
"2019-06-07 16:45:36",2933
"2019-06-07 17:45:35",2933
"2019-06-07 18:45:36",2941
"2019-06-07 19:45:34",2944
"2019-06-07 20:45:35",2950
"2019-06-07 21:45:37",2950
"2019-06-07 22:45:34",2950
"2019-06-07 23:45:40",2950
"2019-06-08 00:45:36",2950
"2019-06-08 01:45:41",2950
"2019-06-08 02:45:38",2950
"2019-06-08 03:45:41",2950
"2019-06-08 04:45:37",2950
"2019-06-08 05:45:44",2950
"2019-06-08 06:45:39",2950
"2019-06-08 07:45:41",2950
"2019-06-08 08:45:36",2950
"2019-06-08 09:45:37",2950
"2019-06-08 10:45:38",2950
"2019-06-08 11:45:37",2950
"2019-06-08 12:45:37",2950
"2019-06-08 13:45:35",2950
"2019-06-08 14:45:33",2950
"2019-06-08 15:45:38",2950
"2019-06-08 16:45:37",2950
"2019-06-08 17:45:36",2950
"2019-06-08 18:45:37",2950
"2019-06-08 19:45:34",2950
"2019-06-08 20:45:36",2950
"2019-06-08 21:45:34",2950
"2019-06-08 22:45:35",2950
"2019-06-08 23:45:39",2950
"2019-06-09 00:45:34",2950
"2019-06-09 01:45:36",2950
"2019-06-09 02:45:42",2950
"2019-06-09 03:45:43",2950
"2019-06-09 04:45:35",2950
"2019-06-09 05:45:40",2950
"2019-06-09 06:45:34",2950
"2019-06-09 07:45:40",2950
"2019-06-09 08:45:35",2950
"2019-06-09 09:45:37",2950
"2019-06-09 10:45:36",2950
"2019-06-09 11:45:36",2950
"2019-06-09 12:45:38",2950
"2019-06-09 13:45:36",2950
"2019-06-09 14:45:35",2950
"2019-06-09 15:45:38",2950
"2019-06-09 16:45:36",2950
"2019-06-09 17:45:39",2950
"2019-06-09 18:45:35",2950
"2019-06-09 19:45:36",2950
"2019-06-09 20:45:35",2950
"2019-06-09 21:45:36",2950
"2019-06-09 22:45:41",2950
"2019-06-09 23:45:37",2950
"2019-06-10 00:45:36",2950
"2019-06-10 01:45:40",2950
"2019-06-10 02:45:35",2950
"2019-06-10 03:45:40",2950
"2019-06-10 04:45:37",2950
"2019-06-10 05:45:39",2950
"2019-06-10 06:45:35",2950
"2019-06-10 07:45:41",2950
"2019-06-10 08:45:35",2950
"2019-06-10 09:45:35",2950
"2019-06-10 10:45:41",2950
"2019-06-10 11:45:38",2950
"2019-06-10 12:45:45",2950
"2019-06-10 13:45:42",2952
"2019-06-10 14:45:37",2956
"2019-06-10 15:45:39",2952
"2019-06-10 16:45:42",2957
"2019-06-10 17:45:39",2956
"2019-06-10 18:45:41",2956
"2019-06-10 19:45:40",2958
"2019-06-10 20:45:38",2958
"2019-06-10 21:45:38",2958
"2019-06-10 22:45:40",2958
"2019-06-10 23:45:40",2958
"2019-06-11 00:45:40",2958
"2019-06-11 01:45:43",2958
"2019-06-11 02:45:41",2958
"2019-06-11 03:45:40",2958
"2019-06-11 04:45:39",2958
"2019-06-11 05:45:40",2958
"2019-06-11 06:45:39",2958
"2019-06-11 07:45:38",2958
"2019-06-11 08:45:38",2958
"2019-06-11 09:45:41",2958
"2019-06-11 10:45:39",2958
"2019-06-11 11:45:41",2958
"2019-06-11 13:09:15",2958
"2019-06-11 13:45:44",2958
"2019-06-11 14:45:39",2962
"2019-06-11 15:45:39",2965
"2019-06-11 16:45:44",2965
"2019-06-11 17:45:39",2959
"2019-06-11 18:45:42",2959
"2019-06-11 19:45:39",2959
"2019-06-11 20:45:41",2959
"2019-06-11 21:45:39",2959
"2019-06-11 22:45:39",2958
"2019-06-11 23:45:37",2958
"2019-06-12 00:45:43",2958
"2019-06-12 01:45:42",2958
"2019-06-12 02:45:42",2958
"2019-06-12 03:45:46",2958
"2019-06-12 04:45:42",2958
"2019-06-12 05:45:41",2958
"2019-06-12 06:45:41",2958
"2019-06-12 07:45:44",2958
"2019-06-12 08:45:42",2958
"2019-06-12 09:45:46",2958
"2019-06-12 10:45:42",2958
"2019-06-12 11:45:44",2958
"2019-06-12 13:08:46",2958
"2019-06-12 13:45:40",2958
"2019-06-12 14:45:39",2955
"2019-06-12 15:45:42",2956
"2019-06-12 16:45:41",2959
"2019-06-12 17:45:39",2959
"2019-06-12 18:45:41",2962
"2019-06-12 19:45:43",2961
"2019-06-12 20:45:42",2959
"2019-06-12 21:45:42",2959
"2019-06-12 22:45:39",2959
"2019-06-12 23:45:39",2959
"2019-06-13 00:45:40",2959
"2019-06-13 01:45:43",2959
"2019-06-13 02:45:58",2959
"2019-06-13 03:45:39",2959
"2019-06-13 04:45:41",2959
"2019-06-13 05:45:45",2959
"2019-06-13 06:45:41",2959
"2019-06-13 07:45:37",2959
"2019-06-13 08:45:38",2959
"2019-06-13 09:45:39",2959
"2019-06-13 10:45:45",2959
"2019-06-13 11:45:37",2959
"2019-06-13 13:09:41",2959
"2019-06-13 13:45:42",2959
"2019-06-13 14:45:41",2959
"2019-06-13 15:45:42",2957
"2019-06-13 16:45:42",2956
"2019-06-13 17:45:39",2956
"2019-06-13 18:45:38",2955
"2019-06-13 19:45:40",2952
"2019-06-13 20:45:35",2952
"2019-06-13 21:45:37",2952
"2019-06-13 22:45:38",2952
"2019-06-13 23:45:39",2952
"2019-06-14 00:45:39",2952
"2019-06-14 01:45:41",2952
"2019-06-14 02:45:43",2952
"2019-06-14 03:45:40",2952
"2019-06-14 04:45:40",2952
"2019-06-14 05:45:41",2952
"2019-06-14 06:45:47",2952
"2019-06-14 07:45:43",2952
"2019-06-14 08:45:42",2952
"2019-06-14 09:45:40",2952
"2019-06-14 10:45:44",2952
"2019-06-14 11:45:43",2952
"2019-06-14 12:45:42",2952
"2019-06-14 13:45:39",2952
"2019-06-14 14:45:42",2953
"2019-06-14 15:45:43",2955
"2019-06-14 16:45:42",2954
"2019-06-14 17:45:39",2955
"2019-06-14 18:45:40",2958
"2019-06-14 19:45:40",2959
"2019-06-14 20:45:39",2958
"2019-06-14 21:45:42",2959
"2019-06-14 22:45:38",2959
"2019-06-14 23:45:41",2959
"2019-06-15 00:45:42",2959
"2019-06-15 01:45:43",2959
"2019-06-15 02:45:40",2959
"2019-06-15 03:45:40",2959
"2019-06-15 04:45:41",2959
"2019-06-15 05:45:43",2959
"2019-06-15 06:45:40",2959
"2019-06-15 07:45:42",2959
"2019-06-15 08:45:41",2959
"2019-06-15 09:45:40",2959
"2019-06-15 10:45:43",2959
"2019-06-15 11:45:41",2959
"2019-06-15 12:45:44",2959
"2019-06-15 13:45:47",2959
"2019-06-15 14:45:39",2959
"2019-06-15 15:45:39",2959
"2019-06-15 16:45:40",2959
"2019-06-15 17:45:40",2959
"2019-06-15 18:45:43",2959
"2019-06-15 19:45:41",2959
"2019-06-15 20:45:41",2959
"2019-06-15 21:45:47",2959
"2019-06-15 22:45:47",2959
"2019-06-15 23:45:40",2959
"2019-06-16 00:45:40",2959
"2019-06-16 01:45:46",2959
"2019-06-16 02:45:42",2959
"2019-06-16 03:45:41",2959
"2019-06-16 04:45:46",2959
"2019-06-16 05:45:42",2959
"2019-06-16 06:45:44",2959
"2019-06-16 07:45:46",2959
"2019-06-16 08:45:41",2959
"2019-06-16 09:45:38",2959
"2019-06-16 10:45:38",2959
"2019-06-16 11:45:38",2959
"2019-06-16 12:45:40",2959
"2019-06-16 13:45:38",2959
"2019-06-16 14:45:41",2959
"2019-06-16 15:45:42",2959
"2019-06-16 16:45:44",2959
"2019-06-16 17:45:44",2959
"2019-06-16 18:45:44",2959
"2019-06-16 19:45:40",2959
"2019-06-16 20:45:40",2959
"2019-06-16 21:45:44",2959
"2019-06-16 22:45:41",2959
"2019-06-16 23:45:44",2959
"2019-06-17 00:45:40",2959
"2019-06-17 01:45:40",2959
"2019-06-17 02:45:45",2959
"2019-06-17 03:45:46",2959
"2019-06-17 04:45:44",2959
"2019-06-17 05:45:42",2959
"2019-06-17 06:45:40",2959
"2019-06-17 07:45:39",2959
"2019-06-17 08:45:41",2959
"2019-06-17 09:45:40",2959
"2019-06-17 10:45:42",2959
"2019-06-17 11:45:42",2959
"2019-06-17 13:10:15",2959
"2019-06-17 13:45:40",2959
"2019-06-17 14:45:42",2968
"2019-06-17 15:45:43",2974
"2019-06-17 16:45:54",2974
"2019-06-17 17:45:45",2974
"2019-06-17 18:45:47",2973
"2019-06-17 19:45:42",2974
"2019-06-17 20:45:44",2974
"2019-06-17 21:45:40",2973
"2019-06-17 22:45:42",2975
"2019-06-17 23:45:39",2975
"2019-06-18 00:45:40",2975
"2019-06-18 01:45:39",2975
"2019-06-18 02:45:53",2975
"2019-06-18 03:45:42",2975
"2019-06-18 04:45:41",2975
"2019-06-18 05:45:43",2975
"2019-06-18 06:45:41",2975
"2019-06-18 07:45:42",2975
"2019-06-18 08:45:52",2975
"2019-06-18 09:45:38",2975
"2019-06-18 10:45:38",2975
"2019-06-18 11:45:40",2975
"2019-06-18 13:08:13",2975
"2019-06-18 13:45:42",2975
"2019-06-18 14:45:40",2971
"2019-06-18 15:45:40",2974
"2019-06-18 16:45:40",2974
"2019-06-18 17:45:39",2975
"2019-06-18 18:45:45",2975
"2019-06-18 19:45:46",2974
"2019-06-18 20:45:39",2976
"2019-06-18 21:45:39",2977
"2019-06-18 22:45:40",2977
"2019-06-18 23:45:41",2977
"2019-06-19 00:45:40",2977
"2019-06-19 01:45:43",2977
"2019-06-19 02:45:44",2977
"2019-06-19 03:45:44",2977
"2019-06-19 04:45:40",2977
"2019-06-19 05:46:00",2977
"2019-06-19 06:45:58",2977
"2019-06-19 07:45:45",2977
"2019-06-19 08:45:47",2977
"2019-06-19 09:45:40",2977
"2019-06-19 10:45:45",2977
"2019-06-19 11:45:43",2977
"2019-06-19 13:08:16",2976
"2019-06-19 13:45:42",2976
"2019-06-19 14:45:42",2976
"2019-06-19 15:45:41",2974
"2019-06-19 16:45:54",2977
"2019-06-19 17:45:43",2977
"2019-06-19 18:45:40",2977
"2019-06-19 19:45:44",2971
"2019-06-19 20:45:42",2970
"2019-06-19 21:45:42",2970
"2019-06-19 22:45:41",2970
"2019-06-19 23:45:41",2970
"2019-06-20 00:45:41",2970
"2019-06-20 01:45:39",2970
"2019-06-20 02:45:39",2970
"2019-06-20 03:45:39",2970
"2019-06-20 04:45:42",2970
"2019-06-20 05:45:39",2970
"2019-06-20 06:45:39",2970
"2019-06-20 07:45:40",2970
"2019-06-20 08:45:40",2970
"2019-06-20 09:45:44",2970
"2019-06-20 10:45:41",2970
"2019-06-20 11:45:39",2970
"2019-06-20 13:09:56",2970
"2019-06-20 13:45:45",2970
"2019-06-20 14:45:42",2968
"2019-06-20 15:45:43",2972
"2019-06-20 16:45:43",2972
"2019-06-20 17:45:44",2975
"2019-06-20 18:45:41",2972
"2019-06-20 19:45:41",2973
"2019-06-20 20:45:58",2970
"2019-06-20 21:45:43",2970
"2019-06-20 22:45:41",2969
"2019-06-20 23:45:42",2969
"2019-06-21 00:45:42",2969
"2019-06-21 01:45:43",2969
"2019-06-21 02:45:44",2969
"2019-06-21 03:45:42",2969
"2019-06-21 04:45:43",2969
"2019-06-21 05:45:42",2969
"2019-06-21 06:45:43",2969
"2019-06-21 07:45:44",2969
"2019-06-21 08:45:42",2969
"2019-06-21 09:45:41",2969
"2019-06-21 10:45:40",2969
"2019-06-21 11:45:38",2969
"2019-06-21 12:45:41",2969
"2019-06-21 13:45:43",2968
"2019-06-21 14:45:42",2970
"2019-06-21 15:45:42",2973
"2019-06-21 16:45:43",2974
"2019-06-21 17:45:42",2972
"2019-06-21 18:45:43",2970
"2019-06-21 19:45:40",2975
"2019-06-21 20:45:41",2976
"2019-06-21 21:45:41",2974
"2019-06-21 22:45:42",2974
"2019-06-21 23:46:11",2974
"2019-06-22 00:45:42",2974
"2019-06-22 01:45:47",2974
"2019-06-22 02:45:45",2974
"2019-06-22 03:45:40",2974
"2019-06-22 04:45:42",2974
"2019-06-22 05:45:44",2974
"2019-06-22 06:45:45",2974
"2019-06-22 07:45:42",2974
"2019-06-22 08:45:43",2974
"2019-06-22 09:45:45",2974
"2019-06-22 10:45:47",2974
"2019-06-22 11:45:40",2974
"2019-06-22 12:45:48",2974
"2019-06-22 13:45:42",2974
"2019-06-22 14:45:47",2974
"2019-06-22 15:46:01",2974
"2019-06-22 16:45:52",2974
"2019-06-22 17:45:43",2974
"2019-06-22 18:45:48",2974
"2019-06-22 19:45:45",2974
"2019-06-22 20:45:44",2974
"2019-06-22 21:45:42",2974
"2019-06-22 22:45:49",2974
"2019-06-22 23:45:44",2974
"2019-06-23 00:45:54",2974
"2019-06-23 01:45:48",2974
"2019-06-23 02:45:48",2974
"2019-06-23 03:45:45",2974
"2019-06-23 04:45:42",2974
"2019-06-23 05:45:47",2974
"2019-06-23 06:45:42",2974
"2019-06-23 07:45:41",2974
"2019-06-23 08:45:43",2974
"2019-06-23 09:45:44",2974
"2019-06-23 10:45:41",2974
"2019-06-23 11:45:43",2974
"2019-06-23 12:45:41",2974
"2019-06-23 13:45:42",2974
"2019-06-23 14:45:40",2974
"2019-06-23 15:45:42",2974
"2019-06-23 16:45:44",2974
"2019-06-23 17:45:45",2974
"2019-06-23 18:45:39",2974
"2019-06-23 19:45:39",2974
"2019-06-23 20:45:43",2974
"2019-06-23 21:45:41",2974
"2019-06-23 22:45:41",2974
"2019-06-23 23:45:41",2974
"2019-06-24 00:45:44",2974
"2019-06-24 01:45:41",2974
"2019-06-24 02:45:42",2974
"2019-06-24 03:45:47",2974
"2019-06-24 04:45:45",2974
"2019-06-24 05:45:44",2974
"2019-06-24 06:45:47",2974
"2019-06-24 07:45:40",2974
"2019-06-24 08:45:42",2974
"2019-06-24 09:45:45",2974
"2019-06-24 10:45:39",2974
"2019-06-24 11:45:47",2974
"2019-06-24 13:45:41",2974
"2019-06-24 14:45:44",2977
"2019-06-24 15:45:43",2978
"2019-06-24 16:45:48",2979
"2019-06-24 17:45:47",2980
"2019-06-24 18:45:47",2977
"2019-06-24 19:45:46",2977
"2019-06-24 20:45:45",2977
"2019-06-24 21:45:45",2978
"2019-06-24 22:45:42",2979
"2019-06-24 23:45:44",2979
"2019-06-25 00:45:42",2979
"2019-06-25 01:45:45",2979
"2019-06-25 02:45:46",2979
"2019-06-25 03:45:44",2979
"2019-06-25 04:45:42",2979
"2019-06-25 05:45:43",2979
"2019-06-25 06:45:47",2979
"2019-06-25 07:45:43",2979
"2019-06-25 08:45:42",2979
"2019-06-25 09:45:44",2979
"2019-06-25 10:45:42",2979
"2019-06-25 11:45:39",2979
"2019-06-25 13:09:15",2979
"2019-06-25 13:45:42",2979
"2019-06-25 14:45:45",2979
"2019-06-25 15:45:43",2983
"2019-06-25 16:45:44",2981
"2019-06-25 17:45:46",2981
"2019-06-25 18:45:44",2980
"2019-06-25 19:45:40",2976
"2019-06-25 20:45:43",2974
"2019-06-25 21:45:40",2972
"2019-06-25 22:45:39",2973
"2019-06-25 23:45:46",2973
"2019-06-26 00:45:45",2973
"2019-06-26 01:45:42",2973
"2019-06-26 02:45:44",2973
"2019-06-26 03:45:58",2973
"2019-06-26 04:45:46",2973
"2019-06-26 05:45:43",2973
"2019-06-26 06:45:43",2973
"2019-06-26 07:45:45",2973
"2019-06-26 08:45:40",2973
"2019-06-26 09:45:38",2973
"2019-06-26 10:45:41",2973
"2019-06-26 11:45:40",2973
"2019-06-26 13:08:14",2973
"2019-06-26 13:45:44",2973
"2019-06-26 14:45:43",2974
"2019-06-26 15:45:41",2975
"2019-06-26 16:45:45",2972
"2019-06-26 17:45:40",2974
"2019-06-26 18:45:42",2976
"2019-06-26 19:45:42",2976
"2019-06-26 20:45:40",2977
"2019-06-26 21:45:41",2978
"2019-06-26 22:45:43",2978
"2019-06-26 23:45:41",2978
"2019-06-27 00:45:45",2978
"2019-06-27 01:45:41",2978
"2019-06-27 02:45:45",2978
"2019-06-27 03:45:39",2978
"2019-06-27 04:45:45",2978
"2019-06-27 05:45:42",2978
"2019-06-27 06:45:44",2978
"2019-06-27 07:45:38",2978
"2019-06-27 08:45:40",2978
"2019-06-27 09:45:41",2978
"2019-06-27 10:45:42",2978
"2019-06-27 11:45:38",2978
"2019-06-27 13:08:16",2978
"2019-06-27 13:45:39",2978
"2019-06-27 14:45:39",2980
"2019-06-27 15:45:43",2980
"2019-06-27 16:45:41",2983
"2019-06-27 17:45:39",2985
"2019-06-27 18:45:40",2987
"2019-06-27 19:45:38",2987
"2019-06-27 20:45:44",2990
"2019-06-27 21:45:44",2991
"2019-06-27 22:45:37",2991
"2019-06-27 23:46:02",2991
"2019-06-28 00:45:42",2991
"2019-06-28 01:45:40",2991
"2019-06-28 02:45:39",2991
"2019-06-28 03:45:43",2991
"2019-06-28 04:45:42",2991
"2019-06-28 05:45:39",2991
"2019-06-28 06:45:39",2991
"2019-06-28 07:45:39",2991
"2019-06-28 08:45:38",2991
"2019-06-28 09:45:39",2991
"2019-06-28 10:45:36",2991
"2019-06-28 11:45:39",2991
"2019-06-28 13:09:20",2991
"2019-06-28 13:45:37",2991
"2019-06-28 14:45:38",2993
"2019-06-28 15:45:41",2992
"2019-06-28 16:45:39",2992
"2019-06-28 17:45:39",2991
"2019-06-28 18:45:37",2989
"2019-06-28 19:45:39",2990
"2019-06-28 20:45:40",2990
"2019-06-28 21:45:39",2990
"2019-06-28 22:45:40",2989
"2019-06-28 23:45:38",2989
"2019-06-29 00:45:42",2989
"2019-06-29 01:45:46",2989
"2019-06-29 02:45:41",2989
"2019-06-29 03:45:38",2989
"2019-06-29 04:45:39",2989
"2019-06-29 05:45:40",2989
"2019-06-29 06:45:39",2989
"2019-06-29 07:45:40",2989
"2019-06-29 08:45:39",2989
"2019-06-29 09:45:41",2989
"2019-06-29 10:45:40",2989
"2019-06-29 11:45:44",2989
"2019-06-29 12:45:43",2989
"2019-06-29 13:45:41",2989
"2019-06-29 14:45:41",2989
"2019-06-29 15:45:42",2989
"2019-06-29 16:45:45",2989
"2019-06-29 17:45:40",2989
"2019-06-29 18:45:41",2989
"2019-06-29 19:45:42",2989
"2019-06-29 20:45:40",2989
"2019-06-29 21:45:45",2989
"2019-06-29 22:45:38",2989
"2019-06-29 23:45:44",2989
"2019-06-30 00:45:41",2989
"2019-06-30 01:45:47",2989
"2019-06-30 02:45:43",2989
"2019-06-30 03:45:42",2989
"2019-06-30 04:45:44",2989
"2019-06-30 05:45:41",2989
"2019-06-30 06:45:42",2989
"2019-06-30 07:45:43",2989
"2019-06-30 08:45:42",2989
"2019-06-30 09:45:41",2989
"2019-06-30 10:45:41",2989
"2019-06-30 11:45:42",2989
"2019-06-30 12:45:39",2989
"2019-06-30 13:45:43",2989
"2019-06-30 14:45:40",2989
"2019-06-30 15:45:40",2989
"2019-06-30 16:45:42",2989
"2019-06-30 17:45:40",2989
"2019-06-30 18:45:41",2989
"2019-06-30 19:45:41",2989
"2019-06-30 20:45:43",2989
"2019-06-30 21:45:41",2989
"2019-06-30 22:45:40",2989
"2019-06-30 23:45:42",2989
"2019-07-01 00:45:44",2989
"2019-07-01 01:45:41",2989
"2019-07-01 02:45:43",2989
"2019-07-01 03:45:43",2989
"2019-07-01 04:45:41",2989
"2019-07-01 05:45:46",2989
"2019-07-01 06:45:41",2989
"2019-07-01 07:45:50",2989
"2019-07-01 08:45:55",2989
"2019-07-01 09:45:42",2989
"2019-07-01 10:45:39",2989
"2019-07-01 11:45:44",2989
"2019-07-01 13:09:15",2989
"2019-07-01 13:45:47",2989
"2019-07-01 14:46:06",2995
"2019-07-01 15:45:46",3000
"2019-07-01 16:45:45",3000
"2019-07-01 17:45:43",2999
"2019-07-01 18:45:44",2999
"2019-07-01 19:45:46",2997
"2019-07-01 20:45:44",2996
"2019-07-01 21:45:43",2996
"2019-07-01 22:45:44",2996
"2019-07-01 23:45:43",2996
"2019-07-02 00:45:47",2996
"2019-07-02 01:45:43",2996
"2019-07-02 03:46:00",2996
"2019-07-02 04:45:44",2996
"2019-07-02 05:46:01",2996
"2019-07-02 06:45:45",2996
"2019-07-02 07:45:46",2996
"2019-07-02 08:45:44",2996
"2019-07-02 09:45:41",2996
"2019-07-02 10:45:42",2996
"2019-07-02 11:45:43",2996
"2019-07-02 12:45:46",2996
"2019-07-02 13:45:43",2996
"2019-07-02 14:45:45",2993
"2019-07-02 15:45:42",2992
"2019-07-02 16:45:43",2992
"2019-07-02 17:45:43",2992
"2019-07-02 18:45:43",2993
"2019-07-02 19:45:45",2992
"2019-07-02 20:45:42",2993
"2019-07-02 21:45:44",2994
"2019-07-02 22:45:52",2995
"2019-07-03 00:45:44",2995
"2019-07-03 01:45:42",2995
"2019-07-03 02:45:47",2995
"2019-07-03 03:45:47",2995
"2019-07-03 04:45:47",2995
"2019-07-03 05:45:45",2995
"2019-07-03 06:45:45",2995
"2019-07-03 07:45:44",2995
"2019-07-03 08:45:59",2995
"2019-07-03 09:45:44",2995
"2019-07-03 10:45:49",2995
"2019-07-03 11:45:42",2995
"2019-07-03 13:10:18",2995
"2019-07-03 13:45:43",2995
"2019-07-03 14:45:52",2991
"2019-07-03 15:45:43",2988
"2019-07-03 16:46:02",2988
"2019-07-03 17:45:44",2987
"2019-07-03 18:45:45",2986
"2019-07-03 19:45:42",2987
"2019-07-03 20:45:40",2987
"2019-07-03 21:45:44",2987
"2019-07-03 22:45:42",2987
"2019-07-03 23:45:45",2987
"2019-07-04 00:45:46",2987
"2019-07-04 01:45:41",2987
"2019-07-04 02:45:47",2987
"2019-07-04 03:45:42",2987
"2019-07-04 04:45:41",2987
"2019-07-04 05:45:46",2987
"2019-07-04 06:45:44",2987
"2019-07-04 07:45:41",2987
"2019-07-04 08:45:42",2987
"2019-07-04 09:45:40",2987
"2019-07-04 10:45:44",2987
"2019-07-04 11:45:42",2987
"2019-07-04 12:45:47",2987
"2019-07-04 13:45:48",2987
"2019-07-04 14:45:44",2987
"2019-07-04 15:45:42",2987
"2019-07-04 16:45:42",2987
"2019-07-04 17:45:41",2987
"2019-07-04 18:45:42",2987
"2019-07-04 19:45:41",2987
"2019-07-04 20:45:44",2987
"2019-07-04 21:45:44",2987
"2019-07-04 22:45:48",2987
"2019-07-04 23:45:42",2987
"2019-07-05 00:45:44",2987
"2019-07-05 01:45:41",2987
"2019-07-05 02:45:42",2987
"2019-07-05 03:45:42",2987
"2019-07-05 04:45:40",2987
"2019-07-05 05:45:48",2987
"2019-07-05 06:45:46",2987
"2019-07-05 07:45:42",2987
"2019-07-05 08:45:41",2987
"2019-07-05 09:45:41",2987
"2019-07-05 10:45:57",2987
"2019-07-05 11:45:53",2987
"2019-07-05 12:45:42",2987
"2019-07-05 13:45:52",2988
"2019-07-05 14:45:45",2993
"2019-07-05 15:45:42",2993
"2019-07-05 16:45:54",2992
"2019-07-05 17:45:44",2993
"2019-07-05 18:45:43",2993
"2019-07-05 19:45:42",2993
"2019-07-05 20:45:43",2994
"2019-07-05 21:45:45",2993
"2019-07-05 22:45:46",2993
"2019-07-05 23:45:43",2993
"2019-07-06 00:45:48",2993
"2019-07-06 01:45:48",2993
"2019-07-06 02:45:53",2993
"2019-07-06 03:45:43",2993
"2019-07-06 04:45:41",2993
"2019-07-06 05:45:43",2993
"2019-07-06 06:45:45",2993
"2019-07-06 07:45:39",2993
"2019-07-06 08:45:41",2993
"2019-07-06 09:45:42",2993
"2019-07-06 10:45:42",2993
"2019-07-06 11:46:02",2993
"2019-07-06 12:45:47",2993
"2019-07-06 13:45:44",2993
"2019-07-06 14:45:41",2993
"2019-07-06 15:45:41",2993
"2019-07-06 16:45:46",2993
"2019-07-06 17:45:43",2993
"2019-07-06 18:45:43",2993
"2019-07-06 19:45:47",2993
"2019-07-06 20:45:39",2993
"2019-07-06 21:45:42",2993
"2019-07-06 22:45:42",2993
"2019-07-06 23:45:42",2993
"2019-07-07 00:45:40",2993
"2019-07-07 01:45:42",2993
"2019-07-07 02:45:44",2993
"2019-07-07 03:45:40",2993
"2019-07-07 04:45:41",2993
"2019-07-07 05:45:46",2993
"2019-07-07 06:45:42",2993
"2019-07-07 07:45:42",2993
"2019-07-07 08:45:43",2993
"2019-07-07 09:45:41",2993
"2019-07-07 10:45:43",2993
"2019-07-07 11:45:38",2993
"2019-07-07 12:45:38",2993
"2019-07-07 13:45:39",2993
"2019-07-07 14:45:41",2993
"2019-07-07 15:45:43",2993
"2019-07-07 16:45:44",2993
"2019-07-07 17:45:42",2993
"2019-07-07 18:45:43",2993
"2019-07-07 19:45:39",2993
"2019-07-07 20:45:40",2993
"2019-07-07 21:45:42",2993
"2019-07-07 22:45:42",2993
"2019-07-07 23:45:41",2993
"2019-07-08 00:45:41",2993
"2019-07-08 01:45:44",2993
"2019-07-08 02:45:41",2993
"2019-07-08 03:45:47",2993
"2019-07-08 04:45:41",2993
"2019-07-08 05:45:38",2993
"2019-07-08 06:45:47",2993
"2019-07-08 07:45:50",2993
"2019-07-08 08:45:47",2993
"2019-07-08 09:45:51",2993
"2019-07-08 10:45:51",2993
"2019-07-08 11:46:01",2993
"2019-07-08 12:45:43",2992
"2019-07-08 13:45:41",2992
"2019-07-08 14:45:42",2992
"2019-07-08 15:45:41",2994
"2019-07-08 16:45:43",2994
"2019-07-08 17:45:40",2993
"2019-07-08 18:45:44",2994
"2019-07-08 19:45:41",2993
"2019-07-08 20:45:40",2993
"2019-07-08 21:45:42",2993
"2019-07-08 22:45:42",2993
"2019-07-08 23:45:39",2993
"2019-07-09 00:45:41",2993
"2019-07-09 01:45:39",2993
"2019-07-09 02:45:50",2993
"2019-07-09 03:45:45",2993
"2019-07-09 04:45:44",2993
"2019-07-09 05:45:52",2993
"2019-07-09 06:45:46",2993
"2019-07-09 07:45:47",2993
"2019-07-09 08:45:43",2993
"2019-07-09 09:45:41",2993
"2019-07-09 10:45:38",2993
"2019-07-09 11:45:43",2993
"2019-07-09 13:08:45",2993
"2019-07-09 13:45:39",2993
"2019-07-09 14:45:42",2993
"2019-07-09 15:45:42",2991
"2019-07-09 16:45:40",2988
"2019-07-09 17:45:43",2989
"2019-07-09 18:45:40",2990
"2019-07-09 19:45:41",2991
"2019-07-09 20:45:41",2991
"2019-07-09 21:45:41",2992
"2019-07-09 22:45:39",2992
"2019-07-09 23:45:41",2992
"2019-07-10 00:45:40",2992
"2019-07-10 01:45:41",2992
"2019-07-10 02:45:41",2992
"2019-07-10 03:45:40",2992
"2019-07-10 04:45:40",2992
"2019-07-10 05:45:45",2992
"2019-07-10 06:45:43",2992
"2019-07-10 07:45:38",2992
"2019-07-10 08:45:40",2992
"2019-07-10 09:45:38",2992
"2019-07-10 10:45:39",2992
"2019-07-10 11:45:42",2992
"2019-07-10 12:45:44",2992
"2019-07-10 13:45:42",2992
"2019-07-10 14:45:40",2988
"2019-07-10 15:45:43",2987
"2019-07-10 16:45:57",2990
"2019-07-10 17:45:41",2989
"2019-07-10 18:45:40",2988
"2019-07-10 19:45:40",2987
"2019-07-10 20:45:41",2987
"2019-07-10 21:45:40",2988
"2019-07-10 22:45:47",2988
"2019-07-10 23:45:41",2988
"2019-07-11 00:45:39",2988
"2019-07-11 01:45:43",2988
"2019-07-11 02:45:48",2988
"2019-07-11 03:45:44",2988
"2019-07-11 04:45:48",2988
"2019-07-11 05:45:44",2988
"2019-07-11 06:45:43",2988
"2019-07-11 07:45:42",2988
"2019-07-11 08:45:48",2988
"2019-07-11 09:45:42",2988
"2019-07-11 10:45:44",2988
"2019-07-11 11:45:40",2988
"2019-07-11 12:45:39",2988
"2019-07-11 13:45:41",2988
"2019-07-11 14:45:40",2992
"2019-07-11 15:45:40",2990
"2019-07-11 16:45:41",2995
"2019-07-11 17:45:41",2995
"2019-07-11 18:45:41",2997
"2019-07-11 19:45:40",2998
"2019-07-11 20:45:39",2999
"2019-07-11 21:45:45",2999
"2019-07-11 22:45:44",2998
"2019-07-11 23:45:41",2998
"2019-07-12 00:45:40",2998
"2019-07-12 01:45:42",2998
"2019-07-12 02:45:40",2998
"2019-07-12 03:45:40",2998
"2019-07-12 04:45:39",2998
"2019-07-12 05:45:46",2998
"2019-07-12 06:45:48",2998
"2019-07-12 07:45:41",2998
"2019-07-12 08:45:41",2998
"2019-07-12 09:45:52",2998
"2019-07-12 10:45:43",2998
"2019-07-12 11:45:42",2998
"2019-07-12 13:09:15",2998
"2019-07-12 13:45:42",2998
"2019-07-12 14:45:43",2999
"2019-07-12 15:46:04",3007
"2019-07-12 16:45:46",3008
"2019-07-12 17:45:47",3010
"2019-07-12 18:45:42",3011
"2019-07-12 19:45:38",3014
"2019-07-12 20:45:38",3016
"2019-07-12 21:45:41",3016
"2019-07-12 22:45:48",3016
"2019-07-12 23:45:40",3016
"2019-07-13 00:45:41",3016
"2019-07-13 01:45:42",3016
"2019-07-13 02:45:45",3016
"2019-07-13 03:45:39",3016
"2019-07-13 04:45:41",3016
"2019-07-13 05:45:40",3016
"2019-07-13 06:45:40",3016
"2019-07-13 07:45:42",3016
"2019-07-13 08:45:39",3016
"2019-07-13 09:45:40",3016
"2019-07-13 10:45:41",3016
"2019-07-13 11:45:44",3016
"2019-07-13 12:45:45",3016
"2019-07-13 13:45:40",3016
"2019-07-13 14:45:39",3016
"2019-07-13 15:45:43",3016
"2019-07-13 16:46:12",3016
"2019-07-13 17:45:45",3016
"2019-07-13 18:45:47",3016
"2019-07-13 19:45:45",3016
"2019-07-13 20:45:46",3016
"2019-07-13 21:45:45",3016
"2019-07-13 22:45:41",3016
"2019-07-13 23:45:41",3016
"2019-07-14 00:45:41",3016
"2019-07-14 01:45:50",3016
"2019-07-14 02:45:42",3016
"2019-07-14 03:45:44",3016
"2019-07-14 04:45:41",3016
"2019-07-14 05:45:45",3016
"2019-07-14 06:45:44",3016
"2019-07-14 07:45:40",3016
"2019-07-14 08:45:41",3016
"2019-07-14 09:45:37",3016
"2019-07-14 10:45:40",3016
"2019-07-14 11:45:44",3016
"2019-07-14 12:45:41",3016
"2019-07-14 13:45:44",3016
"2019-07-14 14:45:40",3016
"2019-07-14 15:45:42",3016
"2019-07-14 16:45:45",3016
"2019-07-14 17:45:42",3016
"2019-07-14 18:45:40",3016
"2019-07-14 19:45:40",3016
"2019-07-14 20:45:49",3016
"2019-07-14 21:45:39",3016
"2019-07-14 22:45:39",3016
"2019-07-14 23:45:40",3016
"2019-07-15 00:45:41",3016
"2019-07-15 01:45:40",3016
"2019-07-15 02:45:41",3016
"2019-07-15 03:45:39",3016
"2019-07-15 04:45:39",3016
"2019-07-15 05:45:48",3016
"2019-07-15 06:45:53",3016
"2019-07-15 07:45:41",3016
"2019-07-15 08:45:39",3016
"2019-07-15 09:45:39",3016
"2019-07-15 10:45:41",3016
"2019-07-15 11:45:38",3016
"2019-07-15 13:09:47",3016
"2019-07-15 13:45:44",3016
"2019-07-15 14:45:41",3019
"2019-07-15 15:45:39",3021
"2019-07-15 16:45:56",3022
"2019-07-15 17:45:41",3023
"2019-07-15 18:45:39",3017
"2019-07-15 19:45:41",3018
"2019-07-15 20:45:43",3023
"2019-07-15 21:45:40",3025
"2019-07-15 22:45:46",3026
"2019-07-15 23:45:41",3026
"2019-07-16 00:45:39",3026
"2019-07-16 01:45:41",3026
"2019-07-16 02:45:47",3026
"2019-07-16 03:45:40",3026
"2019-07-16 04:45:39",3026
"2019-07-16 05:45:49",3026
"2019-07-16 06:45:55",3026
"2019-07-16 07:45:40",3026
"2019-07-16 08:45:40",3026
"2019-07-16 09:45:41",3026
"2019-07-16 10:45:42",3026
"2019-07-16 11:45:39",3026
"2019-07-16 13:09:43",3027
"2019-07-16 13:45:42",3027
"2019-07-16 14:45:40",3027
"2019-07-16 15:45:50",3022
"2019-07-16 16:45:42",3024
"2019-07-16 17:45:44",3023
"2019-07-16 18:45:42",3026
"2019-07-16 19:45:39",3027
"2019-07-16 20:46:13",3027
"2019-07-16 21:45:41",3027
"2019-07-16 22:45:42",3027
"2019-07-16 23:45:40",3027
"2019-07-17 00:45:40",3027
"2019-07-17 01:45:41",3027
"2019-07-17 02:45:42",3027
"2019-07-17 03:45:43",3027
"2019-07-17 04:45:43",3027
"2019-07-17 05:45:56",3027
"2019-07-17 06:45:45",3027
"2019-07-17 07:45:46",3027
"2019-07-17 08:45:42",3027
"2019-07-17 09:45:43",3027
"2019-07-17 10:45:42",3027
"2019-07-17 11:45:40",3027
"2019-07-17 13:09:15",3026
"2019-07-17 13:45:41",3026
"2019-07-17 14:45:44",3025
"2019-07-17 15:45:51",3029
"2019-07-17 16:45:50",3031
"2019-07-17 17:45:40",3033
"2019-07-17 18:45:42",3031
"2019-07-17 19:45:39",3032
"2019-07-17 20:45:41",3032
"2019-07-17 21:45:40",3033
"2019-07-17 22:45:43",3033
"2019-07-17 23:45:41",3033
"2019-07-18 00:45:39",3033
"2019-07-18 01:45:51",3033
"2019-07-18 02:45:43",3033
"2019-07-18 03:45:42",3033
"2019-07-18 04:45:40",3033
"2019-07-18 05:45:46",3033
"2019-07-18 06:45:44",3033
"2019-07-18 07:45:38",3033
"2019-07-18 08:45:45",3033
"2019-07-18 09:45:39",3033
"2019-07-18 10:45:42",3033
"2019-07-18 11:45:38",3033
"2019-07-18 13:09:49",3032
"2019-07-18 13:45:40",3032
"2019-07-18 14:45:40",3024
"2019-07-18 15:45:40",3025
"2019-07-18 16:45:51",3022
"2019-07-18 17:45:42",3021
"2019-07-18 18:45:42",3020
"2019-07-18 19:45:43",3020
"2019-07-18 20:45:42",3019
"2019-07-18 21:45:41",3019
"2019-07-18 22:45:42",3019
"2019-07-18 23:45:47",3019
"2019-07-19 00:45:42",3019
"2019-07-19 01:45:43",3019
"2019-07-19 02:45:44",3019
"2019-07-19 03:45:42",3019
"2019-07-19 04:45:45",3019
"2019-07-19 05:45:59",3019
"2019-07-19 06:45:44",3019
"2019-07-19 07:45:48",3019
"2019-07-19 08:45:40",3019
"2019-07-19 09:45:41",3019
"2019-07-19 10:45:40",3019
"2019-07-19 11:45:41",3019
"2019-07-19 13:09:13",3020
"2019-07-19 13:45:40",3020
"2019-07-19 14:45:40",3024
"2019-07-19 15:45:41",3022
"2019-07-19 16:45:41",3022
"2019-07-19 17:45:44",3023
"2019-07-19 18:45:41",3023
"2019-07-19 19:45:40",3018
"2019-07-19 20:45:40",3019
"2019-07-19 21:45:39",3019
"2019-07-19 22:45:41",3019
"2019-07-19 23:45:39",3019
"2019-07-20 00:45:40",3019
"2019-07-20 01:45:50",3019
"2019-07-20 02:45:50",3019
"2019-07-20 03:45:43",3019
"2019-07-20 04:45:49",3019
"2019-07-20 05:45:46",3019
"2019-07-20 06:45:40",3019
"2019-07-20 07:45:39",3019
"2019-07-20 08:45:41",3019
"2019-07-20 09:45:37",3019
"2019-07-20 10:45:38",3019
"2019-07-20 11:45:40",3019
"2019-07-20 12:45:41",3019
"2019-07-20 13:45:39",3019
"2019-07-20 14:45:40",3019
"2019-07-20 15:45:40",3019
"2019-07-20 16:45:42",3019
"2019-07-20 17:45:40",3019
"2019-07-20 18:45:40",3019
"2019-07-20 19:45:40",3019
"2019-07-20 20:45:38",3019
"2019-07-20 21:45:42",3019
"2019-07-20 22:45:37",3019
"2019-07-20 23:45:38",3019
"2019-07-21 00:45:41",3019
"2019-07-21 01:45:39",3019
"2019-07-21 02:45:42",3019
"2019-07-21 03:45:39",3019
"2019-07-21 04:45:40",3019
"2019-07-21 05:45:49",3019
"2019-07-21 06:45:51",3019
"2019-07-21 07:45:38",3019
"2019-07-21 08:45:40",3019
"2019-07-21 09:45:42",3019
"2019-07-21 10:45:49",3019
"2019-07-21 11:45:40",3019
"2019-07-21 12:45:38",3019
"2019-07-21 13:45:41",3019
"2019-07-21 14:45:39",3019
"2019-07-21 15:45:39",3019
"2019-07-21 16:45:40",3019
"2019-07-21 17:45:40",3019
"2019-07-21 18:45:41",3019
"2019-07-21 19:45:40",3019
"2019-07-21 20:45:40",3019
"2019-07-21 21:45:42",3019
"2019-07-21 22:45:38",3019
"2019-07-21 23:45:40",3019
"2019-07-22 00:45:39",3019
"2019-07-22 01:45:41",3019
"2019-07-22 02:45:39",3019
"2019-07-22 03:45:39",3019
"2019-07-22 04:45:40",3019
"2019-07-22 05:45:43",3018
"2019-07-22 06:45:50",3018
"2019-07-22 07:45:39",3018
"2019-07-22 08:45:42",3018
"2019-07-22 09:45:39",3018
"2019-07-22 10:45:39",3018
"2019-07-22 11:45:56",3018
"2019-07-22 12:45:46",3017
"2019-07-22 13:45:40",3017
"2019-07-22 14:45:42",3016
"2019-07-22 15:45:40",3021
"2019-07-22 16:45:43",3022
"2019-07-22 17:45:41",3023
"2019-07-22 18:45:50",3024
"2019-07-22 19:45:46",3022
"2019-07-22 20:45:44",3025
"2019-07-22 21:45:46",3025
"2019-07-22 22:45:39",3024
"2019-07-22 23:45:39",3024
"2019-07-23 00:45:39",3024
"2019-07-23 01:45:39",3024
"2019-07-23 02:45:45",3024
"2019-07-23 03:45:42",3024
"2019-07-23 04:45:42",3024
"2019-07-23 05:45:44",3024
"2019-07-23 06:45:48",3024
"2019-07-23 07:45:47",3024
"2019-07-23 08:45:39",3024
"2019-07-23 09:45:43",3024
"2019-07-23 10:45:41",3024
"2019-07-23 11:45:40",3024
"2019-07-23 13:08:48",3023
"2019-07-23 13:45:40",3023
"2019-07-23 14:45:43",3020
"2019-07-23 15:45:47",3022
"2019-07-23 16:45:44",3022
"2019-07-23 17:45:40",3022
"2019-07-23 18:45:42",3023
"2019-07-23 19:45:43",3023
"2019-07-23 20:45:42",3022
"2019-07-23 21:45:42",3022
"2019-07-23 22:45:47",3021
"2019-07-23 23:45:44",3021
"2019-07-24 00:45:42",3021
"2019-07-24 01:45:42",3021
"2019-07-24 02:45:49",3021
"2019-07-24 03:45:42",3021
"2019-07-24 04:45:41",3021
"2019-07-24 05:45:44",3021
"2019-07-24 06:45:40",3021
"2019-07-24 07:45:40",3021
"2019-07-24 08:45:45",3021
"2019-07-24 09:45:43",3021
"2019-07-24 10:45:43",3021
"2019-07-24 11:45:39",3021
"2019-07-24 13:08:15",3021
"2019-07-24 13:45:43",3021
"2019-07-24 14:45:40",3026
"2019-07-24 15:45:43",3024
"2019-07-24 16:45:42",3023
"2019-07-24 17:45:40",3023
"2019-07-24 18:45:45",3022
"2019-07-24 19:45:41",3023
"2019-07-24 20:45:44",3024
"2019-07-24 21:45:42",3024
"2019-07-24 22:45:41",3024
"2019-07-24 23:45:43",3024
"2019-07-25 00:45:41",3024
"2019-07-25 01:45:49",3024
"2019-07-25 02:45:59",3024
"2019-07-25 03:45:41",3024
"2019-07-25 04:45:43",3024
"2019-07-25 05:45:48",3024
"2019-07-25 06:45:47",3024
"2019-07-25 07:45:42",3024
"2019-07-25 08:45:46",3024
"2019-07-25 09:45:41",3024
"2019-07-25 10:45:53",3024
"2019-07-25 11:45:41",3024
"2019-07-25 13:08:47",3023
"2019-07-25 13:45:47",3023
"2019-07-25 14:45:45",3020
"2019-07-25 15:45:42",3020
"2019-07-25 16:45:45",3020
"2019-07-25 17:45:45",3022
"2019-07-25 18:45:50",3021
"2019-07-25 19:46:18",3019
"2019-07-25 20:45:48",3019
"2019-07-25 21:45:49",3020
"2019-07-25 22:45:48",3020
"2019-07-25 23:45:43",3020
"2019-07-26 00:45:59",3020
"2019-07-26 01:45:45",3020
"2019-07-26 02:45:46",3020
"2019-07-26 03:45:46",3020
"2019-07-26 04:45:48",3020
"2019-07-26 05:45:52",3020
"2019-07-26 06:46:05",3020
"2019-07-26 07:45:54",3020
"2019-07-26 08:45:40",3020
"2019-07-26 09:45:43",3020
"2019-07-26 10:45:45",3020
"2019-07-26 11:45:47",3020
"2019-07-26 13:10:47",3020
"2019-07-26 13:45:44",3020
"2019-07-26 14:45:44",3020
"2019-07-26 15:45:42",3017
"2019-07-26 16:45:46",3019
"2019-07-26 17:45:45",3015
"2019-07-26 18:45:46",3015
"2019-07-26 19:45:42",3014
"2019-07-26 20:45:42",3014
"2019-07-26 22:45:41",3012
"2019-07-26 23:45:40",3012
"2019-07-27 00:45:41",3012
"2019-07-27 01:45:41",3012
"2019-07-27 02:45:44",3012
"2019-07-27 03:45:41",3012
"2019-07-27 04:45:42",3012
"2019-07-27 05:45:42",3012
"2019-07-27 06:45:42",3012
"2019-07-27 07:45:40",3012
"2019-07-27 08:45:41",3012
"2019-07-27 09:45:39",3012
"2019-07-27 10:45:41",3012
"2019-07-27 11:45:39",3012
"2019-07-27 12:45:42",3012
"2019-07-27 13:45:40",3012
"2019-07-27 14:45:41",3012
"2019-07-27 15:45:45",3012
"2019-07-27 16:45:51",3012
"2019-07-27 17:45:48",3012
"2019-07-27 18:45:44",3012
"2019-07-27 19:45:43",3012
"2019-07-27 20:45:46",3012
"2019-07-27 21:45:42",3012
"2019-07-27 22:45:42",3012
"2019-07-27 23:45:41",3012
"2019-07-28 00:45:41",3012
"2019-07-28 01:45:40",3012
"2019-07-28 02:45:40",3012
"2019-07-28 03:45:39",3012
"2019-07-28 04:45:41",3012
"2019-07-28 05:45:39",3012
"2019-07-28 06:45:39",3012
"2019-07-28 07:45:41",3012
"2019-07-28 08:45:39",3012
"2019-07-28 09:45:38",3012
"2019-07-28 10:45:37",3012
"2019-07-28 11:45:37",3012
"2019-07-28 12:45:40",3012
"2019-07-28 13:45:39",3012
"2019-07-28 14:45:40",3012
"2019-07-28 15:45:39",3012
"2019-07-28 16:45:41",3012
"2019-07-28 17:45:42",3012
"2019-07-28 18:45:40",3012
"2019-07-28 19:45:40",3012
"2019-07-28 20:45:40",3012
"2019-07-28 21:45:40",3012
"2019-07-28 22:45:42",3012
"2019-07-28 23:45:43",3012
"2019-07-29 00:45:40",3012
"2019-07-29 01:45:41",3012
"2019-07-29 02:45:40",3012
"2019-07-29 03:45:42",3012
"2019-07-29 04:45:42",3012
"2019-07-29 05:45:47",3012
"2019-07-29 06:45:54",3012
"2019-07-29 07:45:41",3012
"2019-07-29 08:45:40",3012
"2019-07-29 09:45:41",3012
"2019-07-29 10:45:41",3012
"2019-07-29 11:45:42",3012
"2019-07-29 13:09:45",3010
"2019-07-29 13:45:45",3010
"2019-07-29 14:45:41",3017
"2019-07-29 15:45:41",3019
"2019-07-29 16:45:41",3019
"2019-07-29 17:45:41",3021
"2019-07-29 18:45:41",3020
"2019-07-29 19:45:41",3019
"2019-07-29 20:45:40",3017
"2019-07-29 21:45:39",3016
"2019-07-29 22:45:42",3018
"2019-07-29 23:45:40",3018
"2019-07-30 00:45:40",3018
"2019-07-30 01:45:42",3018
"2019-07-30 02:45:43",3018
"2019-07-30 03:45:40",3018
"2019-07-30 04:45:40",3018
"2019-07-30 05:45:41",3018
"2019-07-30 06:45:41",3018
"2019-07-30 07:45:49",3018
"2019-07-30 08:45:42",3018
"2019-07-30 09:45:40",3018
"2019-07-30 10:45:38",3018
"2019-07-30 11:45:43",3018
"2019-07-30 12:45:42",3018
"2019-07-30 13:45:43",3018
"2019-07-30 14:45:43",3022
"2019-07-30 15:45:43",3020
"2019-07-30 16:45:43",3019
"2019-07-30 17:45:49",3022
"2019-07-30 18:45:45",3024
"2019-07-30 19:45:47",3024
"2019-07-30 20:45:44",3031
"2019-07-30 21:45:43",3031
"2019-07-30 22:45:44",3031
"2019-07-30 23:45:42",3031
"2019-07-31 00:46:16",3031
"2019-07-31 01:45:42",3031
"2019-07-31 02:45:42",3031
"2019-07-31 03:45:45",3031
"2019-07-31 04:45:43",3031
"2019-07-31 05:45:56",3031
"2019-07-31 06:45:43",3031
"2019-07-31 07:45:43",3031
"2019-07-31 08:45:43",3031
"2019-07-31 09:45:44",3031
"2019-07-31 10:45:42",3031
"2019-07-31 11:45:40",3031
"2019-07-31 13:09:49",3031
"2019-07-31 13:45:42",3031
"2019-07-31 14:45:44",3035
"2019-07-31 15:45:45",3031
"2019-07-31 16:45:48",3029
"2019-07-31 17:45:42",3028
"2019-07-31 18:45:41",3026
"2019-07-31 19:45:42",3024
"2019-07-31 20:45:44",3023
"2019-07-31 21:45:44",3022
"2019-07-31 22:45:42",3018
"2019-07-31 23:45:42",3018
"2019-08-01 00:45:44",3018
"2019-08-01 01:45:58",3018
"2019-08-01 02:45:45",3018
"2019-08-01 03:45:43",3018
"2019-08-01 04:45:41",3018
"2019-08-01 05:45:47",3018
"2019-08-01 06:45:43",3018
"2019-08-01 07:45:50",3018
"2019-08-01 08:45:41",3018
"2019-08-01 09:45:44",3018
"2019-08-01 10:45:43",3018
"2019-08-01 11:45:40",3018
"2019-08-01 13:08:15",3018
"2019-08-01 13:45:44",3018
"2019-08-01 14:45:43",3023
"2019-08-01 15:45:50",3018
"2019-08-01 16:45:46",3022
"2019-08-01 17:45:46",3023
"2019-08-01 18:45:41",3020
"2019-08-01 19:45:42",3019
"2019-08-01 20:45:42",3020
"2019-08-01 21:45:42",3019
"2019-08-01 22:45:42",3020
"2019-08-01 23:45:43",3020
"2019-08-02 00:45:42",3020
"2019-08-02 01:45:42",3020
"2019-08-02 02:45:41",3020
"2019-08-02 03:45:42",3020
"2019-08-02 04:45:42",3020
"2019-08-02 05:45:45",3020
"2019-08-02 06:45:42",3020
"2019-08-02 07:45:39",3020
"2019-08-02 08:45:43",3020
"2019-08-02 09:45:44",3020
"2019-08-02 10:45:54",3020
"2019-08-02 11:45:42",3020
"2019-08-02 13:09:50",3020
"2019-08-02 13:45:45",3020
"2019-08-02 14:45:44",3023
"2019-08-02 15:45:45",3027
"2019-08-02 16:45:47",3027
"2019-08-02 17:45:42",3024
"2019-08-02 18:45:45",3026
"2019-08-02 19:45:44",3027
"2019-08-02 20:45:44",3027
"2019-08-02 21:45:44",3027
"2019-08-02 22:45:42",3027
"2019-08-02 23:45:44",3027
"2019-08-03 00:45:43",3027
"2019-08-03 01:45:42",3027
"2019-08-03 02:45:56",3027
"2019-08-03 03:45:42",3027
"2019-08-03 04:45:41",3027
"2019-08-03 05:45:50",3027
"2019-08-03 06:45:44",3027
"2019-08-03 07:45:40",3027
"2019-08-03 08:45:44",3027
"2019-08-03 09:45:42",3027
"2019-08-03 10:45:43",3027
"2019-08-03 11:45:42",3027
"2019-08-03 12:45:43",3027
"2019-08-03 13:45:43",3027
"2019-08-03 14:45:43",3027
"2019-08-03 15:45:41",3027
"2019-08-03 16:45:43",3027
"2019-08-03 17:45:44",3027
"2019-08-03 18:45:43",3027
"2019-08-03 19:45:42",3027
"2019-08-03 20:45:41",3027
"2019-08-03 21:45:40",3027
"2019-08-03 22:45:41",3027
"2019-08-03 23:45:42",3027
"2019-08-04 00:45:42",3027
"2019-08-04 01:45:41",3027
"2019-08-04 02:45:49",3027
"2019-08-04 03:45:44",3027
"2019-08-04 04:45:42",3027
"2019-08-04 05:45:48",3027
"2019-08-04 06:45:41",3027
"2019-08-04 07:45:43",3027
"2019-08-04 08:45:44",3027
"2019-08-04 09:45:41",3027
"2019-08-04 10:45:40",3027
"2019-08-04 11:45:38",3027
"2019-08-04 12:45:42",3027
"2019-08-04 13:45:42",3027
"2019-08-04 14:45:40",3027
"2019-08-04 15:45:41",3027
"2019-08-04 16:45:43",3027
"2019-08-04 17:45:42",3027
"2019-08-04 18:45:43",3027
"2019-08-04 19:45:41",3027
"2019-08-04 20:45:43",3027
"2019-08-04 21:45:42",3027
"2019-08-04 22:45:43",3027
"2019-08-04 23:45:42",3027
"2019-08-05 00:45:41",3027
"2019-08-05 01:45:44",3027
"2019-08-05 02:45:44",3027
"2019-08-05 03:45:43",3027
"2019-08-05 04:45:43",3027
"2019-08-05 05:45:45",3027
"2019-08-05 06:45:42",3027
"2019-08-05 07:45:47",3027
"2019-08-05 08:45:45",3027
"2019-08-05 09:45:45",3027
"2019-08-05 10:45:43",3027
"2019-08-05 11:45:41",3027
"2019-08-05 13:10:19",3026
"2019-08-05 13:45:47",3026
"2019-08-05 14:45:46",3029
"2019-08-05 15:45:42",3026
"2019-08-05 16:45:44",3027
"2019-08-05 17:45:45",3026
"2019-08-05 18:45:47",3021
"2019-08-05 19:45:44",3020
"2019-08-05 20:45:42",3024
"2019-08-05 21:45:43",3025
"2019-08-05 22:45:45",3025
"2019-08-05 23:45:46",3025
"2019-08-06 00:45:57",3025
"2019-08-06 01:45:50",3025
"2019-08-06 02:45:44",3025
"2019-08-06 03:45:43",3025
"2019-08-06 04:45:45",3025
"2019-08-06 05:45:46",3025
"2019-08-06 06:45:42",3025
"2019-08-06 07:45:44",3025
"2019-08-06 08:45:42",3025
"2019-08-06 09:45:49",3025
"2019-08-06 10:45:41",3025
"2019-08-06 11:45:42",3025
"2019-08-06 12:45:43",3024
"2019-08-06 13:45:45",3025
"2019-08-06 14:45:41",3023
"2019-08-06 15:45:44",3026
"2019-08-06 16:45:45",3028
"2019-08-06 17:45:43",3028
"2019-08-06 18:45:42",3030
"2019-08-06 19:45:44",3028
"2019-08-06 20:45:45",3028
"2019-08-06 21:45:42",3029
"2019-08-06 23:45:43",3030
"2019-08-07 00:45:44",3030
"2019-08-07 01:45:45",3030
"2019-08-07 02:45:46",3030
"2019-08-07 03:45:43",3030
"2019-08-07 04:45:42",3030
"2019-08-07 05:45:47",3030
"2019-08-07 06:45:51",3030
"2019-08-07 07:45:41",3030
"2019-08-07 08:45:43",3030
"2019-08-07 09:45:42",3030
"2019-08-07 10:45:50",3030
"2019-08-07 11:45:42",3030
"2019-08-07 12:45:46",3030
"2019-08-07 13:45:46",3029
"2019-08-07 14:45:44",3034
"2019-08-07 15:45:43",3030
"2019-08-07 16:45:44",3030
"2019-08-07 17:45:43",3029
"2019-08-07 18:45:43",3028
"2019-08-07 19:45:43",3030
"2019-08-07 20:45:43",3029
"2019-08-07 21:45:43",3029
"2019-08-07 22:45:42",3029
"2019-08-07 23:45:44",3029
"2019-08-08 00:45:46",3029
"2019-08-08 01:45:43",3029
"2019-08-08 02:45:51",3029
"2019-08-08 03:45:42",3029
"2019-08-08 04:45:41",3029
"2019-08-08 05:45:43",3029
"2019-08-08 06:45:46",3029
"2019-08-08 07:45:42",3029
"2019-08-08 08:45:42",3029
"2019-08-08 09:45:41",3029
"2019-08-08 10:45:48",3029
"2019-08-08 11:45:41",3029
"2019-08-08 12:45:44",3028
"2019-08-08 13:45:44",3028
"2019-08-08 14:45:42",3029
"2019-08-08 15:45:45",3029
"2019-08-08 16:45:46",3026
"2019-08-08 17:45:44",3028
"2019-08-08 18:45:46",3023
"2019-08-08 19:45:44",3024
"2019-08-08 20:45:47",3024
"2019-08-08 21:45:48",3025
"2019-08-08 22:45:46",3024
"2019-08-08 23:45:47",3024
"2019-08-09 00:45:49",3024
"2019-08-09 01:45:49",3024
"2019-08-09 02:45:51",3024
"2019-08-09 03:45:49",3024
"2019-08-09 04:45:49",3024
"2019-08-09 05:45:54",3024
"2019-08-09 06:45:49",3024
"2019-08-09 07:46:06",3024
"2019-08-09 08:45:48",3024
"2019-08-09 09:45:55",3024
"2019-08-09 10:45:49",3024
"2019-08-09 11:45:49",3024
"2019-08-09 13:09:54",3025
"2019-08-09 13:45:48",3025
"2019-08-09 14:45:58",3026
"2019-08-09 15:45:49",3024
"2019-08-09 16:45:57",3025
"2019-08-09 17:45:48",3023
"2019-08-09 18:45:48",3024
"2019-08-09 19:45:49",3022
"2019-08-09 20:45:46",3023
"2019-08-09 21:45:50",3023
"2019-08-09 22:45:49",3024
"2019-08-09 23:45:50",3024
"2019-08-10 00:45:50",3024
"2019-08-10 01:45:48",3024
"2019-08-10 02:46:06",3024
"2019-08-10 03:45:47",3024
"2019-08-10 04:45:49",3024
"2019-08-10 05:45:54",3024
"2019-08-10 06:45:48",3024
"2019-08-10 07:45:47",3024
"2019-08-10 08:45:47",3024
"2019-08-10 09:45:50",3024
"2019-08-10 10:45:50",3024
"2019-08-10 11:45:46",3024
"2019-08-10 12:45:51",3024
"2019-08-10 13:45:51",3024
"2019-08-10 14:45:46",3024
"2019-08-10 15:45:46",3024
"2019-08-10 16:45:56",3024
"2019-08-10 17:45:48",3024
"2019-08-10 18:45:47",3024
"2019-08-10 19:45:48",3024
"2019-08-10 20:45:48",3024
"2019-08-10 21:45:45",3024
"2019-08-10 22:45:47",3024
"2019-08-10 23:45:49",3024
"2019-08-11 00:45:45",3024
"2019-08-11 01:45:47",3024
"2019-08-11 02:45:56",3024
"2019-08-11 03:45:50",3024
"2019-08-11 04:45:47",3024
"2019-08-11 05:45:57",3024
"2019-08-11 06:45:46",3024
"2019-08-11 07:45:48",3024
"2019-08-11 08:45:46",3024
"2019-08-11 09:45:45",3024
"2019-08-11 10:45:45",3024
"2019-08-11 11:45:47",3024
"2019-08-11 12:45:48",3024
"2019-08-11 13:45:51",3024
"2019-08-11 14:45:48",3024
"2019-08-11 15:45:48",3024
"2019-08-11 16:45:48",3024
"2019-08-11 17:45:47",3024
"2019-08-11 18:45:47",3024
"2019-08-11 19:45:49",3024
"2019-08-11 20:45:51",3024
"2019-08-11 21:45:51",3024
"2019-08-11 22:45:50",3024
"2019-08-11 23:45:52",3024
"2019-08-12 00:45:51",3024
"2019-08-12 01:45:49",3024
"2019-08-12 02:46:00",3024
"2019-08-12 03:45:51",3024
"2019-08-12 04:45:50",3024
"2019-08-12 05:45:56",3024
"2019-08-12 06:45:57",3024
"2019-08-12 07:45:47",3024
"2019-08-12 08:45:51",3024
"2019-08-12 09:45:49",3024
"2019-08-12 10:45:54",3024
"2019-08-12 11:45:48",3024
"2019-08-12 12:45:54",3024
"2019-08-12 13:46:00",3024
"2019-08-12 14:45:48",3033
"2019-08-12 15:45:49",3030
"2019-08-12 16:45:58",3029
"2019-08-12 17:45:46",3031
"2019-08-12 18:45:45",3033
"2019-08-12 19:45:44",3033
"2019-08-12 20:45:47",3034
"2019-08-12 21:45:45",3036
"2019-08-12 22:45:46",3038
"2019-08-12 23:45:47",3038
"2019-08-13 00:45:45",3038
"2019-08-13 01:45:46",3038
"2019-08-13 02:45:52",3038
"2019-08-13 03:45:47",3038
"2019-08-13 04:45:44",3038
"2019-08-13 05:45:50",3038
"2019-08-13 06:45:50",3038
"2019-08-13 07:45:46",3038
"2019-08-13 08:45:44",3038
"2019-08-13 09:45:48",3038
"2019-08-13 10:45:54",3038
"2019-08-13 11:45:51",3038
"2019-08-13 12:45:50",3038
"2019-08-13 13:45:50",3039
"2019-08-13 14:45:48",3040
"2019-08-13 15:45:52",3043
"2019-08-13 16:45:51",3046
"2019-08-13 17:45:48",3044
"2019-08-13 18:45:48",3048
"2019-08-13 19:45:47",3051
"2019-08-13 20:45:46",3053
"2019-08-13 21:45:51",3058
"2019-08-13 22:45:55",3058
"2019-08-13 23:45:49",3058
"2019-08-14 00:45:50",3058
"2019-08-14 01:45:48",3058
"2019-08-14 02:45:50",3058
"2019-08-14 03:45:47",3058
"2019-08-14 04:45:45",3058
"2019-08-14 05:46:05",3058
"2019-08-14 06:45:47",3058
"2019-08-14 07:45:45",3058
"2019-08-14 08:45:44",3058
"2019-08-14 09:45:50",3058
"2019-08-14 10:45:42",3058
"2019-08-14 11:45:44",3058
"2019-08-14 13:08:54",3059
"2019-08-14 13:45:48",3059
"2019-08-14 14:45:49",3066
"2019-08-14 15:45:49",3065
"2019-08-14 16:45:47",3067
"2019-08-14 17:45:44",3069
"2019-08-14 18:45:51",3068
"2019-08-14 19:45:50",3068
"2019-08-14 20:45:48",3068
"2019-08-14 21:46:04",3068
"2019-08-14 22:45:46",3070
"2019-08-14 23:45:45",3070
"2019-08-15 00:46:16",3070
"2019-08-15 01:45:49",3070
"2019-08-15 02:45:50",3070
"2019-08-15 03:45:47",3070
"2019-08-15 04:45:48",3070
"2019-08-15 05:45:54",3070
"2019-08-15 06:45:46",3070
"2019-08-15 07:45:43",3070
"2019-08-15 08:45:59",3070
"2019-08-15 09:45:46",3070
"2019-08-15 10:45:46",3070
"2019-08-15 11:45:46",3070
"2019-08-15 13:08:52",3070
"2019-08-15 13:45:54",3070
"2019-08-15 14:45:49",3070
"2019-08-15 15:45:43",3072
"2019-08-15 16:46:02",3074
"2019-08-15 17:45:42",3074
"2019-08-15 18:45:46",3075
"2019-08-15 19:45:44",3075
"2019-08-15 20:45:46",3076
"2019-08-15 21:45:42",3078
"2019-08-15 22:45:43",3078
"2019-08-15 23:45:56",3078
"2019-08-16 00:45:57",3078
"2019-08-16 01:46:03",3078
"2019-08-16 02:45:46",3078
"2019-08-16 03:45:47",3078
"2019-08-16 04:45:42",3078
"2019-08-16 05:46:04",3078
"2019-08-16 06:45:42",3078
"2019-08-16 07:45:44",3078
"2019-08-16 08:45:44",3078
"2019-08-16 09:45:47",3078
"2019-08-16 10:45:42",3078
"2019-08-16 11:45:41",3078
"2019-08-16 12:45:44",3077
"2019-08-16 13:45:48",3077
"2019-08-16 14:45:44",3079
"2019-08-16 15:45:46",3081
"2019-08-16 16:46:00",3078
"2019-08-16 19:45:50",3079
"2019-08-16 20:45:55",3079
"2019-08-16 21:45:50",3078
"2019-08-16 22:45:51",3078
"2019-08-16 23:45:52",3078
"2019-08-17 00:45:51",3078
"2019-08-17 01:45:56",3078
"2019-08-17 02:46:06",3078
"2019-08-17 03:45:52",3078
"2019-08-17 04:45:52",3078
"2019-08-17 05:45:54",3078
"2019-08-17 06:45:50",3078
"2019-08-17 07:45:50",3078
"2019-08-17 08:45:52",3078
"2019-08-17 09:45:50",3078
"2019-08-17 10:45:48",3078
"2019-08-17 11:45:49",3078
"2019-08-17 12:45:48",3078
"2019-08-17 13:45:50",3078
"2019-08-17 14:46:31",3078
"2019-08-17 15:45:49",3078
"2019-08-17 16:45:49",3078
"2019-08-17 17:45:47",3078
"2019-08-17 18:45:48",3078
"2019-08-17 19:45:48",3078
"2019-08-17 20:45:50",3078
"2019-08-17 21:45:47",3078
"2019-08-17 22:45:47",3078
"2019-08-17 23:45:47",3078
"2019-08-18 00:45:48",3078
"2019-08-18 01:45:47",3078
"2019-08-18 02:45:51",3078
"2019-08-18 03:45:48",3078
"2019-08-18 04:45:47",3078
"2019-08-18 05:46:13",3078
"2019-08-18 06:46:09",3078
"2019-08-18 07:45:52",3078
"2019-08-18 08:45:53",3078
"2019-08-18 09:45:55",3078
"2019-08-18 10:45:48",3078
"2019-08-18 11:45:49",3078
"2019-08-18 12:45:50",3078
"2019-08-18 13:45:52",3078
"2019-08-18 14:45:51",3078
"2019-08-18 15:45:52",3078
"2019-08-18 16:45:56",3078
"2019-08-18 17:45:49",3078
"2019-08-18 18:45:50",3078
"2019-08-18 19:45:54",3078
"2019-08-18 20:45:52",3078
"2019-08-18 21:45:58",3078
"2019-08-18 22:45:51",3078
"2019-08-18 23:45:52",3078
"2019-08-19 00:45:51",3078
"2019-08-19 01:45:55",3078
"2019-08-19 02:45:54",3078
"2019-08-19 03:45:49",3078
"2019-08-19 04:45:49",3078
"2019-08-19 05:45:57",3078
"2019-08-19 06:45:53",3078
"2019-08-19 07:46:02",3078
"2019-08-19 08:45:50",3078
"2019-08-19 09:45:58",3078
"2019-08-19 10:45:51",3078
"2019-08-19 11:45:50",3078
"2019-08-19 12:45:56",3078
"2019-08-19 13:45:52",3079
"2019-08-19 14:45:44",3078
"2019-08-19 15:45:47",3084
"2019-08-19 16:45:45",3084
"2019-08-19 17:45:44",3083
"2019-08-19 18:45:47",3083
"2019-08-19 19:45:45",3083
"2019-08-19 20:45:45",3081
"2019-08-19 21:45:46",3081
"2019-08-19 22:45:44",3081
"2019-08-19 23:45:45",3081
"2019-08-20 00:45:49",3081
"2019-08-20 01:45:45",3081
"2019-08-20 02:45:49",3081
"2019-08-20 03:45:46",3081
"2019-08-20 04:45:44",3081
"2019-08-20 05:46:03",3081
"2019-08-20 06:45:50",3081
"2019-08-20 07:45:43",3081
"2019-08-20 08:45:45",3081
"2019-08-20 09:45:44",3081
"2019-08-20 10:46:07",3081
"2019-08-20 11:45:43",3081
"2019-08-20 13:07:51",3078
"2019-08-20 13:45:55",3078
"2019-08-20 14:45:47",3086
"2019-08-20 15:45:45",3082
"2019-08-20 16:45:46",3084
"2019-08-20 17:45:46",3082
"2019-08-20 18:45:47",3083
"2019-08-20 19:45:46",3083
"2019-08-20 20:45:48",3085
"2019-08-20 21:45:49",3085
"2019-08-20 22:45:46",3085
"2019-08-20 23:45:45",3085
"2019-08-21 00:45:48",3085
"2019-08-21 01:45:52",3085
"2019-08-21 02:45:54",3085
"2019-08-21 03:45:52",3085
"2019-08-21 04:45:46",3085
"2019-08-21 05:45:51",3085
"2019-08-21 06:45:55",3085
"2019-08-21 07:45:48",3085
"2019-08-21 08:45:50",3085
"2019-08-21 09:45:48",3085
"2019-08-21 10:45:45",3085
"2019-08-21 11:45:45",3085
"2019-08-21 12:45:46",3085
"2019-08-21 13:45:51",3085
"2019-08-21 14:45:49",3085
"2019-08-21 15:45:50",3084
"2019-08-21 16:46:03",3089
"2019-08-21 17:45:47",3093
"2019-08-21 18:45:50",3091
"2019-08-21 19:45:48",3092
"2019-08-21 20:45:49",3089
"2019-08-21 21:45:50",3089
"2019-08-21 22:45:51",3088
"2019-08-21 23:45:48",3088
"2019-08-22 00:45:50",3088
"2019-08-22 01:45:47",3088
"2019-08-22 02:45:54",3088
"2019-08-22 03:45:48",3088
"2019-08-22 04:45:46",3088
"2019-08-22 05:45:52",3088
"2019-08-22 06:45:47",3088
"2019-08-22 07:45:49",3088
"2019-08-22 08:45:47",3088
"2019-08-22 09:45:47",3088
"2019-08-22 10:45:50",3088
"2019-08-22 11:45:50",3088
"2019-08-22 12:45:51",3088
"2019-08-22 13:45:52",3088
"2019-08-22 14:45:53",3084
"2019-08-22 15:45:54",3084
"2019-08-22 16:45:58",3083
"2019-08-22 17:45:53",3082
"2019-08-22 18:45:55",3081
"2019-08-22 19:45:52",3081
"2019-08-22 20:45:53",3079
"2019-08-22 21:45:55",3078
"2019-08-22 22:45:52",3078
"2019-08-22 23:45:53",3078
"2019-08-23 00:45:54",3078
"2019-08-23 01:45:57",3078
"2019-08-23 02:45:59",3078
"2019-08-23 03:45:50",3078
"2019-08-23 04:45:51",3078
"2019-08-23 05:45:52",3078
"2019-08-23 06:45:51",3078
"2019-08-23 07:45:49",3078
"2019-08-23 08:45:50",3078
"2019-08-23 09:45:49",3078
"2019-08-23 10:45:55",3078
"2019-08-23 11:45:48",3078
"2019-08-23 12:45:54",3077
"2019-08-23 13:45:56",3077
"2019-08-23 14:45:51",3077
"2019-08-23 15:45:52",3077
"2019-08-23 16:45:54",3076
"2019-08-23 17:45:49",3076
"2019-08-23 18:45:56",3077
"2019-08-23 19:45:51",3078
"2019-08-23 20:45:47",3083
"2019-08-23 21:45:49",3084
"2019-08-23 22:46:32",3084
"2019-08-23 23:45:49",3084
"2019-08-24 00:45:50",3084
"2019-08-24 01:45:48",3084
"2019-08-24 02:46:11",3084
"2019-08-24 03:45:47",3084
"2019-08-24 04:45:45",3084
"2019-08-24 05:45:51",3084
"2019-08-24 06:45:51",3084
"2019-08-24 07:45:53",3084
"2019-08-24 08:45:51",3084
"2019-08-24 09:45:49",3084
"2019-08-24 10:45:49",3084
"2019-08-24 11:45:47",3084
"2019-08-24 12:45:51",3084
"2019-08-24 13:45:48",3084
"2019-08-24 14:45:49",3084
"2019-08-24 15:45:50",3084
"2019-08-24 16:46:03",3084
"2019-08-24 17:45:50",3084
"2019-08-24 18:45:53",3084
"2019-08-24 19:45:49",3084
"2019-08-24 20:45:49",3084
"2019-08-24 21:45:49",3084
"2019-08-24 22:45:49",3084
"2019-08-24 23:45:47",3084
"2019-08-25 00:45:46",3084
"2019-08-25 01:45:52",3084
"2019-08-25 02:46:02",3084
"2019-08-25 03:45:48",3084
"2019-08-25 04:45:47",3084
"2019-08-25 05:45:47",3084
"2019-08-25 06:45:47",3084
"2019-08-25 07:45:47",3084
"2019-08-25 08:45:50",3084
"2019-08-25 09:45:46",3084
"2019-08-25 10:45:47",3084
"2019-08-25 11:45:52",3084
"2019-08-25 12:45:48",3084
"2019-08-25 13:45:50",3084
"2019-08-25 14:45:47",3084
"2019-08-25 15:45:50",3084
"2019-08-25 16:45:53",3084
"2019-08-25 17:45:47",3084
"2019-08-25 18:45:46",3084
"2019-08-25 19:45:50",3084
"2019-08-25 20:45:49",3084
"2019-08-25 21:45:49",3084
"2019-08-25 22:45:47",3084
"2019-08-25 23:45:49",3084
"2019-08-26 00:45:46",3084
"2019-08-26 01:45:45",3084
"2019-08-26 02:45:52",3084
"2019-08-26 03:45:46",3084
"2019-08-26 04:45:49",3084
"2019-08-26 05:45:52",3084
"2019-08-26 06:45:48",3084
"2019-08-26 07:45:53",3084
"2019-08-26 08:45:48",3084
"2019-08-26 09:45:47",3084
"2019-08-26 10:45:50",3084
"2019-08-26 11:45:48",3084
"2019-08-26 12:45:51",3083
"2019-08-26 13:45:49",3083
"2019-08-26 14:45:48",3088
"2019-08-26 15:45:51",3086
"2019-08-26 16:45:59",3089
"2019-08-26 17:45:48",3087
"2019-08-26 18:45:49",3088
"2019-08-26 19:45:51",3088
"2019-08-26 20:45:54",3090
"2019-08-26 21:45:51",3090
"2019-08-26 22:45:47",3090
"2019-08-26 23:45:48",3090
"2019-08-27 00:45:51",3090
"2019-08-27 01:45:50",3090
"2019-08-27 02:45:57",3090
"2019-08-27 03:45:49",3090
"2019-08-27 04:45:48",3090
"2019-08-27 05:45:54",3090
"2019-08-27 06:45:56",3090
"2019-08-27 07:45:47",3090
"2019-08-27 08:45:52",3090
"2019-08-27 09:45:48",3090
"2019-08-27 10:45:45",3090
"2019-08-27 11:45:53",3090
"2019-08-27 12:45:55",3090
"2019-08-27 13:46:10",3089
"2019-08-27 14:45:49",3086
"2019-08-27 15:45:52",3086
"2019-08-27 16:45:58",3088
"2019-08-27 17:45:49",3087
"2019-08-27 18:45:49",3086
"2019-08-27 19:45:51",3087
"2019-08-27 20:45:49",3088
"2019-08-27 21:45:51",3088
"2019-08-27 22:45:50",3088
"2019-08-27 23:45:56",3088
"2019-08-28 00:45:55",3088
"2019-08-28 01:45:52",3088
"2019-08-28 02:45:57",3088
"2019-08-28 03:45:58",3088
"2019-08-28 04:45:53",3088
"2019-08-28 05:45:56",3088
"2019-08-28 06:45:55",3088
"2019-08-28 07:45:55",3088
"2019-08-28 08:45:52",3088
"2019-08-28 09:45:55",3088
"2019-08-28 10:45:51",3088
"2019-08-28 11:45:56",3088
"2019-08-28 12:45:51",3088
"2019-08-28 13:45:49",3087
"2019-08-28 14:45:47",3086
"2019-08-28 15:45:53",3085
"2019-08-28 16:46:07",3084
"2019-08-28 17:45:46",3090
"2019-08-28 18:45:49",3091
"2019-08-28 19:45:49",3087
"2019-08-28 20:45:52",3087
"2019-08-28 21:45:52",3087
"2019-08-28 22:45:48",3088
"2019-08-28 23:45:56",3088
"2019-08-29 00:45:46",3088
"2019-08-29 01:45:50",3088
"2019-08-29 02:45:51",3088
"2019-08-29 03:45:48",3088
"2019-08-29 04:45:49",3088
"2019-08-29 05:46:02",3088
"2019-08-29 06:45:45",3088
"2019-08-29 07:45:51",3088
"2019-08-29 08:45:48",3088
"2019-08-29 09:45:49",3088
"2019-08-29 10:45:44",3088
"2019-08-29 11:45:45",3088
"2019-08-29 12:45:50",3088
"2019-08-29 13:45:49",3088
"2019-08-29 14:45:47",3083
"2019-08-29 15:45:47",3089
"2019-08-29 16:45:55",3093
"2019-08-29 17:45:47",3091
"2019-08-29 18:45:45",3090
"2019-08-29 19:45:44",3089
"2019-08-29 20:45:46",3091
"2019-08-29 21:45:46",3091
"2019-08-29 22:45:45",3091
"2019-08-29 23:45:46",3091
"2019-08-30 00:45:49",3091
"2019-08-30 01:45:55",3091
"2019-08-30 02:45:48",3091
"2019-08-30 03:45:49",3091
"2019-08-30 04:45:48",3091
"2019-08-30 05:45:56",3091
"2019-08-30 06:45:43",3091
"2019-08-30 07:45:43",3091
"2019-08-30 08:45:43",3091
"2019-08-30 09:45:45",3091
"2019-08-30 10:45:42",3091
"2019-08-30 11:45:42",3091
"2019-08-30 12:45:45",3091
"2019-08-30 13:45:45",3090
"2019-08-30 14:45:44",3087
"2019-08-30 15:45:45",3088
"2019-08-30 16:45:46",3088
"2019-08-30 17:45:47",3087
"2019-08-30 18:45:44",3088
"2019-08-30 20:46:02",3089
"2019-08-30 21:45:57",3091
"2019-08-30 22:45:59",3092
"2019-08-30 23:45:58",3092
"2019-08-31 00:45:57",3092
"2019-08-31 01:46:01",3092
"2019-08-31 02:45:59",3092
"2019-08-31 03:45:59",3092
"2019-08-31 04:45:58",3092
"2019-08-31 23:46:27",3092
"2019-09-01 00:46:02",3092
"2019-09-01 01:45:58",3092
"2019-09-01 02:45:59",3092
"2019-09-01 03:45:59",3092
"2019-09-01 04:45:58",3092
"2019-09-01 05:45:59",3092
"2019-09-01 06:45:58",3092
"2019-09-01 07:45:55",3092
"2019-09-01 08:45:58",3092
"2019-09-01 09:45:57",3092
"2019-09-01 10:45:57",3092
"2019-09-01 11:45:56",3092
"2019-09-01 12:46:00",3092
"2019-09-01 13:45:58",3092
"2019-09-01 14:45:58",3092
"2019-09-01 15:45:57",3092
"2019-09-01 16:46:05",3092
"2019-09-01 17:46:02",3092
"2019-09-01 18:45:58",3092
"2019-09-01 19:45:56",3092
"2019-09-01 20:45:58",3092
"2019-09-01 21:45:58",3092
"2019-09-01 22:45:59",3092
"2019-09-01 23:46:00",3092
"2019-09-02 00:45:56",3092
"2019-09-02 01:45:54",3092
"2019-09-02 02:45:55",3092
"2019-09-02 03:45:59",3092
"2019-09-02 04:46:01",3092
"2019-09-02 05:46:12",3092
"2019-09-02 06:46:01",3092
"2019-09-02 07:46:01",3092
"2019-09-02 08:45:59",3092
"2019-09-02 09:46:06",3092
"2019-09-02 10:46:06",3092
"2019-09-02 11:45:59",3092
"2019-09-02 12:45:55",3092
"2019-09-02 13:45:59",3092
"2019-09-02 14:45:58",3092
"2019-09-02 15:45:58",3092
"2019-09-02 16:46:10",3092
"2019-09-02 17:45:58",3092
"2019-09-02 18:46:01",3092
"2019-09-02 19:45:59",3092
"2019-09-02 20:45:58",3092
"2019-09-02 21:46:01",3092
"2019-09-02 22:45:59",3092
"2019-09-02 23:46:01",3092
"2019-09-03 00:46:00",3092
"2019-09-03 01:46:01",3092
"2019-09-03 02:46:03",3092
"2019-09-03 03:45:59",3092
"2019-09-03 04:45:57",3092
"2019-09-03 05:46:10",3092
"2019-09-03 06:46:02",3092
"2019-09-03 07:45:57",3092
"2019-09-03 08:46:07",3092
"2019-09-03 09:45:58",3092
"2019-09-03 10:46:02",3092
"2019-09-03 11:45:57",3092
"2019-09-03 13:10:13",3093
"2019-09-03 13:46:08",3093
"2019-09-03 14:46:01",3098
"2019-09-03 15:46:00",3096
"2019-09-03 16:46:04",3098
"2019-09-03 17:46:00",3102
"2019-09-03 18:45:57",3102
"2019-09-03 19:45:58",3103
"2019-09-03 20:46:00",3101
"2019-09-03 21:45:57",3101
"2019-09-03 22:46:09",3103
"2019-09-03 23:45:58",3103
"2019-09-04 00:46:02",3103
"2019-09-04 01:46:00",3103
"2019-09-04 02:46:00",3103
"2019-09-04 03:45:58",3103
"2019-09-04 04:45:57",3103
"2019-09-04 05:46:11",3103
"2019-09-04 06:46:00",3103
"2019-09-04 07:45:58",3103
"2019-09-04 08:45:58",3103
"2019-09-04 09:46:01",3103
"2019-09-04 10:45:58",3103
"2019-09-04 11:45:58",3103
"2019-09-04 13:09:06",3105
"2019-09-04 13:46:00",3105
"2019-09-04 14:45:59",3107
"2019-09-04 15:46:00",3108
"2019-09-04 16:46:13",3109
"2019-09-04 17:45:58",3109
"2019-09-04 18:46:00",3111
"2019-09-04 19:45:59",3113
"2019-09-04 20:46:00",3113
"2019-09-04 21:45:58",3114
"2019-09-04 22:45:57",3114
"2019-09-04 23:46:04",3114
"2019-09-05 01:45:59",3114
"2019-09-05 02:46:05",3114
"2019-09-05 03:45:57",3114
"2019-09-05 04:45:58",3114
"2019-09-05 05:46:10",3114
"2019-09-05 06:45:55",3114
"2019-09-05 07:46:02",3114
"2019-09-05 08:45:59",3114
"2019-09-05 09:45:56",3114
"2019-09-05 10:46:05",3114
"2019-09-05 11:45:57",3114
"2019-09-05 13:10:03",3115
"2019-09-05 13:45:59",3115
"2019-09-05 14:46:03",3112
"2019-09-05 15:45:59",3115
"2019-09-05 16:46:12",3114
"2019-09-05 17:46:02",3118
"2019-09-05 18:45:58",3118
"2019-09-05 19:45:57",3120
"2019-09-05 20:46:00",3124
"2019-09-05 21:45:58",3124
"2019-09-05 22:46:00",3125
"2019-09-05 23:46:01",3125
"2019-09-06 00:46:00",3125
"2019-09-06 01:46:01",3125
"2019-09-06 02:45:58",3125
"2019-09-06 03:45:56",3125
"2019-09-06 04:45:57",3125
"2019-09-06 05:46:11",3125
"2019-09-06 06:46:00",3125
"2019-09-06 07:46:02",3125
"2019-09-06 08:45:58",3125
"2019-09-06 09:46:00",3125
"2019-09-06 10:45:59",3125
"2019-09-06 11:46:19",3125
"2019-09-06 13:09:04",3126
"2019-09-06 13:46:01",3126
"2019-09-06 14:45:57",3126
"2019-09-06 15:45:58",3128
"2019-09-06 16:46:10",3131
"2019-09-06 17:45:59",3128
"2019-09-06 18:46:02",3130
"2019-09-06 19:45:58",3132
"2019-09-06 20:45:59",3133
"2019-09-06 21:46:01",3133
"2019-09-06 22:45:58",3133
"2019-09-06 23:45:57",3133
"2019-09-07 01:45:59",3133
"2019-09-07 02:46:01",3133
"2019-09-07 03:46:02",3133
"2019-09-07 04:46:01",3133
"2019-09-07 05:46:27",3133
"2019-09-07 06:45:59",3133
"2019-09-07 07:45:56",3133
"2019-09-07 08:45:57",3133
"2019-09-07 09:45:58",3133
"2019-09-07 10:46:00",3133
"2019-09-07 11:45:57",3133
"2019-09-07 12:45:57",3133
"2019-09-07 13:46:02",3133
"2019-09-07 14:46:00",3133
"2019-09-07 15:46:00",3133
"2019-09-07 16:45:59",3133
"2019-09-07 17:46:00",3133
"2019-09-07 18:45:58",3133
"2019-09-07 19:45:57",3133
"2019-09-07 20:45:59",3133
"2019-09-07 22:45:56",3133
"2019-09-07 23:46:00",3133
"2019-09-08 00:45:59",3133
"2019-09-08 01:46:02",3133
"2019-09-08 02:46:06",3133
"2019-09-08 03:46:00",3133
"2019-09-08 04:45:58",3133
"2019-09-08 05:46:05",3133
"2019-09-08 06:45:58",3133
"2019-09-08 07:45:57",3133
"2019-09-08 08:45:58",3133
"2019-09-08 09:45:56",3133
"2019-09-08 10:46:00",3133
"2019-09-08 11:45:57",3133
"2019-09-08 12:45:58",3133
"2019-09-08 13:45:59",3133
"2019-09-08 14:45:59",3133
"2019-09-08 15:45:57",3133
"2019-09-08 16:46:07",3133
"2019-09-08 17:45:58",3133
"2019-09-08 18:45:58",3133
"2019-09-08 19:46:05",3133
"2019-09-08 20:46:02",3133
"2019-09-08 21:46:00",3133
"2019-09-08 22:45:56",3133
"2019-09-08 23:45:58",3133
"2019-09-09 00:45:58",3133
"2019-09-09 01:46:00",3133
"2019-09-09 02:46:00",3133
"2019-09-09 03:45:59",3133
"2019-09-09 04:45:57",3133
"2019-09-09 05:46:14",3133
"2019-09-09 06:45:57",3133
"2019-09-09 07:45:57",3133
"2019-09-09 08:45:58",3133
"2019-09-09 09:45:54",3133
"2019-09-09 10:45:56",3133
"2019-09-09 11:45:59",3133
"2019-09-09 13:09:04",3134
"2019-09-09 13:46:04",3134
"2019-09-09 14:46:07",3134
"2019-09-09 15:45:59",3141
"2019-09-09 16:46:16",3142
"2019-09-09 17:45:58",3145
"2019-09-09 18:45:59",3145
"2019-09-09 19:45:59",3145
"2019-09-09 20:45:57",3147
"2019-09-09 21:45:58",3147
"2019-09-09 22:45:58",3147
"2019-09-09 23:45:59",3147
"2019-09-10 00:46:00",3147
"2019-09-10 01:45:59",3147
"2019-09-10 02:46:06",3147
"2019-09-10 03:46:01",3147
"2019-09-10 04:46:00",3147
"2019-09-10 05:46:05",3147
"2019-09-10 06:45:58",3147
"2019-09-10 07:45:57",3147
"2019-09-10 08:46:01",3147
"2019-09-10 09:46:12",3147
"2019-09-10 10:45:58",3147
"2019-09-10 11:45:58",3147
"2019-09-10 12:46:01",3147
"2019-09-10 13:45:59",3147
"2019-09-10 14:45:57",3147
"2019-09-10 15:45:57",3145
"2019-09-10 16:46:13",3144
"2019-09-10 17:45:58",3145
"2019-09-10 18:46:00",3145
"2019-09-10 19:46:07",3149
"2019-09-10 20:45:57",3148
"2019-09-10 21:46:00",3147
"2019-09-10 22:45:57",3148
"2019-09-10 23:45:58",3148
"2019-09-11 00:45:58",3148
"2019-09-11 01:45:59",3148
"2019-09-11 02:45:57",3148
"2019-09-11 03:45:57",3148
"2019-09-11 04:45:57",3148
"2019-09-11 05:46:11",3148
"2019-09-11 06:46:00",3148
"2019-09-11 07:45:54",3148
"2019-09-11 08:45:57",3148
"2019-09-11 09:46:02",3148
"2019-09-11 10:46:12",3148
"2019-09-11 11:46:07",3148
"2019-09-11 12:45:58",3148
"2019-09-11 13:46:03",3148
"2019-09-11 14:45:59",3145
"2019-09-11 15:45:57",3148
"2019-09-11 16:46:03",3147
"2019-09-11 17:45:56",3148
"2019-09-11 18:45:58",3150
"2019-09-11 19:45:58",3151
"2019-09-11 20:45:57",3150
"2019-09-11 21:46:04",3152
"2019-09-11 22:45:57",3153
"2019-09-11 23:45:57",3153
"2019-09-12 00:45:59",3153
"2019-09-12 01:45:58",3153
"2019-09-12 02:46:05",3153
"2019-09-12 03:45:58",3153
"2019-09-12 04:45:56",3153
"2019-09-12 05:46:09",3153
"2019-09-12 06:45:58",3153
"2019-09-12 07:45:57",3153
"2019-09-12 08:45:55",3153
"2019-09-12 09:45:56",3153
"2019-09-12 10:46:15",3153
"2019-09-12 11:46:01",3153
"2019-09-12 13:10:08",3153
"2019-09-12 13:46:01",3153
"2019-09-12 14:46:04",3151
"2019-09-12 15:46:00",3152
"2019-09-12 16:45:59",3149
"2019-09-12 17:45:57",3148
"2019-09-12 18:45:57",3148
"2019-09-12 19:45:57",3150
"2019-09-12 20:45:55",3152
"2019-09-12 21:45:55",3152
"2019-09-12 22:45:58",3153
"2019-09-12 23:45:57",3153
"2019-09-13 00:45:57",3153
"2019-09-13 01:46:01",3153
"2019-09-13 02:45:58",3153
"2019-09-13 03:45:58",3153
"2019-09-13 04:45:56",3153
"2019-09-13 05:45:58",3153
"2019-09-13 06:45:59",3153
"2019-09-13 07:45:55",3153
"2019-09-13 08:45:58",3153
"2019-09-13 09:45:56",3153
"2019-09-13 10:45:56",3153
"2019-09-13 11:45:56",3153
"2019-09-13 13:10:00",3153
"2019-09-13 14:11:02",3153
"2019-09-13 14:45:59",3153
"2019-09-13 15:45:57",3151
"2019-09-13 16:45:57",3150
"2019-09-13 17:45:56",3152
"2019-09-13 18:45:56",3153
"2019-09-13 19:45:57",3153
"2019-09-13 20:45:52",3150
"2019-09-13 21:46:01",3149
"2019-09-13 22:45:53",3147
"2019-09-13 23:45:57",3147
"2019-09-14 00:45:59",3147
"2019-09-14 01:45:52",3147
"2019-09-14 02:45:56",3147
"2019-09-14 03:45:56",3147
"2019-09-14 04:45:55",3147
"2019-09-14 05:45:56",3147
"2019-09-14 06:45:55",3147
"2019-09-14 07:45:55",3147
"2019-09-14 08:45:56",3147
"2019-09-14 09:45:54",3147
"2019-09-14 10:45:56",3147
"2019-09-14 11:45:51",3147
"2019-09-14 12:45:56",3147
"2019-09-14 13:45:53",3147
"2019-09-14 14:45:55",3147
"2019-09-14 15:45:52",3147
"2019-09-14 16:45:58",3147
"2019-09-14 17:45:57",3147
"2019-09-14 18:45:52",3147
"2019-09-14 19:45:53",3147
"2019-09-14 20:45:52",3147
"2019-09-14 21:45:58",3147
"2019-09-14 22:45:54",3147
"2019-09-14 23:45:58",3147
"2019-09-15 00:45:57",3147
"2019-09-15 01:45:52",3147
"2019-09-15 02:45:59",3147
"2019-09-15 03:45:58",3147
"2019-09-15 04:45:55",3147
"2019-09-15 05:45:53",3147
"2019-09-15 06:45:59",3147
"2019-09-15 07:45:57",3147
"2019-09-15 08:45:58",3147
"2019-09-15 09:45:55",3147
"2019-09-15 10:45:54",3147
"2019-09-15 11:45:56",3147
"2019-09-15 12:45:58",3147
"2019-09-15 13:45:57",3147
"2019-09-15 14:45:55",3147
"2019-09-15 15:45:53",3147
"2019-09-15 16:45:58",3147
"2019-09-15 17:45:51",3147
"2019-09-15 18:45:55",3147
"2019-09-15 19:45:55",3147
"2019-09-15 20:45:53",3147
"2019-09-15 21:45:58",3147
"2019-09-15 22:45:54",3147
"2019-09-15 23:45:53",3147
"2019-09-16 00:45:57",3147
"2019-09-16 01:45:54",3147
"2019-09-16 02:45:58",3147
"2019-09-16 03:45:58",3147
"2019-09-16 04:45:54",3147
"2019-09-16 05:45:57",3146
"2019-09-16 06:45:58",3146
"2019-09-16 07:45:54",3146
"2019-09-16 08:45:57",3146
"2019-09-16 09:45:56",3146
"2019-09-16 10:45:54",3146
"2019-09-16 11:45:52",3146
"2019-09-16 13:09:32",3146
"2019-09-16 13:45:57",3146
"2019-09-16 14:46:03",3147
"2019-09-16 15:45:59",3150
"2019-09-16 16:46:01",3149
"2019-09-16 17:45:56",3149
"2019-09-16 18:46:00",3147
"2019-09-16 19:46:06",3146
"2019-09-16 20:46:05",3149
"2019-09-16 21:46:00",3150
"2019-09-16 22:46:01",3150
"2019-09-16 23:46:01",3150
"2019-09-17 00:45:59",3150
"2019-09-17 01:45:57",3150
"2019-09-17 02:45:59",3150
"2019-09-17 03:46:00",3150
"2019-09-17 04:45:57",3150
"2019-09-17 05:45:57",3150
"2019-09-17 06:45:55",3150
"2019-09-17 07:45:58",3150
"2019-09-17 08:45:56",3150
"2019-09-17 09:46:01",3150
"2019-09-17 10:46:00",3150
"2019-09-17 11:45:58",3150
"2019-09-17 12:45:58",3150
"2019-09-17 13:46:02",3150
"2019-09-17 14:45:58",3154
"2019-09-17 15:45:59",3155
"2019-09-17 16:46:02",3155
"2019-09-17 17:45:57",3153
"2019-09-17 18:45:58",3154
"2019-09-17 19:45:57",3157
"2019-09-17 20:45:58",3160
"2019-09-17 21:45:58",3160
"2019-09-17 22:46:00",3160
"2019-09-17 23:45:58",3160
"2019-09-18 00:45:58",3160
"2019-09-18 01:45:57",3160
"2019-09-18 02:45:56",3160
"2019-09-18 03:45:57",3160
"2019-09-18 04:46:05",3160
"2019-09-18 05:45:57",3160
"2019-09-18 06:45:59",3160
"2019-09-18 07:45:57",3160
"2019-09-18 08:45:59",3160
"2019-09-18 09:45:59",3160
"2019-09-18 10:45:57",3160
"2019-09-18 11:45:56",3160
"2019-09-18 13:41:08",3162
"2019-09-18 13:48:21",3162
"2019-09-18 14:46:00",3164
"2019-09-18 15:46:02",3168
"2019-09-18 16:46:02",3170
"2019-09-18 17:45:56",3171
"2019-09-18 18:45:54",3171
"2019-09-18 19:46:00",3171
"2019-09-18 20:45:56",3175
"2019-09-18 21:45:57",3175
"2019-09-18 22:45:59",3175
"2019-09-18 23:46:01",3175
"2019-09-19 00:45:54",3175
"2019-09-19 01:45:58",3175
"2019-09-19 02:46:01",3175
"2019-09-19 03:45:59",3175
"2019-09-19 04:45:55",3175
"2019-09-19 05:45:59",3175
"2019-09-19 06:46:01",3175
"2019-09-19 07:45:54",3175
"2019-09-19 08:45:58",3175
"2019-09-19 09:45:57",3175
"2019-09-19 10:45:56",3175
"2019-09-19 11:45:53",3175
"2019-09-19 13:09:34",3175
"2019-09-19 13:46:03",3175
"2019-09-19 14:45:56",3177
"2019-09-19 15:45:59",3179
"2019-09-19 16:46:07",3178
"2019-09-19 17:46:00",3183
"2019-09-19 18:46:01",3185
"2019-09-19 19:45:54",3186
"2019-09-19 20:46:02",3185
"2019-09-19 21:45:56",3185
"2019-09-19 22:46:02",3184
"2019-09-19 23:45:57",3184
"2019-09-20 00:46:03",3184
"2019-09-20 01:46:06",3184
"2019-09-20 02:45:55",3184
"2019-09-20 03:46:01",3184
"2019-09-20 04:45:59",3184
"2019-09-20 05:46:02",3184
"2019-09-20 06:45:57",3184
"2019-09-20 07:45:58",3184
"2019-09-20 08:46:02",3184
"2019-09-20 09:45:56",3184
"2019-09-20 10:45:55",3184
"2019-09-20 11:46:00",3184
"2019-09-20 12:46:01",3183
"2019-09-20 13:45:54",3184
"2019-09-20 14:45:59",3192
"2019-09-20 15:45:59",3197
"2019-09-20 16:45:59",3198
"2019-09-20 17:46:03",3198
"2019-09-20 18:45:55",3195
"2019-09-20 19:46:01",3195
"2019-09-20 20:45:53",3198
"2019-09-20 21:45:55",3197
"2019-09-20 22:46:00",3196
"2019-09-20 23:45:53",3196
"2019-09-21 00:45:54",3196
"2019-09-21 01:45:54",3196
"2019-09-21 02:45:58",3196
"2019-09-21 03:46:00",3196
"2019-09-21 04:45:53",3196
"2019-09-21 05:45:58",3196
"2019-09-21 06:45:58",3196
"2019-09-21 07:45:53",3196
"2019-09-21 08:45:54",3196
"2019-09-21 09:45:57",3196
"2019-09-21 10:45:53",3196
"2019-09-21 11:45:56",3196
"2019-09-21 12:45:59",3196
"2019-09-21 13:46:00",3196
"2019-09-21 14:45:55",3196
"2019-09-21 15:45:53",3196
"2019-09-21 16:45:59",3196
"2019-09-21 17:45:56",3196
"2019-09-21 18:45:54",3196
"2019-09-21 19:45:55",3196
"2019-09-21 20:45:54",3196
"2019-09-21 21:45:54",3196
"2019-09-21 22:45:54",3196
"2019-09-21 23:45:58",3196
"2019-09-22 00:45:53",3196
"2019-09-22 01:45:56",3196
"2019-09-22 02:45:57",3196
"2019-09-22 03:45:54",3196
"2019-09-22 04:45:58",3196
"2019-09-22 05:45:54",3196
"2019-09-22 06:45:58",3196
"2019-09-22 07:45:58",3196
"2019-09-22 08:45:54",3196
"2019-09-22 09:45:58",3196
"2019-09-22 10:45:54",3196
"2019-09-22 11:45:52",3196
"2019-09-22 12:45:56",3196
"2019-09-22 13:45:54",3196
"2019-09-22 14:45:59",3196
"2019-09-22 15:45:53",3196
"2019-09-22 16:45:59",3196
"2019-09-22 17:45:55",3196
"2019-09-22 18:45:54",3196
"2019-09-22 19:45:59",3196
"2019-09-22 20:45:54",3196
"2019-09-22 21:45:55",3196
"2019-09-22 22:45:53",3196
"2019-09-22 23:45:54",3196
"2019-09-23 00:45:57",3196
"2019-09-23 01:45:54",3196
"2019-09-23 02:45:53",3196
"2019-09-23 03:45:58",3196
"2019-09-23 04:45:57",3196
"2019-09-23 05:45:55",3196
"2019-09-23 06:45:57",3196
"2019-09-23 07:45:54",3196
"2019-09-23 08:45:58",3196
"2019-09-23 09:45:56",3196
"2019-09-23 10:45:58",3196
"2019-09-23 11:46:00",3196
"2019-09-23 12:45:58",3196
"2019-09-23 13:45:55",3195
"2019-09-23 14:45:59",3212
"2019-09-23 15:45:54",3213
"2019-09-23 16:45:59",3219
"2019-09-23 17:45:54",3220
"2019-09-23 18:46:00",3227
"2019-09-23 19:45:55",3227
"2019-09-23 20:45:55",3227
"2019-09-23 21:45:56",3228
"2019-09-23 22:45:58",3227
"2019-09-23 23:45:53",3227
"2019-09-24 00:45:58",3227
"2019-09-24 01:45:55",3227
"2019-09-24 03:46:00",3227
"2019-09-24 04:45:54",3227
"2019-09-24 05:46:02",3227
"2019-09-24 06:45:56",3227
"2019-09-24 07:45:56",3227
"2019-09-24 08:45:58",3227
"2019-09-24 09:45:53",3227
"2019-09-24 10:45:56",3227
"2019-09-24 11:45:58",3227
"2019-09-24 12:45:59",3227
"2019-09-24 13:45:56",3226
"2019-09-24 14:45:58",3226
"2019-09-24 15:46:00",3230
"2019-09-24 16:45:58",3236
"2019-09-24 17:45:58",3240
"2019-09-24 18:46:00",3240
"2019-09-24 19:45:54",3239
"2019-09-24 20:45:57",3238
"2019-09-24 21:45:59",3238
"2019-09-24 22:45:54",3239
"2019-09-24 23:45:53",3239
"2019-09-25 00:45:57",3239
"2019-09-25 01:46:00",3239
"2019-09-25 02:45:53",3239
"2019-09-25 03:46:02",3239
"2019-09-25 04:45:57",3239
"2019-09-25 05:45:54",3239
"2019-09-25 06:45:56",3239
"2019-09-25 07:46:00",3239
"2019-09-25 08:45:57",3239
"2019-09-25 09:45:57",3239
"2019-09-25 10:45:58",3239
"2019-09-25 11:45:55",3239
"2019-09-25 12:45:59",3239
"2019-09-25 13:46:00",3239
"2019-09-25 14:45:59",3244
"2019-09-25 15:45:59",3244
"2019-09-25 16:45:58",3245
"2019-09-25 17:45:57",3246
"2019-09-25 18:45:56",3246
"2019-09-25 19:46:02",3245
"2019-09-25 20:45:53",3244
"2019-09-25 21:45:57",3243
"2019-09-25 22:45:54",3243
"2019-09-25 23:45:58",3243
"2019-09-26 00:45:56",3243
"2019-09-26 01:45:54",3243
"2019-09-26 02:45:58",3243
"2019-09-26 03:45:56",3243
"2019-09-26 04:46:00",3243
"2019-09-26 05:45:58",3243
"2019-09-26 06:45:57",3243
"2019-09-26 07:45:53",3243
"2019-09-26 08:45:57",3243
"2019-09-26 09:45:57",3243
"2019-09-26 10:45:55",3243
"2019-09-26 11:45:53",3243
"2019-09-26 13:09:03",3243
"2019-09-26 13:46:05",3243
"2019-09-26 14:46:00",3250
"2019-09-26 15:46:02",3249
"2019-09-26 16:46:02",3249
"2019-09-26 17:46:02",3248
"2019-09-26 18:46:06",3248
"2019-09-26 19:45:58",3248
"2019-09-26 20:45:56",3250
"2019-09-26 21:46:05",3250
"2019-09-26 22:46:00",3250
"2019-09-26 23:45:59",3250
"2019-09-27 00:45:59",3250
"2019-09-27 01:45:55",3250
"2019-09-27 02:46:13",3250
"2019-09-27 03:45:59",3250
"2019-09-27 04:45:55",3250
"2019-09-27 05:45:59",3250
"2019-09-27 06:45:59",3250
"2019-09-27 07:46:04",3250
"2019-09-27 08:45:58",3250
"2019-09-27 09:45:57",3250
"2019-09-27 10:45:59",3250
"2019-09-27 11:45:57",3250
"2019-09-27 13:10:03",3250
"2019-09-27 13:46:03",3250
"2019-09-27 14:46:01",3246
"2019-09-27 15:45:59",3250
"2019-09-27 16:46:00",3251
"2019-09-27 17:45:59",3251
"2019-09-27 18:45:54",3251
"2019-09-27 19:45:59",3248
"2019-09-27 20:45:52",3249
"2019-09-27 21:45:56",3249
"2019-09-27 22:46:01",3251
"2019-09-27 23:45:56",3251
"2019-09-28 00:45:55",3251
"2019-09-28 01:46:00",3251
"2019-09-28 02:45:58",3251
"2019-09-28 03:45:58",3251
"2019-09-28 04:45:57",3251
"2019-09-28 05:46:01",3251
"2019-09-28 06:45:53",3251
"2019-09-28 07:46:01",3251
"2019-09-28 08:45:55",3251
"2019-09-28 09:45:57",3251
"2019-09-28 10:45:52",3251
"2019-09-28 11:45:57",3251
"2019-09-28 12:45:58",3251
"2019-09-28 13:46:00",3251
"2019-09-28 14:45:54",3251
"2019-09-28 15:45:53",3251
"2019-09-28 16:46:00",3251
"2019-09-28 17:45:59",3251
"2019-09-28 18:45:53",3251
"2019-09-28 19:45:55",3251
"2019-09-28 20:45:58",3251
"2019-09-28 21:45:55",3251
"2019-09-28 22:45:58",3251
"2019-09-28 23:45:54",3251
"2019-09-29 00:45:54",3251
"2019-09-29 01:45:58",3251
"2019-09-29 02:45:58",3251
"2019-09-29 03:45:58",3251
"2019-09-29 04:45:55",3251
"2019-09-29 05:45:58",3251
"2019-09-29 06:45:54",3251
"2019-09-29 07:45:57",3251
"2019-09-29 08:45:55",3251
"2019-09-29 09:45:57",3251
"2019-09-29 10:45:54",3251
"2019-09-29 11:45:57",3251
"2019-09-29 12:45:54",3251
"2019-09-29 13:45:54",3251
"2019-09-29 14:45:56",3251
"2019-09-29 15:45:54",3251
"2019-09-29 16:45:58",3251
"2019-09-29 17:46:01",3251
"2019-09-29 18:45:55",3251
"2019-09-29 19:46:04",3251
"2019-09-29 20:45:59",3251
"2019-09-29 21:45:55",3251
"2019-09-29 22:45:58",3251
"2019-09-29 23:45:59",3251
"2019-09-30 00:45:52",3251
"2019-09-30 01:45:58",3251
"2019-09-30 02:45:54",3251
"2019-09-30 03:45:59",3251
"2019-09-30 04:45:57",3251
"2019-09-30 05:45:57",3251
"2019-09-30 06:45:55",3251
"2019-09-30 07:46:00",3251
"2019-09-30 08:45:56",3251
"2019-09-30 09:46:00",3251
"2019-09-30 10:45:54",3251
"2019-09-30 11:45:54",3251
"2019-09-30 12:45:59",3251
"2019-09-30 13:45:56",3249
"2019-09-30 14:46:02",3246
"2019-09-30 15:45:58",3247
"2019-09-30 16:46:06",3246
"2019-09-30 17:45:59",3248
"2019-09-30 18:46:02",3246
"2019-09-30 19:45:56",3245
"2019-09-30 20:45:54",3241
"2019-09-30 21:45:58",3242
"2019-09-30 22:45:54",3245
"2019-09-30 23:45:59",3245
"2019-10-01 00:45:56",3245
"2019-10-01 01:45:55",3245
"2019-10-01 02:45:58",3245
"2019-10-01 03:46:00",3245
"2019-10-01 04:45:53",3245
"2019-10-01 05:45:55",3245
"2019-10-01 06:45:57",3245
"2019-10-01 07:46:01",3245
"2019-10-01 08:45:55",3245
"2019-10-01 09:46:01",3245
"2019-10-01 10:45:56",3245
"2019-10-01 11:45:55",3245
"2019-10-01 13:09:01",3246
"2019-10-01 13:46:00",3246
"2019-10-01 14:45:55",3249
"2019-10-01 15:45:55",3248
"2019-10-01 16:46:00",3248
"2019-10-01 17:45:53",3247
"2019-10-01 18:45:59",3247
"2019-10-01 19:45:57",3246
"2019-10-01 20:45:53",3243
"2019-10-01 21:45:55",3243
"2019-10-01 22:45:58",3244
"2019-10-01 23:45:55",3244
"2019-10-02 00:46:15",3244
"2019-10-02 01:45:55",3244
"2019-10-02 02:45:53",3244
"2019-10-02 03:45:55",3244
"2019-10-02 04:46:01",3244
"2019-10-02 05:45:59",3244
"2019-10-02 06:45:53",3244
"2019-10-02 07:45:53",3244
"2019-10-02 08:45:53",3244
"2019-10-02 09:45:57",3244
"2019-10-02 10:45:52",3244
"2019-10-02 11:45:52",3244
"2019-10-02 13:09:30",3244
"2019-10-02 13:45:56",3244
"2019-10-02 14:45:55",3241
"2019-10-02 15:45:57",3234
"2019-10-02 16:45:52",3233
"2019-10-02 17:45:53",3237
"2019-10-02 18:45:54",3236
"2019-10-02 19:45:54",3236
"2019-10-02 20:45:54",3236
"2019-10-02 21:45:55",3236
"2019-10-02 22:45:57",3236
"2019-10-02 23:45:52",3236
"2019-10-03 00:45:52",3236
"2019-10-03 01:45:54",3236
"2019-10-03 02:45:53",3236
"2019-10-03 03:45:56",3236
"2019-10-03 04:45:54",3236
"2019-10-03 06:45:53",3236
"2019-10-03 07:45:57",3236
"2019-10-03 08:45:55",3236
"2019-10-03 09:45:53",3236
"2019-10-03 10:45:58",3236
"2019-10-03 11:45:53",3236
"2019-10-03 13:09:25",3237
"2019-10-03 13:47:14",3237
"2019-10-03 14:45:58",3236
"2019-10-03 15:45:52",3226
"2019-10-03 16:45:53",3226
"2019-10-03 17:45:55",3223
"2019-10-03 18:45:56",3224
"2019-10-03 19:45:54",3224
"2019-10-03 20:45:53",3219
"2019-10-03 21:45:53",3223
"2019-10-03 22:45:54",3223
"2019-10-03 23:45:57",3223
"2019-10-04 00:45:53",3223
"2019-10-04 01:45:53",3223
"2019-10-04 02:45:52",3223
"2019-10-04 03:45:54",3223
"2019-10-04 04:45:54",3223
"2019-10-04 05:45:58",3223
"2019-10-04 06:45:57",3223
"2019-10-04 07:45:53",3223
"2019-10-04 08:45:55",3223
"2019-10-04 09:45:53",3223
"2019-10-04 10:45:56",3223
"2019-10-04 11:45:53",3223
"2019-10-04 12:45:54",3223
"2019-10-04 13:45:58",3223
"2019-10-04 14:45:53",3222
"2019-10-04 15:45:54",3223
"2019-10-04 16:45:58",3222
"2019-10-04 17:45:52",3224
"2019-10-04 18:45:55",3222
"2019-10-04 19:45:54",3221
"2019-10-04 20:45:54",3218
"2019-10-04 21:45:56",3219
"2019-10-04 22:45:52",3218
"2019-10-04 23:45:52",3218
"2019-10-05 00:45:56",3218
"2019-10-05 01:45:53",3218
"2019-10-05 02:45:53",3218
"2019-10-05 03:45:52",3218
"2019-10-05 04:45:52",3218
"2019-10-05 05:45:59",3218
"2019-10-05 06:45:52",3218
"2019-10-05 07:45:53",3218
"2019-10-05 08:45:56",3218
"2019-10-05 09:45:52",3218
"2019-10-05 10:45:53",3218
"2019-10-05 11:45:54",3218
"2019-10-05 12:45:54",3218
"2019-10-05 13:45:55",3218
"2019-10-05 14:45:54",3218
"2019-10-05 15:45:52",3218
"2019-10-05 16:45:54",3218
"2019-10-05 17:46:00",3218
"2019-10-05 18:45:54",3218
"2019-10-05 19:45:53",3218
"2019-10-05 20:45:56",3218
"2019-10-05 21:45:53",3218
"2019-10-05 22:45:54",3218
"2019-10-05 23:45:54",3218
"2019-10-06 00:45:53",3218
"2019-10-06 01:45:54",3218
"2019-10-06 02:46:03",3218
"2019-10-06 03:45:56",3218
"2019-10-06 04:45:53",3218
"2019-10-06 05:45:54",3218
"2019-10-06 06:45:58",3218
"2019-10-06 07:45:54",3218
"2019-10-06 08:45:57",3218
"2019-10-06 09:45:55",3218
"2019-10-06 10:45:54",3218
"2019-10-06 11:45:55",3218
"2019-10-06 12:45:55",3218
"2019-10-06 13:45:52",3218
"2019-10-06 14:45:55",3218
"2019-10-06 15:45:52",3218
"2019-10-06 16:45:53",3218
"2019-10-06 17:45:53",3218
"2019-10-06 18:45:58",3218
"2019-10-06 19:45:56",3218
"2019-10-06 20:45:52",3218
"2019-10-06 21:45:52",3218
"2019-10-06 22:45:51",3218
"2019-10-06 23:45:52",3218
"2019-10-07 00:45:53",3218
"2019-10-07 01:45:55",3218
"2019-10-07 02:45:56",3218
"2019-10-07 03:45:54",3218
"2019-10-07 04:45:54",3218
"2019-10-07 05:45:53",3218
"2019-10-07 06:45:54",3218
"2019-10-07 07:45:53",3218
"2019-10-07 08:45:53",3218
"2019-10-07 09:46:01",3218
"2019-10-07 10:45:53",3218
"2019-10-07 11:45:53",3218
"2019-10-07 12:46:04",3215
"2019-10-07 13:45:57",3218
"2019-10-07 14:45:53",3221
"2019-10-07 15:45:55",3224
"2019-10-07 16:45:56",3222
"2019-10-07 17:45:53",3218
"2019-10-07 18:45:54",3222
"2019-10-07 19:45:57",3224
"2019-10-07 20:45:52",3226
"2019-10-07 21:45:52",3226
"2019-10-07 22:45:52",3227
"2019-10-07 23:45:58",3227
"2019-10-08 00:45:52",3227
"2019-10-08 01:45:52",3227
"2019-10-08 02:45:52",3227
"2019-10-08 03:45:57",3227
"2019-10-08 04:45:55",3227
"2019-10-08 05:45:52",3227
"2019-10-08 06:45:55",3227
"2019-10-08 07:45:54",3227
"2019-10-08 08:45:53",3227
"2019-10-08 09:45:55",3227
"2019-10-08 10:45:56",3227
"2019-10-08 11:45:52",3227
"2019-10-08 12:45:55",3227
"2019-10-08 13:45:55",3225
"2019-10-08 14:45:53",3225
"2019-10-08 15:45:54",3225
"2019-10-08 16:45:58",3224
"2019-10-08 17:45:56",3225
"2019-10-08 18:45:55",3221
"2019-10-08 19:45:56",3220
"2019-10-08 20:45:52",3218
"2019-10-08 21:45:53",3218
"2019-10-08 22:45:56",3218
"2019-10-08 23:45:53",3218
"2019-10-09 00:45:53",3218
"2019-10-09 01:45:54",3218
"2019-10-09 02:45:54",3218
"2019-10-09 03:45:52",3218
"2019-10-09 04:45:56",3218
"2019-10-09 05:45:53",3218
"2019-10-09 06:45:53",3218
"2019-10-09 07:46:00",3218
"2019-10-09 08:45:54",3218
"2019-10-09 09:45:52",3218
"2019-10-09 10:45:55",3218
"2019-10-09 11:45:52",3218
"2019-10-09 12:46:00",3218
"2019-10-09 13:45:54",3216
"2019-10-09 14:45:55",3218
"2019-10-09 15:46:01",3214
"2019-10-09 16:45:55",3212
"2019-10-09 17:46:05",3213
"2019-10-09 18:45:59",3215
"2019-10-09 19:46:01",3215
"2019-10-09 20:45:54",3214
"2019-10-09 21:45:52",3214
"2019-10-09 22:45:55",3214
"2019-10-09 23:45:55",3214
"2019-10-10 00:45:59",3214
"2019-10-10 01:45:53",3214
"2019-10-10 02:45:57",3214
"2019-10-10 03:45:54",3214
"2019-10-10 04:45:54",3214
"2019-10-10 05:46:00",3214
"2019-10-10 06:45:55",3214
"2019-10-10 07:45:58",3214
"2019-10-10 08:45:55",3214
"2019-10-10 09:45:52",3214
"2019-10-10 10:45:52",3214
"2019-10-10 11:45:56",3214
"2019-10-10 13:09:05",3213
"2019-10-10 13:46:00",3213
"2019-10-10 14:45:56",3215
"2019-10-10 15:45:58",3214
"2019-10-10 16:45:55",3214
"2019-10-10 17:45:56",3212
"2019-10-10 18:45:54",3210
"2019-10-10 19:45:57",3210
"2019-10-10 20:45:56",3208
"2019-10-10 21:45:57",3208
"2019-10-10 22:45:56",3208
"2019-10-10 23:46:10",3208
"2019-10-11 00:45:57",3208
"2019-10-11 01:45:57",3208
"2019-10-11 02:45:57",3208
"2019-10-11 03:46:03",3208
"2019-10-11 04:45:56",3208
"2019-10-11 05:45:54",3208
"2019-10-11 06:45:59",3208
"2019-10-11 07:45:57",3208
"2019-10-11 08:45:56",3208
"2019-10-11 09:46:00",3208
"2019-10-11 10:45:55",3208
"2019-10-11 11:45:56",3208
"2019-10-11 13:09:33",3205
"2019-10-11 13:45:59",3205
"2019-10-11 14:45:55",3203
"2019-10-11 15:46:06",3202
"2019-10-11 16:45:58",3202
"2019-10-11 17:45:56",3199
"2019-10-11 18:45:59",3201
"2019-10-11 19:45:58",3201
"2019-10-11 20:45:55",3201
"2019-10-11 21:45:55",3200
"2019-10-11 22:45:55",3202
"2019-10-11 23:45:55",3202
"2019-10-12 00:46:01",3202
"2019-10-12 01:45:54",3202
"2019-10-12 02:45:56",3202
"2019-10-12 03:45:59",3202
"2019-10-12 04:45:55",3202
"2019-10-12 05:46:00",3202
"2019-10-12 06:46:03",3202
"2019-10-12 07:45:54",3202
"2019-10-12 08:45:55",3202
"2019-10-12 09:45:59",3202
"2019-10-12 10:45:55",3202
"2019-10-12 11:45:54",3202
"2019-10-12 12:46:02",3202
"2019-10-12 13:45:56",3202
"2019-10-12 14:45:57",3202
"2019-10-12 15:45:55",3202
"2019-10-12 16:46:00",3202
"2019-10-12 17:46:00",3202
"2019-10-12 18:45:55",3202
"2019-10-12 19:45:56",3202
"2019-10-12 20:45:57",3202
"2019-10-12 21:45:55",3202
"2019-10-12 22:45:56",3202
"2019-10-12 23:45:55",3202
"2019-10-13 00:46:00",3202
"2019-10-13 01:45:56",3202
"2019-10-13 02:45:55",3202
"2019-10-13 03:45:59",3202
"2019-10-13 04:45:54",3202
"2019-10-13 05:45:54",3202
"2019-10-13 06:45:57",3202
"2019-10-13 07:45:55",3202
"2019-10-13 08:46:01",3202
"2019-10-13 09:45:59",3202
"2019-10-13 10:45:53",3202
"2019-10-13 11:46:00",3202
"2019-10-13 12:45:54",3202
"2019-10-13 13:46:00",3202
"2019-10-13 14:45:59",3202
"2019-10-13 15:45:55",3202
"2019-10-13 16:46:04",3202
"2019-10-13 17:45:56",3202
"2019-10-13 18:45:58",3202
"2019-10-13 19:45:58",3202
"2019-10-13 20:46:02",3202
"2019-10-13 21:46:00",3202
"2019-10-13 22:46:00",3202
"2019-10-13 23:46:04",3202
"2019-10-14 00:45:56",3202
"2019-10-14 01:45:59",3202
"2019-10-14 02:45:56",3202
"2019-10-14 03:45:58",3202
"2019-10-14 04:45:57",3202
"2019-10-14 05:45:56",3202
"2019-10-14 06:46:00",3202
"2019-10-14 07:45:55",3202
"2019-10-14 08:45:56",3202
"2019-10-14 09:46:00",3202
"2019-10-14 10:45:57",3202
"2019-10-14 11:46:00",3202
"2019-10-14 12:46:00",3202
"2019-10-14 13:45:59",3202
"2019-10-14 14:45:58",3203
"2019-10-14 15:45:57",3203
"2019-10-14 16:46:03",3206
"2019-10-14 17:45:55",3201
"2019-10-14 18:46:01",3204
"2019-10-14 19:45:55",3205
"2019-10-14 20:45:57",3210
"2019-10-14 21:45:58",3210
"2019-10-14 22:46:01",3212
"2019-10-14 23:46:08",3212
"2019-10-15 00:45:56",3212
"2019-10-15 02:46:03",3212
"2019-10-15 03:45:56",3212
"2019-10-15 04:45:54",3212
"2019-10-15 05:46:00",3212
"2019-10-15 06:45:58",3212
"2019-10-15 07:46:03",3212
"2019-10-15 08:45:58",3212
"2019-10-15 09:45:56",3212
"2019-10-15 10:45:56",3212
"2019-10-15 11:46:01",3212
"2019-10-15 12:46:29",3212
"2019-10-15 13:46:05",3209
"2019-10-15 14:45:55",3216
"2019-10-15 15:45:55",3218
"2019-10-15 16:45:57",3221
"2019-10-15 17:46:00",3223
"2019-10-15 18:46:03",3221
"2019-10-15 19:46:02",3222
"2019-10-15 20:46:05",3224
"2019-10-15 21:45:59",3224
"2019-10-15 22:45:55",3227
"2019-10-15 23:45:55",3227
"2019-10-16 00:45:57",3227
"2019-10-16 01:45:55",3227
"2019-10-16 02:45:58",3227
"2019-10-16 03:46:04",3227
"2019-10-16 04:45:57",3227
"2019-10-16 05:45:57",3227
"2019-10-16 06:45:57",3227
"2019-10-16 07:46:05",3227
"2019-10-16 08:46:07",3227
"2019-10-16 09:45:56",3227
"2019-10-16 10:46:00",3227
"2019-10-16 11:45:55",3227
"2019-10-16 12:45:57",3227
"2019-10-16 13:46:04",3223
"2019-10-16 14:45:56",3222
"2019-10-16 15:46:07",3221
"2019-10-16 16:45:56",3221
"2019-10-16 17:45:55",3222
"2019-10-16 18:45:59",3221
"2019-10-16 19:45:54",3222
"2019-10-16 20:45:57",3223
"2019-10-16 21:45:59",3223
"2019-10-16 22:45:54",3223
"2019-10-16 23:45:56",3223
"2019-10-17 00:45:56",3223
"2019-10-17 01:45:58",3223
"2019-10-17 02:45:56",3223
"2019-10-17 04:46:00",3223
"2019-10-17 05:45:55",3223
"2019-10-17 06:45:55",3223
"2019-10-17 07:46:01",3223
"2019-10-17 08:45:56",3223
"2019-10-17 09:45:54",3223
"2019-10-17 10:45:53",3223
"2019-10-17 11:46:01",3223
"2019-10-17 12:45:58",3221
"2019-10-17 13:46:00",3221
"2019-10-17 14:46:01",3223
"2019-10-17 15:45:55",3220
"2019-10-17 16:45:55",3216
"2019-10-17 17:45:57",3219
"2019-10-17 18:45:56",3219
"2019-10-17 19:46:00",3218
"2019-10-17 20:45:56",3219
"2019-10-17 21:45:55",3218
"2019-10-17 22:45:56",3218
"2019-10-17 23:45:57",3218
"2019-10-18 00:45:55",3218
"2019-10-18 01:45:56",3218
"2019-10-18 02:45:55",3218
"2019-10-18 03:46:02",3218
"2019-10-18 04:45:55",3218
"2019-10-18 05:45:56",3218
"2019-10-18 06:46:03",3218
"2019-10-18 07:45:57",3218
"2019-10-18 08:45:59",3218
"2019-10-18 09:45:57",3218
"2019-10-18 10:46:01",3218
"2019-10-18 11:45:57",3218
"2019-10-18 13:08:32",3216
"2019-10-18 13:45:54",3216
"2019-10-18 14:45:56",3214
"2019-10-18 15:46:01",3215
"2019-10-18 16:45:54",3216
"2019-10-18 17:45:58",3218
"2019-10-18 18:45:55",3217
"2019-10-18 19:45:56",3216
"2019-10-18 20:45:59",3218
"2019-10-18 21:45:55",3218
"2019-10-18 23:45:56",3219
"2019-10-19 00:45:55",3219
"2019-10-19 01:46:00",3219
"2019-10-19 02:45:56",3219
"2019-10-19 03:45:55",3219
"2019-10-19 04:45:59",3219
"2019-10-19 05:45:55",3219
"2019-10-19 06:45:59",3219
"2019-10-19 07:45:57",3219
"2019-10-19 08:45:56",3219
"2019-10-19 09:45:58",3219
"2019-10-19 10:45:59",3219
"2019-10-19 11:45:55",3219
"2019-10-19 12:46:01",3219
"2019-10-19 13:45:54",3219
"2019-10-19 14:45:56",3219
"2019-10-19 15:45:56",3219
"2019-10-19 16:46:01",3219
"2019-10-19 17:45:55",3219
"2019-10-19 18:45:55",3219
"2019-10-19 19:46:00",3219
"2019-10-19 20:45:57",3219
"2019-10-19 21:45:54",3219
"2019-10-19 22:45:55",3219
"2019-10-19 23:45:55",3219
"2019-10-20 00:45:56",3219
"2019-10-20 01:45:55",3219
"2019-10-20 02:45:59",3219
"2019-10-20 03:45:55",3219
"2019-10-20 04:45:57",3219
"2019-10-20 05:45:59",3219
"2019-10-20 06:45:58",3219
"2019-10-20 07:46:01",3219
"2019-10-20 08:45:56",3219
"2019-10-20 09:45:56",3219
"2019-10-20 10:45:59",3219
"2019-10-20 11:45:56",3219
"2019-10-20 12:46:01",3219
"2019-10-20 13:45:55",3219
"2019-10-20 14:45:54",3219
"2019-10-20 16:45:59",3219
"2019-10-20 17:45:55",3219
"2019-10-20 18:45:56",3219
"2019-10-20 19:45:54",3219
"2019-10-20 20:45:54",3219
"2019-10-20 21:45:54",3219
"2019-10-20 22:45:55",3219
"2019-10-20 23:45:56",3219
"2019-10-21 00:45:56",3219
"2019-10-21 01:45:59",3219
"2019-10-21 02:45:56",3219
"2019-10-21 03:45:56",3219
"2019-10-21 04:45:55",3219
"2019-10-21 05:46:02",3219
"2019-10-21 06:45:55",3219
"2019-10-21 07:45:59",3219
"2019-10-21 08:45:59",3219
"2019-10-21 09:45:57",3219
"2019-10-21 10:45:56",3219
"2019-10-21 11:46:00",3219
"2019-10-21 13:09:28",3219
"2019-10-21 13:46:04",3219
"2019-10-21 14:45:57",3225
"2019-10-21 15:45:59",3223
"2019-10-21 16:45:59",3221
"2019-10-21 17:45:55",3222
"2019-10-21 18:45:57",3223
"2019-10-21 19:45:57",3222
"2019-10-21 20:45:55",3220
"2019-10-21 22:46:02",3220
"2019-10-21 23:45:55",3220
"2019-10-22 00:45:55",3220
"2019-10-22 01:45:57",3220
"2019-10-22 02:46:00",3220
"2019-10-22 03:46:03",3220
"2019-10-22 04:46:00",3220
"2019-10-22 05:45:57",3220
"2019-10-22 06:45:56",3220
"2019-10-22 07:46:03",3220
"2019-10-22 08:45:56",3220
"2019-10-22 09:46:00",3220
"2019-10-22 10:45:56",3220
"2019-10-22 11:45:54",3220
"2019-10-22 12:46:07",3220
"2019-10-22 13:45:56",3219
"2019-10-22 14:45:56",3220
"2019-10-22 15:46:03",3219
"2019-10-22 16:46:02",3219
"2019-10-22 17:46:01",3219
"2019-10-22 18:45:59",3221
"2019-10-22 19:45:55",3227
"2019-10-22 20:45:58",3224
"2019-10-22 21:45:57",3224
"2019-10-22 22:45:58",3223
"2019-10-22 23:45:58",3223
"2019-10-23 00:46:07",3223
"2019-10-23 01:46:00",3223
"2019-10-23 02:45:57",3223
"2019-10-23 03:45:56",3223
"2019-10-23 04:46:03",3223
"2019-10-23 05:45:58",3223
"2019-10-23 06:46:08",3223
"2019-10-23 07:46:00",3223
"2019-10-23 08:45:58",3223
"2019-10-23 09:46:03",3223
"2019-10-23 10:45:58",3223
"2019-10-23 11:45:56",3223
"2019-10-23 12:46:05",3223
"2019-10-23 13:46:04",3223
"2019-10-23 14:45:57",3227
"2019-10-23 15:45:55",3229
"2019-10-23 16:46:00",3231
"2019-10-23 17:45:56",3232
"2019-10-23 18:45:55",3231
"2019-10-23 19:45:56",3231
"2019-10-23 20:46:00",3231
"2019-10-23 21:45:56",3230
"2019-10-23 22:45:57",3230
"2019-10-23 23:45:57",3230
"2019-10-24 01:01:51",3230
"2019-10-24 01:45:59",3230
"2019-10-24 02:46:01",3230
"2019-10-24 03:46:02",3230
"2019-10-24 04:45:57",3230
"2019-10-24 05:46:02",3230
"2019-10-24 06:46:05",3230
"2019-10-24 07:45:57",3230
"2019-10-24 08:45:57",3230
"2019-10-24 09:46:02",3230
"2019-10-24 10:45:56",3230
"2019-10-24 11:45:55",3230
"2019-10-24 13:09:33",3230
"2019-10-24 13:45:58",3230
"2019-10-24 14:45:56",3229
"2019-10-24 15:46:01",3225
"2019-10-24 16:45:57",3224
"2019-10-24 17:45:59",3225
"2019-10-24 18:45:57",3226
"2019-10-24 19:46:02",3224
"2019-10-24 20:45:55",3224
"2019-10-24 21:45:57",3225
"2019-10-24 22:45:57",3225
"2019-10-24 23:45:59",3225
"2019-10-25 00:45:57",3225
"2019-10-25 01:45:58",3225
"2019-10-25 02:46:03",3225
"2019-10-25 03:45:58",3225
"2019-10-25 04:45:55",3225
"2019-10-25 05:46:01",3225
"2019-10-25 06:45:58",3225
"2019-10-25 07:46:00",3225
"2019-10-25 08:46:01",3225
"2019-10-25 09:45:56",3225
"2019-10-25 10:45:56",3225
"2019-10-25 11:46:06",3225
"2019-10-25 13:09:29",3222
"2019-10-25 13:46:02",3222
"2019-10-25 14:46:04",3222
"2019-10-25 15:45:57",3224
"2019-10-25 16:46:04",3225
"2019-10-25 17:45:57",3226
"2019-10-25 18:45:57",3227
"2019-10-25 19:45:56",3227
"2019-10-25 20:45:56",3228
"2019-10-25 21:45:56",3229
"2019-10-25 22:45:56",3229
"2019-10-25 23:45:57",3229
"2019-10-26 00:46:01",3229
"2019-10-26 01:46:03",3229
"2019-10-26 02:45:58",3229
"2019-10-26 03:45:58",3229
"2019-10-26 04:46:02",3229
"2019-10-26 05:45:56",3229
"2019-10-26 06:45:54",3229
"2019-10-26 07:46:04",3229
"2019-10-26 08:45:56",3229
"2019-10-26 09:45:56",3229
"2019-10-26 10:45:55",3229
"2019-10-26 11:46:01",3229
"2019-10-26 12:45:56",3229
"2019-10-26 13:46:00",3229
"2019-10-26 14:45:59",3229
"2019-10-26 15:46:01",3229
"2019-10-26 16:45:59",3229
"2019-10-26 17:46:00",3229
"2019-10-26 18:46:01",3229
"2019-10-26 19:46:00",3229
"2019-10-26 20:45:59",3229
"2019-10-26 21:46:00",3229
"2019-10-26 22:45:58",3229
"2019-10-26 23:46:00",3229
"2019-10-27 00:46:00",3229
"2019-10-27 01:45:57",3229
"2019-10-27 02:46:01",3229
"2019-10-27 03:46:00",3229
"2019-10-27 04:45:55",3229
"2019-10-27 05:46:02",3229
"2019-10-27 06:45:59",3229
"2019-10-27 07:45:56",3229
"2019-10-27 08:45:57",3229
"2019-10-27 09:45:56",3229
"2019-10-27 10:45:55",3229
"2019-10-27 11:45:55",3229
"2019-10-27 12:45:59",3229
"2019-10-27 13:45:56",3229
"2019-10-27 14:45:55",3229
"2019-10-27 15:46:05",3229
"2019-10-27 16:45:56",3229
"2019-10-27 17:45:56",3229
"2019-10-27 18:46:01",3229
"2019-10-27 19:45:59",3229
"2019-10-27 20:46:01",3229
"2019-10-27 21:45:56",3229
"2019-10-27 22:45:55",3229
"2019-10-27 23:45:55",3229
"2019-10-28 00:45:55",3229
"2019-10-28 01:45:57",3229
"2019-10-28 02:45:58",3229
"2019-10-28 03:46:00",3229
"2019-10-28 04:45:55",3229
"2019-10-28 05:45:55",3229
"2019-10-28 06:45:59",3229
"2019-10-28 07:45:58",3229
"2019-10-28 08:45:57",3229
"2019-10-28 09:45:56",3229
"2019-10-28 10:46:02",3229
"2019-10-28 11:45:54",3229
"2019-10-28 12:46:02",3228
"2019-10-28 14:46:01",3225
"2019-10-28 15:46:09",3225
"2019-10-28 16:46:06",3229
"2019-10-28 17:46:01",3232
"2019-10-28 18:46:01",3231
"2019-10-28 19:46:01",3233
"2019-10-28 23:45:59",3231
"2019-10-29 00:45:57",3231
"2019-10-29 01:46:03",3231
"2019-10-29 02:46:00",3231
"2019-10-29 03:46:03",3231
"2019-10-29 04:45:58",3231
"2019-10-29 05:46:01",3231
"2019-10-29 06:46:02",3231
"2019-10-29 07:46:00",3231
"2019-10-29 08:46:00",3231
"2019-10-29 09:45:57",3231
"2019-10-29 10:46:01",3231
"2019-10-29 11:45:57",3231
"2019-10-29 12:45:58",3229
"2019-10-29 13:46:07",3229
"2019-10-29 14:45:58",3222
"2019-10-29 15:45:59",3226
"2019-10-29 16:46:02",3221
"2019-10-29 17:45:56",3220
"2019-10-29 18:46:01",3221
"2019-10-29 19:46:00",3222
"2019-10-29 20:45:57",3227
"2019-10-29 21:46:02",3226
"2019-10-29 22:45:59",3227
"2019-10-29 23:45:58",3227
"2019-10-30 00:46:06",3227
"2019-10-30 01:45:59",3227
"2019-10-30 02:45:58",3227
"2019-10-30 03:45:58",3227
"2019-10-30 04:46:04",3227
"2019-10-30 05:46:05",3227
"2019-10-30 06:45:59",3227
"2019-10-30 07:46:09",3227
"2019-10-30 08:45:59",3227
"2019-10-30 09:46:01",3227
"2019-10-30 10:46:03",3227
"2019-10-30 11:45:56",3227
"2019-10-30 13:46:35",3228
"2019-10-30 14:45:57",3229
"2019-10-30 15:45:55",3223
"2019-10-30 16:45:59",3220
"2019-10-30 17:45:58",3221
"2019-10-30 18:45:57",3219
"2019-10-30 19:45:56",3222
"2019-10-30 20:46:01",3221
"2019-10-30 21:45:57",3221
"2019-10-30 22:45:57",3221
"2019-10-30 23:45:56",3221
"2019-10-31 00:45:57",3221
"2019-10-31 01:45:58",3221
"2019-10-31 02:45:56",3221
"2019-10-31 03:46:00",3221
"2019-10-31 04:45:57",3221
"2019-10-31 05:45:58",3221
"2019-10-31 06:46:02",3221
"2019-10-31 07:45:59",3221
"2019-10-31 08:45:58",3221
"2019-10-31 09:46:03",3221
"2019-10-31 10:45:58",3221
"2019-10-31 11:45:59",3221
"2019-10-31 13:11:04",3221
"2019-10-31 13:46:00",3221
"2019-10-31 14:45:58",3221
"2019-10-31 15:46:01",3225
"2019-10-31 16:46:00",3224
"2019-10-31 17:45:59",3224
"2019-10-31 18:45:57",3223
"2019-10-31 19:45:57",3223
"2019-10-31 20:46:00",3221
"2019-10-31 22:09:02",3220
"2019-10-31 22:46:04",3220
"2019-10-31 23:45:57",3220
"2019-11-01 00:45:57",3220
"2019-11-01 01:45:57",3220
"2019-11-01 02:45:58",3220
"2019-11-01 03:46:02",3220
"2019-11-01 04:45:59",3220
"2019-11-01 05:46:03",3220
"2019-11-01 06:45:56",3220
"2019-11-01 07:46:05",3220
"2019-11-01 08:45:59",3220
"2019-11-01 09:46:01",3220
"2019-11-01 10:46:01",3220
"2019-11-01 11:46:04",3220
"2019-11-01 13:42:10",3221
"2019-11-01 13:51:26",3221
"2019-11-01 14:45:58",3219
"2019-11-01 15:45:56",3221
"2019-11-01 16:46:03",3224
"2019-11-01 17:46:00",3226
"2019-11-01 18:46:05",3224
"2019-11-01 19:45:57",3226
"2019-11-01 20:45:57",3227
"2019-11-01 21:45:56",3228
"2019-11-01 22:45:56",3227
"2019-11-01 23:45:57",3227
"2019-11-02 00:46:01",3227
"2019-11-02 01:45:58",3227
"2019-11-02 02:45:57",3227
"2019-11-02 03:46:03",3227
"2019-11-02 04:45:57",3227
"2019-11-02 05:45:58",3227
"2019-11-02 06:46:00",3227
"2019-11-02 07:45:56",3227
"2019-11-02 08:45:57",3227
"2019-11-02 09:45:56",3227
"2019-11-02 10:46:01",3227
"2019-11-02 11:45:56",3227
"2019-11-02 12:46:03",3227
"2019-11-02 13:45:58",3227
"2019-11-02 14:45:59",3227
"2019-11-02 15:46:02",3227
"2019-11-02 16:45:57",3227
"2019-11-02 17:45:57",3227
"2019-11-02 18:45:58",3227
"2019-11-02 19:45:57",3227
"2019-11-02 20:45:57",3227
"2019-11-02 23:45:59",3227
"2019-11-03 00:45:56",3227
"2019-11-03 01:45:58",3227
"2019-11-03 03:45:59",3227
"2019-11-03 05:46:00",3227
"2019-11-03 06:45:56",3227
"2019-11-03 07:45:58",3227
"2019-11-03 21:46:01",3227
"2019-11-03 22:45:56",3227
"2019-11-03 23:46:01",3227
"2019-11-04 00:45:56",3227
"2019-11-04 01:45:57",3227
"2019-11-04 02:45:56",3227
"2019-11-04 03:45:56",3227
"2019-11-04 04:45:56",3227
"2019-11-04 05:46:00",3227
"2019-11-04 06:45:58",3228
"2019-11-04 07:45:55",3228
"2019-11-04 08:45:56",3228
"2019-11-04 09:45:59",3228
"2019-11-04 10:45:56",3228
"2019-11-04 11:45:55",3228
"2019-11-04 12:45:55",3228
"2019-11-04 14:11:30",3227
"2019-11-04 15:45:57",3232
"2019-11-04 16:45:58",3234
"2019-11-04 17:45:58",3232
"2019-11-04 18:45:57",3232
"2019-11-04 19:46:00",3236
"2019-11-04 20:45:57",3239
"2019-11-04 21:45:57",3241
"2019-11-04 22:45:57",3240
"2019-11-04 23:45:56",3240
"2019-11-05 00:45:58",3240
"2019-11-05 01:45:57",3240
"2019-11-05 02:46:01",3240
"2019-11-05 03:45:58",3240
"2019-11-05 04:45:55",3240
"2019-11-05 05:46:01",3240
"2019-11-05 06:45:58",3240
"2019-11-05 07:45:57",3240
"2019-11-05 08:45:59",3240
"2019-11-05 09:46:01",3240
"2019-11-05 10:45:57",3240
"2019-11-05 11:45:58",3240
"2019-11-05 12:45:57",3240
"2019-11-05 14:11:31",3239
"2019-11-05 14:46:03",3239
"2019-11-05 15:45:57",3240
"2019-11-05 16:45:58",3238
"2019-11-05 17:45:57",3240
"2019-11-05 18:45:56",3243
"2019-11-05 19:46:00",3245
"2019-11-05 20:46:01",3249
"2019-11-05 21:45:57",3247
"2019-11-05 22:45:58",3248
"2019-11-05 23:45:56",3248
"2019-11-06 00:45:57",3248
"2019-11-06 01:45:59",3248
"2019-11-06 02:46:28",3248
"2019-11-06 03:45:58",3248
"2019-11-06 04:46:02",3248
"2019-11-06 05:45:57",3248
"2019-11-06 06:46:03",3248
"2019-11-06 07:45:56",3248
"2019-11-06 08:45:57",3248
"2019-11-06 09:46:00",3248
"2019-11-06 10:46:00",3248
"2019-11-06 11:45:56",3248
"2019-11-06 12:45:56",3248
"2019-11-06 13:45:57",3248
"2019-11-06 14:46:03",3248
"2019-11-06 15:45:59",3248
"2019-11-06 16:46:00",3252
"2019-11-06 17:45:59",3254
"2019-11-06 18:46:00",3258
"2019-11-06 19:46:00",3258
"2019-11-06 20:46:04",3260
"2019-11-06 21:46:00",3261
"2019-11-06 22:45:59",3260
"2019-11-06 23:45:59",3262
"2019-11-07 00:45:58",3262
"2019-11-07 01:45:58",3262
"2019-11-07 02:45:59",3262
"2019-11-07 03:45:58",3262
"2019-11-07 04:46:02",3262
"2019-11-07 05:46:00",3262
"2019-11-07 06:45:57",3262
"2019-11-07 07:46:00",3262
"2019-11-07 08:45:59",3262
"2019-11-07 09:46:00",3262
"2019-11-07 10:45:56",3262
"2019-11-07 11:45:56",3262
"2019-11-07 12:45:58",3262
"2019-11-07 14:10:00",3262
"2019-11-07 14:46:31",3262
"2019-11-07 15:46:02",3265
"2019-11-07 16:46:01",3265
"2019-11-07 17:46:01",3265
"2019-11-07 18:46:00",3265
"2019-11-07 19:46:01",3267
"2019-11-07 21:10:36",3273
"2019-11-07 21:46:03",3273
"2019-11-07 22:46:06",3273
"2019-11-07 23:46:07",3274
"2019-11-08 00:46:09",3274
"2019-11-08 01:46:05",3274
"2019-11-08 02:46:11",3274
"2019-11-08 03:46:07",3274
"2019-11-08 04:46:06",3274
"2019-11-08 05:46:08",3274
"2019-11-08 06:46:02",3274
"2019-11-08 07:46:03",3274
"2019-11-08 08:46:09",3274
"2019-11-08 09:46:05",3274
"2019-11-08 10:46:04",3274
"2019-11-08 11:46:01",3274
"2019-11-08 12:46:02",3274
"2019-11-08 14:11:40",3275
"2019-11-08 14:46:40",3275
"2019-11-08 15:46:05",3274
"2019-11-08 16:46:04",3274
"2019-11-08 17:46:06",3274
"2019-11-08 18:46:05",3273
"2019-11-08 19:46:10",3275
"2019-11-08 20:46:04",3272
"2019-11-08 21:46:07",3274
"2019-11-08 22:46:06",3272
"2019-11-08 23:46:07",3273
"2019-11-09 00:46:07",3273
"2019-11-09 01:46:06",3273
"2019-11-09 02:46:06",3273
"2019-11-09 03:46:06",3273
"2019-11-09 04:46:08",3273
"2019-11-09 05:46:04",3273
"2019-11-09 06:46:05",3273
"2019-11-09 07:46:07",3273
"2019-11-09 08:46:07",3273
"2019-11-09 09:46:05",3273
"2019-11-09 10:46:03",3273
"2019-11-09 11:46:09",3273
"2019-11-09 12:46:05",3273
"2019-11-09 13:46:04",3273
"2019-11-09 14:46:08",3273
"2019-11-09 15:46:09",3273
"2019-11-09 16:46:05",3273
"2019-11-09 17:46:06",3273
"2019-11-09 18:46:03",3273
"2019-11-09 19:46:06",3273
"2019-11-09 20:46:09",3273
"2019-11-09 21:46:05",3273
"2019-11-09 22:46:09",3273
"2019-11-09 23:46:05",3273
"2019-11-10 00:46:04",3273
"2019-11-10 01:46:06",3273
"2019-11-10 02:46:08",3273
"2019-11-10 03:46:04",3273
"2019-11-10 04:46:05",3273
"2019-11-10 05:46:05",3273
"2019-11-10 06:46:04",3273
"2019-11-10 07:46:02",3273
"2019-11-10 08:46:09",3273
"2019-11-10 09:46:07",3273
"2019-11-10 10:46:03",3273
"2019-11-10 11:46:03",3273
"2019-11-10 12:46:06",3273
"2019-11-10 13:46:03",3273
"2019-11-10 14:46:02",3273
"2019-11-10 15:46:08",3273
"2019-11-10 16:46:04",3273
"2019-11-10 17:46:05",3273
"2019-11-10 18:46:07",3273
"2019-11-10 19:46:03",3273
"2019-11-10 20:46:04",3273
"2019-11-10 21:46:03",3273
"2019-11-10 22:46:06",3273
"2019-11-10 23:46:07",3273
"2019-11-11 00:46:05",3273
"2019-11-11 01:46:08",3273
"2019-11-11 02:46:06",3273
"2019-11-11 03:46:06",3273
"2019-11-11 04:46:07",3273
"2019-11-11 05:46:09",3273
"2019-11-11 06:46:05",3274
"2019-11-11 07:46:06",3274
"2019-11-11 08:46:10",3274
"2019-11-11 09:46:08",3274
"2019-11-11 10:46:07",3274
"2019-11-11 11:46:05",3274
"2019-11-11 12:46:07",3274
"2019-11-11 13:46:07",3274
"2019-11-11 14:46:11",3275
"2019-11-11 15:46:12",3275
"2019-11-11 16:46:08",3282
"2019-11-11 17:46:10",3285
"2019-11-11 18:46:12",3285
"2019-11-11 19:46:07",3286
"2019-11-11 21:46:07",3287
"2019-11-11 22:46:04",3285
"2019-11-11 23:46:05",3286
"2019-11-12 00:46:02",3286
"2019-11-12 01:46:04",3286
"2019-11-12 02:46:11",3286
"2019-11-12 03:46:06",3286
"2019-11-12 04:46:03",3286
"2019-11-12 05:46:08",3286
"2019-11-12 06:46:05",3286
"2019-11-12 07:46:08",3286
"2019-11-12 08:46:04",3286
"2019-11-12 09:46:03",3286
"2019-11-12 10:46:02",3286
"2019-11-12 11:46:08",3286
"2019-11-12 12:46:09",3286
"2019-11-12 14:10:08",3283
"2019-11-12 14:46:11",3283
"2019-11-12 15:46:05",3284
"2019-11-12 16:46:06",3279
"2019-11-12 17:46:08",3281
"2019-11-12 18:46:10",3283
"2019-11-12 19:46:03",3284
"2019-11-12 20:46:03",3284
"2019-11-12 21:46:04",3283
"2019-11-12 22:46:09",3283
"2019-11-12 23:46:05",3284
"2019-11-13 00:46:11",3284
"2019-11-13 01:46:05",3284
"2019-11-13 02:46:07",3284
"2019-11-13 03:46:08",3284
"2019-11-13 04:46:05",3284
"2019-11-13 05:46:15",3284
"2019-11-13 06:46:05",3284
"2019-11-13 07:46:12",3284
"2019-11-13 08:46:08",3284
"2019-11-13 09:46:06",3284
"2019-11-13 10:46:05",3284
"2019-11-13 11:46:11",3284
"2019-11-13 12:46:03",3284
"2019-11-13 13:46:03",3281
"2019-11-13 15:46:11",3277
"2019-11-13 16:46:04",3276
"2019-11-13 17:46:06",3270
"2019-11-13 18:46:09",3267
"2019-11-13 19:46:04",3268
"2019-11-13 20:46:04",3270
"2019-11-13 21:46:03",3268
"2019-11-13 22:46:06",3268
"2019-11-13 23:46:06",3268
"2019-11-14 00:46:04",3268
"2019-11-14 01:46:03",3268
"2019-11-14 02:46:11",3268
"2019-11-14 03:46:03",3268
"2019-11-14 04:46:03",3268
"2019-11-14 05:46:10",3268
"2019-11-14 06:46:02",3268
"2019-11-14 07:46:11",3268
"2019-11-14 08:46:08",3268
"2019-11-14 09:46:08",3268
"2019-11-14 10:46:07",3268
"2019-11-14 11:46:10",3268
"2019-11-14 12:46:02",3268
"2019-11-14 14:09:45",3266
"2019-11-14 14:46:08",3266
"2019-11-14 15:46:06",3269
"2019-11-14 17:46:07",3267
"2019-11-14 18:46:05",3267
"2019-11-14 19:46:05",3266
"2019-11-14 20:46:06",3268
"2019-11-14 21:46:12",3276
"2019-11-14 22:46:04",3274
"2019-11-14 23:46:07",3275
"2019-11-15 00:46:06",3275
"2019-11-15 01:46:06",3275
"2019-11-15 02:46:05",3275
"2019-11-15 03:46:06",3275
"2019-11-15 04:46:07",3275
"2019-11-15 05:46:07",3275
"2019-11-15 06:46:08",3274
"2019-11-15 07:46:05",3274
"2019-11-15 08:46:15",3274
"2019-11-15 09:46:04",3274
"2019-11-15 10:46:04",3274
"2019-11-15 11:46:04",3274
"2019-11-15 12:46:10",3274
"2019-11-15 14:12:38",3275
"2019-11-15 15:46:13",3277
"2019-11-15 16:46:04",3276
"2019-11-15 17:46:05",3271
"2019-11-15 18:46:13",3270
"2019-11-15 19:46:08",3273
"2019-11-15 20:46:10",3275
"2019-11-15 21:46:03",3275
"2019-11-15 22:46:06",3274
"2019-11-15 23:46:06",3274
"2019-11-16 00:46:08",3274
"2019-11-16 01:46:04",3274
"2019-11-16 02:46:07",3274
"2019-11-16 03:46:04",3274
"2019-11-16 04:46:06",3274
"2019-11-16 05:46:05",3274
"2019-11-16 06:46:06",3274
"2019-11-16 07:46:04",3274
"2019-11-16 08:46:06",3274
"2019-11-16 09:46:11",3274
"2019-11-16 10:46:03",3274
"2019-11-16 11:46:03",3274
"2019-11-16 12:46:09",3274
"2019-11-16 13:46:08",3274
"2019-11-16 14:46:06",3274
"2019-11-16 15:46:05",3274
"2019-11-16 16:46:04",3274
"2019-11-16 17:46:07",3274
"2019-11-16 18:46:03",3274
"2019-11-16 19:46:03",3274
"2019-11-16 20:46:02",3274
"2019-11-16 21:46:03",3274
"2019-11-16 22:46:04",3274
"2019-11-16 23:46:02",3274
"2019-11-17 00:46:03",3274
"2019-11-17 01:46:01",3274
"2019-11-17 02:46:07",3274
"2019-11-17 03:46:02",3274
"2019-11-17 04:46:05",3274
"2019-11-17 05:46:05",3274
"2019-11-17 06:46:05",3274
"2019-11-17 07:46:06",3274
"2019-11-17 08:46:04",3274
"2019-11-17 10:46:11",3274
"2019-11-17 11:46:07",3274
"2019-11-17 12:46:04",3274
"2019-11-17 13:46:04",3274
"2019-11-17 14:46:02",3274
"2019-11-17 15:46:02",3274
"2019-11-17 16:46:05",3274
"2019-11-17 17:46:01",3274
"2019-11-17 18:46:01",3274
"2019-11-17 19:46:03",3274
"2019-11-17 20:46:07",3274
"2019-11-17 21:46:07",3274
"2019-11-17 22:46:04",3274
"2019-11-17 23:46:07",3274
"2019-11-18 00:46:02",3274
"2019-11-18 01:46:02",3274
"2019-11-18 02:46:04",3274
"2019-11-18 03:46:03",3274
"2019-11-18 04:46:01",3274
"2019-11-18 05:46:04",3274
"2019-11-18 06:46:00",3274
"2019-11-18 07:46:02",3274
"2019-11-18 08:46:09",3274
"2019-11-18 09:46:09",3274
"2019-11-18 10:46:05",3274
"2019-11-18 11:46:01",3274
"2019-11-18 12:46:04",3274
"2019-11-18 14:11:11",3273
"2019-11-18 14:46:04",3273
"2019-11-18 15:46:10",3276
"2019-11-18 16:46:07",3270
"2019-11-18 17:46:09",3270
"2019-11-18 18:46:09",3274
"2019-11-18 19:46:05",3268
"2019-11-18 20:46:09",3265
"2019-11-18 21:46:06",3265
"2019-11-18 22:46:03",3265
"2019-11-18 23:46:06",3265
"2019-11-19 00:46:04",3265
"2019-11-19 01:46:05",3265
"2019-11-19 02:46:03",3265
"2019-11-19 03:46:03",3265
"2019-11-19 04:46:06",3265
"2019-11-19 05:46:02",3265
"2019-11-19 06:46:06",3265
"2019-11-19 07:46:03",3265
"2019-11-19 08:46:04",3265
"2019-11-19 09:46:10",3265
"2019-11-19 10:46:04",3265
"2019-11-19 11:46:02",3265
"2019-11-19 12:46:04",3265
"2019-11-19 14:11:10",3264
"2019-11-19 14:46:06",3264
"2019-11-19 15:46:07",3266
"2019-11-19 16:46:04",3269
"2019-11-19 17:46:11",3274
"2019-11-19 18:46:03",3274
"2019-11-19 19:46:07",3273
"2019-11-19 20:46:06",3272
"2019-11-19 21:46:09",3273
"2019-11-19 22:46:05",3273
"2019-11-19 23:46:05",3274
"2019-11-20 00:46:07",3274
"2019-11-20 01:46:06",3274
"2019-11-20 02:46:07",3274
"2019-11-20 03:46:07",3274
"2019-11-20 04:46:05",3274
"2019-11-20 05:46:07",3274
"2019-11-20 06:46:07",3274
"2019-11-20 07:46:08",3274
"2019-11-20 08:46:12",3274
"2019-11-20 09:46:16",3274
"2019-11-20 10:46:16",3274
"2019-11-20 11:46:13",3274
"2019-11-20 12:46:13",3274
"2019-11-20 14:10:45",3270
"2019-11-20 14:46:14",3270
"2019-11-20 15:46:11",3274
"2019-11-20 16:46:12",3274
"2019-11-20 22:46:09",3276
"2019-11-20 23:46:04",3276
"2019-11-21 00:46:03",3276
"2019-11-21 01:46:04",3276
"2019-11-21 02:46:07",3276
"2019-11-21 03:46:05",3276
"2019-11-21 04:46:02",3276
"2019-11-21 05:46:05",3276
"2019-11-21 06:46:07",3276
"2019-11-21 07:46:02",3276
"2019-11-21 08:46:03",3276
"2019-11-21 09:46:04",3276
"2019-11-21 10:46:05",3276
"2019-11-21 11:46:04",3276
"2019-11-21 12:46:03",3276
"2019-11-21 14:10:07",3277
"2019-11-21 14:46:10",3277
"2019-11-21 15:46:03",3280
"2019-11-21 16:46:05",3276
"2019-11-21 17:46:06",3276
"2019-11-21 18:46:02",3277
"2019-11-21 19:46:02",3276
"2019-11-21 20:46:02",3276
"2019-11-21 21:46:03",3276
"2019-11-21 22:46:03",3276
"2019-11-21 23:46:03",3276
"2019-11-22 00:46:03",3276
"2019-11-22 01:46:07",3276
"2019-11-22 02:46:03",3276
"2019-11-22 03:46:02",3276
"2019-11-22 04:46:01",3276
"2019-11-22 05:46:07",3276
"2019-11-22 06:46:04",3276
"2019-11-22 07:46:07",3276
"2019-11-22 08:46:11",3276
"2019-11-22 09:46:10",3276
"2019-11-22 10:46:09",3276
"2019-11-22 11:46:05",3276
"2019-11-22 12:47:04",3276
"2019-11-22 13:46:02",3276
"2019-11-22 14:46:05",3276
"2019-11-22 15:46:01",3277
"2019-11-22 16:46:02",3281
"2019-11-22 17:46:07",3279
"2019-11-22 18:46:07",3280
"2019-11-22 19:46:02",3278
"2019-11-22 20:46:03",3276
"2019-11-22 21:46:03",3276
"2019-11-22 22:46:02",3276
"2019-11-22 23:46:05",3278
"2019-11-23 00:46:10",3278
"2019-11-23 01:46:03",3278
"2019-11-23 02:46:02",3278
"2019-11-23 03:46:02",3278
"2019-11-23 04:46:08",3278
"2019-11-23 05:46:03",3278
"2019-11-23 06:46:04",3278
"2019-11-23 07:46:04",3278
"2019-11-23 08:46:05",3278
"2019-11-23 09:46:06",3278
"2019-11-23 10:46:05",3278
"2019-11-23 11:46:01",3278
"2019-11-23 12:46:02",3278
"2019-11-23 13:46:02",3278
"2019-11-23 14:46:03",3278
"2019-11-23 15:46:02",3278
"2019-11-23 16:46:02",3278
"2019-11-23 17:46:03",3278
"2019-11-23 18:46:03",3278
"2019-11-23 19:46:04",3278
"2019-11-23 20:46:00",3278
"2019-11-23 21:46:04",3278
"2019-11-23 22:46:00",3278
"2019-11-23 23:46:00",3278
"2019-11-24 00:46:05",3278
"2019-11-24 01:46:01",3278
"2019-11-24 02:46:01",3278
"2019-11-24 03:46:01",3278
"2019-11-24 04:45:59",3278
"2019-11-24 05:46:00",3278
"2019-11-24 06:46:01",3278
"2019-11-24 07:45:59",3278
"2019-11-24 08:46:03",3278
"2019-11-24 09:46:06",3278
"2019-11-24 10:46:04",3278
"2019-11-24 11:46:02",3278
"2019-11-24 12:46:00",3278
"2019-11-24 13:45:59",3278
"2019-11-24 14:46:02",3278
"2019-11-24 15:46:03",3278
"2019-11-24 16:46:01",3278
"2019-11-24 17:46:01",3278
"2019-11-24 18:46:03",3278
"2019-11-24 19:46:01",3278
"2019-11-24 20:46:04",3278
"2019-11-24 21:46:01",3278
"2019-11-24 22:46:06",3278
"2019-11-24 23:46:02",3278
"2019-11-25 00:46:02",3278
"2019-11-25 01:46:06",3278
"2019-11-25 02:46:03",3278
"2019-11-25 04:46:00",3278
"2019-11-25 05:46:03",3278
"2019-11-25 06:46:02",3278
"2019-11-25 07:46:02",3278
"2019-11-25 08:46:09",3278
"2019-11-25 09:46:08",3278
"2019-11-25 10:46:08",3278
"2019-11-25 11:46:06",3278
"2019-11-25 12:46:06",3278
"2019-11-25 13:46:01",3278
"2019-11-25 14:46:04",3279
"2019-11-25 15:46:07",3279
"2019-11-25 16:46:02",3279
"2019-11-25 17:46:08",3279
"2019-11-25 18:46:01",3280
"2019-11-25 19:46:04",3283
"2019-11-25 20:46:04",3286
"2019-11-25 21:46:02",3286
"2019-11-25 22:46:09",3286
"2019-11-25 23:46:03",3286
"2019-11-26 00:46:05",3286
"2019-11-26 01:46:04",3286
"2019-11-26 02:46:06",3286
"2019-11-26 03:46:05",3286
"2019-11-26 04:46:03",3286
"2019-11-26 05:46:08",3286
"2019-11-26 06:46:14",3286
"2019-11-26 07:46:04",3286
"2019-11-26 08:46:08",3286
"2019-11-26 20:46:09",3292
"2019-11-26 21:46:05",3292
"2019-11-26 22:46:10",3292
"2019-11-26 23:46:05",3292
"2019-11-27 00:46:08",3292
"2019-11-27 01:46:05",3292
"2019-11-27 02:46:03",3292
"2019-11-27 03:46:05",3292
"2019-11-27 04:46:03",3292
"2019-11-27 05:46:06",3292
"2019-11-27 06:46:05",3292
"2019-11-27 07:46:05",3292
"2019-11-27 08:46:12",3292
"2019-11-27 09:46:12",3292
"2019-11-27 10:46:03",3292
"2019-11-27 11:46:01",3292
"2019-11-27 12:46:11",3292
"2019-11-27 13:46:03",3292
"2019-11-27 14:46:06",3292
"2019-11-27 15:46:11",3294
"2019-11-27 16:46:07",3295
"2019-11-27 17:46:05",3294
"2019-11-27 18:46:07",3296
"2019-11-27 19:46:07",3296
"2019-11-27 20:46:04",3296
"2019-11-27 21:46:03",3295
"2019-11-27 22:46:06",3295
"2019-11-27 23:46:05",3295
"2019-11-28 00:46:05",3295
"2019-11-28 01:46:06",3295
"2019-11-28 02:46:10",3295
"2019-11-28 03:46:08",3295
"2019-11-28 04:46:06",3295
"2019-11-28 05:46:04",3295
"2019-11-28 06:46:04",3295
"2019-11-28 07:46:07",3295
"2019-11-28 08:46:06",3295
"2019-11-28 09:46:13",3295
"2019-11-28 10:46:09",3295
"2019-11-28 11:46:04",3295
"2019-11-28 12:46:04",3295
"2019-11-28 13:46:02",3295
"2019-11-28 14:46:03",3295
"2019-11-28 15:46:04",3295
"2019-11-28 16:46:04",3295
"2019-11-28 17:46:05",3295
"2019-11-28 18:46:04",3295
"2019-11-28 19:46:03",3295
"2019-11-28 20:46:02",3295
"2019-11-28 21:46:04",3295
"2019-11-28 22:46:02",3295
"2019-11-28 23:46:05",3295
"2019-11-29 00:46:04",3295
"2019-11-29 01:46:04",3295
"2019-11-29 02:46:04",3295
"2019-11-29 04:46:07",3295
"2019-11-29 05:46:07",3295
"2019-11-29 06:46:04",3295
"2019-11-29 07:46:07",3295
"2019-11-29 08:46:16",3295
"2019-11-29 09:46:18",3295
"2019-11-29 10:46:27",3295
"2019-11-29 11:46:11",3295
"2019-11-29 12:46:11",3295
"2019-11-29 13:46:14",3295
"2019-11-29 14:46:16",3295
"2019-11-29 15:46:12",3298
"2019-11-29 16:46:16",3301
"2019-11-29 17:46:18",3300
"2019-11-29 18:46:14",3299
"2019-11-29 20:46:11",3301
"2019-11-29 21:46:03",3297
"2019-11-29 22:46:13",3297
"2019-11-29 23:46:10",3297
"2019-11-30 00:46:06",3297
"2019-11-30 01:46:04",3297
"2019-11-30 02:46:06",3297
"2019-11-30 03:46:08",3297
"2019-11-30 04:46:09",3297
"2019-11-30 05:46:12",3297
"2019-11-30 06:46:09",3297
"2019-11-30 07:46:09",3297
"2019-11-30 08:46:08",3297
"2019-11-30 21:46:35",3297
"2019-11-30 22:46:15",3297
"2019-11-30 23:46:08",3297
"2019-12-01 00:46:10",3297
"2019-12-01 01:46:05",3297
"2019-12-01 02:46:14",3297
"2019-12-01 22:46:19",3297
"2019-12-01 23:46:05",3297
"2019-12-02 00:46:03",3297
"2019-12-02 01:46:10",3297
"2019-12-02 02:46:07",3297
"2019-12-02 06:20:08",3297
"2019-12-02 06:48:44",3297
"2019-12-02 07:48:49",3297
"2019-12-02 08:48:40",3297
"2019-12-02 09:48:40",3297
"2019-12-02 10:48:41",3297
"2019-12-02 11:48:42",3297
"2019-12-02 12:48:37",3297
"2019-12-02 14:10:51",3297
"2019-12-02 14:48:46",3297
"2019-12-02 15:48:49",3297
"2019-12-02 16:48:42",3295
"2019-12-02 17:49:09",3293
"2019-12-02 18:49:06",3293
"2019-12-02 19:49:08",3293
"2019-12-02 20:49:01",3294
"2019-12-02 21:49:05",3294
"2019-12-02 22:49:30",3292
"2019-12-02 23:49:08",3292
"2019-12-03 00:48:48",3292
"2019-12-03 01:49:08",3292
"2019-12-03 02:49:03",3292
"2019-12-03 03:49:05",3292
"2019-12-03 04:49:06",3292
"2019-12-03 05:49:09",3292
"2019-12-03 06:48:42",3292
"2019-12-03 07:48:40",3292
"2019-12-03 08:48:40",3292
"2019-12-03 09:49:01",3292
"2019-12-03 10:49:06",3292
"2019-12-03 11:48:50",3292
"2019-12-03 12:48:37",3292
"2019-12-03 13:48:34",3292
"2019-12-03 14:49:07",3292
"2019-12-03 15:48:40",3289
"2019-12-03 16:49:06",3289
"2019-12-03 17:49:03",3289
"2019-12-03 18:49:02",3291
"2019-12-03 19:49:01",3290
"2019-12-03 20:49:02",3294
"2019-12-03 21:49:36",3292
"2019-12-03 22:49:05",3292
"2019-12-03 23:49:26",3292
"2019-12-04 00:49:44",3292
"2019-12-04 01:49:48",3292
"2019-12-04 02:49:28",3292
"2019-12-04 03:49:14",3292
"2019-12-04 04:49:12",3292
"2019-12-04 06:49:16",3290
"2019-12-04 07:49:12",3290
"2019-12-04 08:48:50",3290
"2019-12-04 09:48:52",3290
"2019-12-04 10:48:47",3290
"2019-12-04 11:48:51",3290
"2019-12-04 12:48:48",3290
"2019-12-04 14:10:22",3290
"2019-12-04 14:49:22",3290
"2019-12-04 15:49:18",3287
"2019-12-04 16:49:11",3287
"2019-12-04 17:49:12",3285
"2019-12-04 18:49:12",3289
"2019-12-04 19:49:14",3292
"2019-12-04 20:49:09",3290
"2019-12-04 21:49:05",3292
"2019-12-04 22:49:05",3292
"2019-12-04 23:49:06",3292
"2019-12-05 00:49:11",3292
"2019-12-05 01:49:10",3292
"2019-12-05 02:49:09",3292
"2019-12-05 03:49:10",3292
"2019-12-05 04:49:08",3292
"2019-12-05 06:49:09",3292
"2019-12-05 07:48:43",3292
"2019-12-05 08:49:07",3292
"2019-12-05 09:48:38",3292
"2019-12-05 10:48:38",3292
"2019-12-05 11:48:39",3292
"2019-12-05 12:48:37",3292
"2019-12-05 13:49:05",3292
"2019-12-05 14:49:12",3293
"2019-12-05 15:49:06",3293
"2019-12-05 16:49:06",3293
"2019-12-05 17:49:05",3297
"2019-12-05 18:49:07",3297
"2019-12-05 20:10:53",3300
"2019-12-05 20:49:18",3300
"2019-12-05 21:49:04",3298
"2019-12-05 22:49:06",3298
"2019-12-05 23:48:45",3299
"2019-12-06 00:49:06",3299
"2019-12-06 01:49:04",3299
"2019-12-06 02:49:12",3299
"2019-12-06 03:49:07",3299
"2019-12-06 04:49:04",3299
"2019-12-06 05:49:20",3297
"2019-12-06 06:49:19",3297
"2019-12-06 07:49:12",3297
"2019-12-06 08:49:08",3297
"2019-12-06 09:49:00",3297
"2019-12-06 10:49:08",3297
"2019-12-06 11:49:00",3297
"2019-12-06 12:48:49",3297
"2019-12-06 13:50:17",3297
"2019-12-06 14:49:16",3297
"2019-12-06 15:49:42",3297
"2019-12-06 16:49:09",3298
"2019-12-06 17:49:05",3296
"2019-12-06 18:49:06",3295
"2019-12-06 19:49:09",3296
"2019-12-06 20:49:06",3296
"2019-12-06 21:48:38",3297
"2019-12-06 22:48:41",3298
"2019-12-06 23:48:44",3298
"2019-12-07 00:48:53",3298
"2019-12-07 01:49:45",3298
"2019-12-07 02:49:10",3298
"2019-12-07 03:49:07",3298
"2019-12-07 04:48:49",3298
"2019-12-07 05:49:34",3298
"2019-12-07 06:48:42",3298
"2019-12-07 07:48:46",3298
"2019-12-07 08:48:42",3298
"2019-12-07 09:48:41",3298
"2019-12-07 10:48:40",3298
"2019-12-07 11:48:39",3298
"2019-12-07 12:48:57",3298
"2019-12-07 13:49:29",3298
"2019-12-07 14:49:11",3298
"2019-12-07 15:49:12",3298
"2019-12-07 16:49:08",3298
"2019-12-07 17:49:13",3298
"2019-12-07 18:49:08",3298
"2019-12-07 19:48:44",3298
"2019-12-07 20:49:08",3298
"2019-12-07 21:49:13",3298
"2019-12-07 22:48:47",3298
"2019-12-07 23:48:43",3298
"2019-12-08 00:49:03",3298
"2019-12-08 01:48:41",3298
"2019-12-08 02:49:11",3298
"2019-12-08 03:49:08",3298
"2019-12-08 04:49:04",3298
"2019-12-08 05:49:12",3298
"2019-12-08 06:49:10",3298
"2019-12-08 07:49:07",3298
"2019-12-08 08:49:06",3298
"2019-12-08 09:49:05",3298
"2019-12-08 10:49:07",3298
"2019-12-08 11:48:41",3298
"2019-12-08 12:48:48",3298
"2019-12-08 13:49:02",3298
"2019-12-08 14:49:03",3298
"2019-12-08 15:48:44",3298
"2019-12-08 16:49:07",3298
"2019-12-08 17:49:10",3298
"2019-12-08 18:48:41",3298
"2019-12-08 19:49:02",3298
"2019-12-08 20:49:03",3298
"2019-12-08 21:49:10",3298
"2019-12-08 22:49:10",3298
"2019-12-08 23:49:08",3298
"2019-12-09 00:49:07",3298
"2019-12-09 01:48:41",3298
"2019-12-09 02:49:04",3298
"2019-12-09 03:49:16",3298
"2019-12-09 04:48:44",3298
"2019-12-09 05:48:50",3298
"2019-12-09 06:49:09",3298
"2019-12-09 07:48:47",3298
"2019-12-09 08:48:46",3298
"2019-12-09 09:48:39",3298
"2019-12-09 10:48:42",3298
"2019-12-09 11:48:37",3298
"2019-12-09 12:48:47",3298
"2019-12-09 14:11:22",3298
"2019-12-09 14:48:55",3298
"2019-12-09 15:48:57",3303
"2019-12-09 16:49:20",3303
"2019-12-09 17:49:27",3303
"2019-12-09 18:48:56",3298
"2019-12-09 19:48:41",3298
"2019-12-09 20:49:18",3300
"2019-12-09 21:49:13",3301
"2019-12-09 22:48:43",3301
"2019-12-09 23:49:04",3301
"2019-12-10 00:49:17",3301
"2019-12-10 01:49:06",3301
"2019-12-10 02:49:11",3301
"2019-12-10 03:49:16",3301
"2019-12-10 04:49:09",3301
"2019-12-10 05:49:18",3301
"2019-12-10 06:49:13",3301
"2019-12-10 07:49:08",3301
"2019-12-10 08:49:13",3301
"2019-12-10 09:48:44",3301
"2019-12-10 10:48:44",3301
"2019-12-10 11:48:42",3301
"2019-12-10 12:49:16",3301
"2019-12-10 13:48:40",3301
"2019-12-10 14:48:48",3301
"2019-12-10 15:48:47",3307
"2019-12-10 16:49:21",3313
"2019-12-10 17:49:07",3316
"2019-12-10 18:49:04",3315
"2019-12-10 19:48:46",3316
"2019-12-10 20:49:07",3321
"2019-12-10 21:49:05",3321
"2019-12-10 22:49:14",3322
"2019-12-10 23:49:20",3319
"2019-12-11 00:49:20",3319
"2019-12-11 01:49:23",3319
"2019-12-11 02:49:37",3319
"2019-12-11 03:49:11",3319
"2019-12-11 04:49:19",3319
"2019-12-11 05:49:18",3319
"2019-12-11 06:48:55",3319
"2019-12-11 07:48:54",3319
"2019-12-11 08:49:06",3319
"2019-12-11 09:48:52",3319
"2019-12-11 10:48:56",3319
"2019-12-11 11:49:02",3319
"2019-12-11 12:49:16",3319
"2019-12-11 13:49:02",3319
"2019-12-11 14:49:46",3319
"2019-12-11 15:49:00",3323
"2019-12-11 16:49:21",3319
"2019-12-11 17:49:28",3321
"2019-12-11 18:49:20",3323
"2019-12-11 19:49:28",3325
"2019-12-11 20:49:25",3324
"2019-12-11 21:49:12",3324
"2019-12-11 22:49:16",3323
"2019-12-11 23:49:21",3322
"2019-12-12 00:48:59",3322
"2019-12-12 01:49:41",3322
"2019-12-12 02:49:21",3322
"2019-12-12 03:48:59",3322
"2019-12-12 04:49:19",3322
"2019-12-12 05:49:17",3321
"2019-12-12 06:49:24",3321
"2019-12-12 07:49:15",3321
"2019-12-12 08:48:54",3321
"2019-12-12 09:49:12",3321
"2019-12-12 10:49:12",3321
"2019-12-12 11:48:53",3321
"2019-12-12 12:48:51",3321
"2019-12-12 14:09:53",3321
"2019-12-12 15:49:03",3318
"2019-12-12 16:49:22",3317
"2019-12-12 17:48:57",3318
"2019-12-12 18:48:57",3315
"2019-12-12 19:49:02",3315
"2019-12-12 20:49:07",3314
"2019-12-12 21:48:57",3316
"2019-12-12 22:48:54",3316
"2019-12-12 23:49:03",3315
"2019-12-13 00:50:05",3315
"2019-12-13 01:50:34",3315
"2019-12-13 02:50:27",3315
"2019-12-13 03:50:43",3315
"2019-12-13 04:50:28",3315
"2019-12-13 05:50:50",3315
"2019-12-13 06:51:02",3315
"2019-12-13 07:50:26",3315
"2019-12-13 08:50:09",3315
"2019-12-13 09:50:21",3315
"2019-12-13 10:49:46",3315
"2019-12-13 11:49:59",3315
"2019-12-13 12:50:16",3315
"2019-12-13 14:42:02",3314
"2019-12-13 14:51:13",3314
"2019-12-13 15:50:45",3318
"2019-12-13 16:50:23",3316
"2019-12-13 17:50:31",3316
"2019-12-13 18:50:29",3315
"2019-12-13 19:50:20",3314
"2019-12-13 20:50:56",3314
"2019-12-13 21:50:16",3315
"2019-12-13 22:50:15",3315
"2019-12-13 23:49:55",3315
"2019-12-14 00:50:18",3315
"2019-12-14 01:50:11",3315
"2019-12-14 02:50:17",3315
"2019-12-14 03:50:08",3315
"2019-12-14 04:50:19",3315
"2019-12-14 05:50:23",3315
"2019-12-14 06:50:17",3315
"2019-12-14 07:49:40",3315
"2019-12-14 08:50:04",3315
"2019-12-14 09:49:51",3315
"2019-12-14 10:49:48",3315
"2019-12-14 11:49:53",3315
"2019-12-14 12:49:50",3315
"2019-12-14 13:50:38",3315
"2019-12-14 14:50:12",3315
"2019-12-14 15:50:23",3315
"2019-12-14 16:50:30",3315
"2019-12-14 17:50:09",3315
"2019-12-14 18:50:31",3315
"2019-12-14 19:50:08",3315
"2019-12-14 22:50:27",3315
"2019-12-14 23:50:06",3315
"2019-12-15 00:50:16",3315
"2019-12-15 01:50:40",3315
"2019-12-15 02:50:28",3315
"2019-12-15 03:50:17",3315
"2019-12-15 04:50:28",3315
"2019-12-15 05:49:50",3315
"2019-12-15 06:50:16",3315
"2019-12-15 07:49:55",3315
"2019-12-15 08:49:56",3315
"2019-12-15 09:49:38",3315
"2019-12-15 10:49:43",3315
"2019-12-15 11:50:01",3315
"2019-12-15 13:49:55",3315
"2019-12-15 14:49:47",3315
"2019-12-15 15:50:33",3315
"2019-12-15 16:50:13",3315
"2019-12-15 17:50:23",3315
"2019-12-15 19:50:11",3315
"2019-12-15 20:50:15",3315
"2019-12-15 21:50:09",3315
"2019-12-15 22:49:58",3315
"2019-12-15 23:50:21",3315
"2019-12-16 00:50:13",3315
"2019-12-16 01:50:38",3315
"2019-12-16 02:50:06",3315
"2019-12-16 04:51:02",3315
"2019-12-16 05:50:32",3315
"2019-12-16 06:50:30",3316
"2019-12-16 07:49:56",3316
"2019-12-16 08:49:43",3316
"2019-12-16 09:49:53",3316
"2019-12-16 10:49:51",3316
"2019-12-16 11:50:05",3316
"2019-12-16 12:50:06",3316
"2019-12-16 13:50:07",3316
"2019-12-16 14:52:32",3315
"2019-12-16 16:09:23",3309
"2019-12-16 16:51:02",3309
"2019-12-16 17:50:38",3307
"2019-12-16 18:50:46",3307
"2019-12-16 19:50:22",3303
"2019-12-16 20:50:27",3304
"2019-12-16 21:50:18",3302
"2019-12-16 22:50:22",3303
"2019-12-16 23:50:04",3303
"2019-12-17 00:50:00",3303
"2019-12-17 01:50:18",3303
"2019-12-17 02:50:43",3303
"2019-12-17 03:50:23",3303
"2019-12-17 05:50:29",3301
"2019-12-17 06:50:39",3301
"2019-12-17 07:50:06",3301
"2019-12-17 08:50:31",3301
"2019-12-17 09:49:48",3301
"2019-12-17 10:49:59",3301
"2019-12-17 11:49:43",3301
"2019-12-17 12:49:45",3301
"2019-12-17 14:10:52",3301
"2019-12-17 14:51:15",3301
"2019-12-17 15:50:51",3294
"2019-12-17 16:50:27",3285
"2019-12-17 17:50:36",3286
"2019-12-17 18:50:22",3284
"2019-12-17 19:50:47",3283
"2019-12-17 20:50:38",3281
"2019-12-17 21:50:06",3278
"2019-12-17 22:50:16",3279
"2019-12-17 23:50:22",3280
"2019-12-18 01:50:59",3280
"2019-12-18 02:50:33",3280
"2019-12-18 03:50:15",3280
"2019-12-18 04:49:49",3280
"2019-12-18 05:50:19",3280
"2019-12-18 06:50:11",3280
"2019-12-18 07:49:58",3280
"2019-12-18 08:50:20",3280
"2019-12-18 09:49:53",3279
"2019-12-18 10:49:54",3279
"2019-12-18 11:49:58",3279
"2019-12-18 12:49:54",3279
"2019-12-18 14:09:53",3279
"2019-12-18 14:51:26",3279
"2019-12-18 15:50:34",3276
"2019-12-18 16:50:32",3275
"2019-12-18 17:50:44",3273
"2019-12-18 18:50:31",3273
"2019-12-18 19:50:22",3273
"2019-12-18 20:50:28",3273
"2019-12-18 21:50:06",3273
"2019-12-18 22:50:17",3275
"2019-12-18 23:50:10",3274
"2019-12-19 00:50:24",3274
"2019-12-19 01:50:08",3274
"2019-12-19 02:50:36",3274
"2019-12-19 03:50:08",3274
"2019-12-19 04:50:16",3274
"2019-12-19 05:49:55",3274
"2019-12-19 06:50:30",3274
"2019-12-19 07:50:07",3274
"2019-12-19 08:49:49",3274
"2019-12-19 09:49:48",3274
"2019-12-19 10:49:39",3274
"2019-12-19 11:49:34",3274
"2019-12-19 12:49:59",3274
"2019-12-19 14:11:25",3274
"2019-12-19 14:51:01",3274
"2019-12-19 15:51:31",3275
"2019-12-19 16:50:59",3278
"2019-12-19 17:50:48",3279
"2019-12-19 18:50:35",3281
"2019-12-19 19:50:37",3280
"2019-12-19 21:11:28",3277
"2019-12-19 21:50:36",3277
"2019-12-19 22:50:37",3278
"2019-12-19 23:50:44",3278
"2019-12-20 00:50:38",3278
"2019-12-20 01:50:31",3278
"2019-12-20 02:50:32",3278
"2019-12-20 03:50:32",3278
"2019-12-20 04:50:48",3278
"2019-12-20 05:50:30",3278
"2019-12-20 06:50:53",3278
"2019-12-20 07:50:34",3278
"2019-12-20 08:50:32",3278
"2019-12-20 09:50:22",3278
"2019-12-20 10:49:39",3278
"2019-12-20 11:50:11",3278
"2019-12-20 12:50:27",3278
"2019-12-20 14:10:24",3278
"2019-12-20 14:51:51",3278
"2019-12-20 15:51:31",3271
"2019-12-20 16:51:28",3276
"2019-12-20 17:51:22",3280
"2019-12-20 18:51:03",3280
"2019-12-20 19:51:21",3280
"2019-12-20 20:51:20",3281
"2019-12-20 21:50:41",3276
"2019-12-20 22:50:36",3276
"2019-12-20 23:50:45",3277
"2019-12-21 00:50:30",3277
"2019-12-21 01:50:40",3277
"2019-12-21 02:51:05",3277
"2019-12-21 03:50:25",3277
"2019-12-21 04:50:49",3277
"2019-12-21 05:50:13",3277
"2019-12-21 06:50:22",3277
"2019-12-21 07:50:25",3277
"2019-12-21 08:50:14",3277
"2019-12-21 09:49:49",3277
"2019-12-21 10:49:51",3277
"2019-12-21 11:49:37",3277
"2019-12-21 12:50:05",3277
"2019-12-21 13:50:01",3277
"2019-12-21 14:50:17",3277
"2019-12-21 15:50:10",3277
"2019-12-21 16:50:44",3277
"2019-12-21 17:50:13",3277
"2019-12-21 18:50:06",3277
"2019-12-21 19:50:10",3277
"2019-12-21 20:50:07",3277
"2019-12-21 22:50:45",3277
"2019-12-21 23:49:48",3277
"2019-12-22 00:50:01",3277
"2019-12-22 01:49:58",3277
"2019-12-22 02:50:06",3277
"2019-12-22 04:50:19",3277
"2019-12-22 05:50:00",3277
"2019-12-22 06:49:43",3277
"2019-12-22 07:49:57",3277
"2019-12-22 08:49:58",3277
"2019-12-22 09:49:41",3277
"2019-12-22 10:49:44",3277
"2019-12-22 11:49:32",3277
"2019-12-22 12:49:47",3277
"2019-12-22 13:49:57",3277
"2019-12-22 14:50:05",3277
"2019-12-22 15:50:33",3277
"2019-12-22 16:50:17",3277
"2019-12-22 17:50:05",3277
"2019-12-22 18:50:06",3277
"2019-12-22 19:50:37",3277
"2019-12-22 20:50:30",3277
"2019-12-22 22:50:02",3277
"2019-12-22 23:50:26",3277
"2019-12-23 00:50:36",3277
"2019-12-23 01:50:40",3277
"2019-12-23 02:50:21",3277
"2019-12-23 03:50:31",3277
"2019-12-23 04:50:44",3277
"2019-12-23 05:50:20",3277
"2019-12-23 06:50:23",3277
"2019-12-23 07:49:53",3276
"2019-12-23 08:49:57",3276
"2019-12-23 09:49:35",3276
"2019-12-23 10:49:44",3276
"2019-12-23 11:49:59",3276
"2019-12-23 12:50:05",3276
"2019-12-23 14:11:28",3276
"2019-12-23 14:51:49",3276
"2019-12-23 15:50:40",3283
"2019-12-23 16:50:27",3284
"2019-12-23 17:50:52",3287
"2019-12-23 18:50:49",3291
"2019-12-23 19:50:50",3290
"2019-12-23 20:50:52",3289
"2019-12-23 21:50:40",3287
"2019-12-23 22:50:23",3288
"2019-12-23 23:50:39",3289
"2019-12-24 00:50:11",3289
"2019-12-24 01:50:18",3289
"2019-12-24 02:50:47",3289
"2019-12-24 03:50:56",3289
"2019-12-24 04:50:47",3289
"2019-12-24 05:50:14",3289
"2019-12-24 06:50:43",3289
"2019-12-24 07:49:59",3289
"2019-12-24 08:50:09",3289
"2019-12-24 09:49:58",3289
"2019-12-24 10:49:34",3289
"2019-12-24 11:49:57",3289
"2019-12-24 12:49:47",3289
"2019-12-24 13:49:58",3289
"2019-12-24 14:51:34",3289
"2019-12-24 15:50:30",3289
"2019-12-24 16:50:13",3292
"2019-12-24 17:50:16",3293
"2019-12-24 18:50:08",3295
"2019-12-24 20:49:59",3294
"2019-12-24 21:49:59",3294
"2019-12-24 22:50:43",3294
"2019-12-24 23:50:17",3294
"2019-12-25 00:50:32",3294
"2019-12-25 01:49:51",3294
"2019-12-25 02:49:53",3294
"2019-12-25 03:50:16",3294
"2019-12-25 04:50:30",3294
"2019-12-25 05:50:27",3294
"2019-12-25 06:50:14",3294
"2019-12-25 07:50:08",3294
"2019-12-25 08:50:32",3294
"2019-12-25 09:49:59",3294
"2019-12-25 10:49:49",3294
"2019-12-25 11:49:46",3294
"2019-12-25 12:49:43",3294
"2019-12-25 13:49:47",3294
"2019-12-25 14:50:11",3294
"2019-12-25 15:50:29",3294
"2019-12-25 16:50:09",3294
"2019-12-25 17:50:26",3294
"2019-12-25 18:49:55",3294
"2019-12-25 19:50:00",3294
"2019-12-25 20:49:57",3294
"2019-12-25 21:50:05",3294
"2019-12-25 22:50:00",3294
"2019-12-25 23:50:03",3294
"2019-12-26 00:50:19",3294
"2019-12-26 01:50:24",3294
"2019-12-26 02:50:37",3294
"2019-12-26 03:50:44",3294
"2019-12-26 04:50:45",3294
"2019-12-26 05:50:17",3294
"2019-12-26 06:50:26",3294
"2019-12-26 07:50:24",3294
"2019-12-26 08:49:48",3294
"2019-12-26 09:49:43",3294
"2019-12-26 10:49:55",3294
"2019-12-26 11:49:37",3294
"2019-12-26 12:49:36",3294
"2019-12-26 13:50:14",3294
"2019-12-26 14:51:02",3294
"2019-12-26 15:50:48",3297
"2019-12-26 16:50:29",3300
"2019-12-26 17:51:03",3299
"2019-12-26 18:50:26",3300
"2019-12-26 19:50:18",3302
"2019-12-26 20:51:13",3299
"2019-12-26 21:50:41",3304
"2019-12-26 23:50:29",3305
"2019-12-27 00:50:06",3305
"2019-12-27 01:50:53",3305
"2019-12-27 02:51:04",3305
"2019-12-27 03:50:23",3305
"2019-12-27 04:50:50",3305
"2019-12-27 05:50:55",3305
"2019-12-27 06:50:51",3305
"2019-12-27 07:50:12",3305
"2019-12-27 08:50:28",3305
"2019-12-27 09:49:54",3305
"2019-12-27 10:49:41",3305
"2019-12-27 11:49:46",3305
"2019-12-27 12:49:56",3305
"2019-12-27 14:11:25",3304
"2019-12-27 14:51:09",3304
"2019-12-27 15:50:44",3301
"2019-12-27 16:50:31",3300
"2019-12-27 17:50:29",3299
"2019-12-27 18:50:41",3299
"2019-12-27 19:51:17",3300
"2019-12-27 20:50:31",3298
"2019-12-27 21:51:04",3302
"2019-12-27 22:50:42",3303
"2019-12-27 23:50:05",3303
"2019-12-28 00:50:44",3303
"2019-12-28 01:50:19",3303
"2019-12-28 02:50:21",3303
"2019-12-28 03:50:20",3303
"2019-12-28 04:50:37",3303
"2019-12-28 05:50:41",3302
"2019-12-28 06:50:40",3302
"2019-12-28 07:50:16",3302
"2019-12-28 08:50:31",3302
"2019-12-28 09:50:03",3302
"2019-12-28 10:50:13",3302
"2019-12-28 11:49:55",3302
"2019-12-28 12:49:37",3302
"2019-12-28 13:50:01",3302
"2019-12-28 14:50:31",3302
"2019-12-28 15:50:48",3302
"2019-12-28 16:50:23",3302
"2019-12-28 17:50:42",3302
"2019-12-28 18:50:18",3302
"2019-12-28 19:50:18",3302
"2019-12-28 20:50:50",3302
"2019-12-28 21:50:09",3302
"2019-12-28 22:50:14",3302
"2019-12-28 23:50:23",3302
"2019-12-29 00:50:18",3302
"2019-12-29 01:50:53",3302
"2019-12-29 02:50:30",3302
"2019-12-29 03:51:00",3302
"2019-12-29 05:50:44",3302
"2019-12-29 06:50:43",3302
"2019-12-29 07:50:10",3302
"2019-12-29 08:50:37",3302
"2019-12-29 09:50:02",3302
"2019-12-29 10:50:10",3302
"2019-12-29 11:49:46",3302
"2019-12-29 12:49:54",3302
"2019-12-29 13:50:05",3302
"2019-12-29 14:50:27",3302
"2019-12-29 15:50:33",3302
"2019-12-29 16:50:23",3302
"2019-12-29 17:50:10",3302
"2019-12-29 18:50:36",3302
"2019-12-29 19:50:35",3302
"2019-12-29 20:50:09",3302
"2019-12-29 21:51:18",3302
"2019-12-29 22:50:14",3302
"2019-12-29 23:50:08",3302
"2019-12-30 00:50:05",3302
"2019-12-30 01:50:44",3302
"2019-12-30 02:51:13",3302
"2019-12-30 03:50:10",3302
"2019-12-30 04:50:49",3302
"2019-12-30 05:50:27",3302
"2019-12-30 06:50:01",3302
"2019-12-30 07:49:46",3302
"2019-12-30 08:50:11",3302
"2019-12-30 09:50:14",3302
"2019-12-30 10:49:33",3302
"2019-12-30 11:50:16",3302
"2019-12-30 12:49:55",3302
"2019-12-30 14:11:22",3303
"2019-12-30 14:51:49",3303
"2019-12-30 15:50:43",3303
"2019-12-30 16:50:33",3312
"2019-12-30 17:50:32",3314
"2019-12-30 18:50:48",3313
"2019-12-30 19:50:43",3313
"2019-12-30 20:50:24",3313
"2019-12-30 21:50:15",3313
"2019-12-30 23:50:22",3311
"2019-12-31 00:50:16",3311
"2019-12-31 01:50:16",3311
"2019-12-31 02:50:30",3311
"2019-12-31 03:50:37",3311
"2019-12-31 04:50:10",3311
"2019-12-31 05:49:58",3311
"2019-12-31 06:50:18",3311
"2019-12-31 07:50:12",3310
"2019-12-31 08:50:32",3310
"2019-12-31 09:50:17",3310
"2019-12-31 10:50:37",3310
"2019-12-31 11:50:23",3310
"2019-12-31 12:50:05",3310
"2019-12-31 14:12:26",3310
"2019-12-31 14:51:34",3310
"2019-12-31 15:51:03",3312
"2019-12-31 16:50:26",3316
"2019-12-31 17:50:22",3316
"2019-12-31 18:50:24",3317
"2019-12-31 19:50:37",3316
"2019-12-31 20:50:24",3316
"2019-12-31 21:50:12",3315
"2019-12-31 22:50:20",3313
"2019-12-31 23:50:12",3313
"2020-01-01 00:50:02",3313
"2020-01-01 01:50:04",3313
"2020-01-01 02:50:11",3313
"2020-01-01 03:50:18",3313
"2020-01-01 04:49:54",3313
"2020-01-01 05:50:43",3313
"2020-01-01 06:50:34",3313
"2020-01-01 07:50:12",3313
"2020-01-01 08:50:10",3313
"2020-01-01 09:49:45",3313
"2020-01-01 10:49:42",3312
"2020-01-01 11:49:51",3312
"2020-01-01 12:49:51",3312
"2020-01-01 13:49:49",3312
"2020-01-01 14:49:55",3312
"2020-01-01 15:50:04",3312
"2020-01-01 16:50:15",3312
"2020-01-01 17:50:11",3312
"2020-01-01 18:50:14",3312
"2020-01-01 19:50:05",3312
"2020-01-01 20:50:21",3312
"2020-01-01 21:50:18",3312
"2020-01-01 22:50:36",3312
"2020-01-01 23:50:56",3312
"2020-01-02 00:50:54",3312
"2020-01-02 01:50:43",3312
"2020-01-02 02:51:24",3312
"2020-01-02 03:50:32",3312
"2020-01-02 04:50:27",3312
"2020-01-02 05:50:20",3312
"2020-01-02 06:50:09",3312
"2020-01-02 07:50:03",3312
"2020-01-02 08:50:18",3312
"2020-01-02 09:49:53",3312
"2020-01-02 10:49:51",3312
"2020-01-02 11:50:03",3312
"2020-01-02 12:50:06",3312
"2020-01-02 14:12:54",3313
"2020-01-02 14:52:23",3313
"2020-01-02 15:50:59",3321
"2020-01-02 16:50:45",3325
"2020-01-02 17:50:51",3322
"2020-01-02 18:50:59",3323
"2020-01-02 19:50:48",3325
"2020-01-02 20:51:00",3325
"2020-01-02 21:50:19",3328
"2020-01-02 22:51:17",3328
"2020-01-02 23:50:12",3328
"2020-01-03 00:50:46",3328
"2020-01-03 01:50:26",3328
"2020-01-03 02:50:51",3328
"2020-01-03 03:50:29",3328
"2020-01-03 04:50:27",3328
"2020-01-03 05:50:26",3328
"2020-01-03 06:50:36",3328
"2020-01-03 07:50:18",3327
"2020-01-03 08:50:40",3327
"2020-01-03 09:50:11",3327
"2020-01-03 10:50:07",3327
"2020-01-03 11:50:03",3327
"2020-01-03 12:49:50",3327
"2020-01-03 14:12:54",3327
"2020-01-03 14:55:15",3327
"2020-01-03 15:50:40",3328
"2020-01-03 16:50:50",3331
"2020-01-03 17:51:24",3331
"2020-01-03 18:50:40",3331
"2020-01-03 19:50:29",3331
"2020-01-03 20:50:50",3331
"2020-01-03 21:50:15",3332
"2020-01-03 22:50:17",3331
"2020-01-03 23:50:22",3332
"2020-01-04 00:50:26",3332
"2020-01-04 01:50:25",3332
"2020-01-04 02:50:19",3332
"2020-01-04 03:50:56",3332
"2020-01-04 04:50:39",3332
"2020-01-04 05:50:24",3332
"2020-01-04 06:50:14",3332
"2020-01-04 07:49:56",3332
"2020-01-04 08:50:08",3332
"2020-01-04 09:49:43",3332
"2020-01-04 10:49:54",3332
"2020-01-04 11:49:38",3332
"2020-01-04 12:50:12",3332
"2020-01-04 13:50:05",3332
"2020-01-04 14:50:14",3332
"2020-01-04 15:50:25",3332
"2020-01-04 16:50:32",3332
"2020-01-04 17:50:38",3332
"2020-01-04 19:50:33",3332
"2020-01-04 20:50:37",3332
"2020-01-04 21:51:10",3332
"2020-01-04 22:50:44",3332
"2020-01-04 23:50:51",3332
"2020-01-05 00:50:09",3332
"2020-01-05 01:51:30",3332
"2020-01-05 02:50:59",3332
"2020-01-05 03:50:37",3332
"2020-01-05 04:50:11",3332
"2020-01-05 05:50:22",3332
"2020-01-05 06:50:12",3332
"2020-01-05 07:49:57",3332
"2020-01-05 08:49:43",3332
"2020-01-05 09:49:43",3332
"2020-01-05 10:49:41",3332
"2020-01-05 11:50:11",3332
"2020-01-05 12:49:40",3332
"2020-01-05 13:50:14",3332
"2020-01-05 14:50:00",3332
"2020-01-05 15:49:44",3332
"2020-01-05 16:50:21",3332
"2020-01-05 17:51:43",3332
"2020-01-05 18:50:41",3332
"2020-01-05 20:50:26",3332
"2020-01-05 21:50:38",3332
"2020-01-05 22:50:20",3332
"2020-01-05 23:50:21",3332
"2020-01-06 00:50:35",3332
"2020-01-06 01:50:34",3332
"2020-01-06 02:50:53",3332
"2020-01-06 03:51:00",3332
"2020-01-06 04:51:16",3332
"2020-01-06 05:50:49",3332
"2020-01-06 06:50:49",3332
"2020-01-06 07:50:09",3332
"2020-01-06 08:50:18",3332
"2020-01-16 06:49:55",3370
"2020-01-16 07:49:55",3370
"2020-01-16 08:49:51",3370
"2020-01-16 09:49:30",3370
"2020-01-16 10:49:33",3370
"2020-01-16 11:49:33",3370
"2020-01-16 12:49:44",3370
"2020-01-16 14:12:54",3369
"2020-01-16 15:50:01",3375
"2020-01-16 16:50:11",3379
"2020-01-16 17:50:07",3379
"2020-01-16 18:49:51",3384
"2020-01-16 19:50:05",3385
"2020-01-16 20:50:06",3385
"2020-01-16 21:49:45",3388
"2020-01-16 22:50:11",3389
"2020-01-16 23:50:02",3390
"2020-01-17 00:50:36",3390
"2020-01-17 01:50:48",3390
"2020-01-17 02:49:40",3390
"2020-01-17 03:49:31",3390
"2020-01-17 04:49:38",3390
"2020-01-17 05:49:46",3390
"2020-01-17 06:49:41",3390
"2020-01-17 07:49:13",3390
"2020-01-17 08:49:09",3390
"2020-01-17 09:50:30",3390
"2020-01-17 10:49:04",3390
"2020-01-17 11:49:10",3389
"2020-01-17 12:49:32",3389
"2020-01-17 14:10:57",3387
"2020-01-17 14:50:11",3387
"2020-01-17 15:49:55",3390
"2020-01-17 16:49:51",3392
"2020-01-17 17:49:45",3399
"2020-01-17 18:49:44",3399
"2020-01-17 19:49:45",3405
"2020-01-17 20:49:37",3406
"2020-01-17 21:49:27",3405
"2020-01-17 22:49:32",3406
"2020-01-17 23:49:24",3406
"2020-01-18 00:50:31",3406
"2020-01-18 01:49:44",3406
"2020-01-18 02:49:45",3406
"2020-01-18 03:49:41",3406
"2020-01-18 04:49:27",3406
"2020-01-18 05:49:36",3406
"2020-01-18 06:49:10",3406
"2020-01-18 07:49:29",3406
"2020-01-18 08:49:29",3406
"2020-01-18 09:49:15",3406
"2020-01-18 10:49:16",3406
"2020-01-18 11:49:05",3406
"2020-01-18 12:49:25",3406
"2020-01-18 13:49:25",3406
"2020-01-18 14:49:29",3406
"2020-01-18 15:49:36",3406
"2020-01-18 16:49:16",3406
"2020-01-18 17:49:46",3406
"2020-01-18 18:49:37",3406
"2020-01-18 19:50:06",3406
"2020-01-18 20:49:37",3406
"2020-01-18 21:49:41",3406
"2020-01-18 23:49:44",3406
"2020-01-19 00:49:14",3406
"2020-01-19 01:49:41",3406
"2020-01-19 02:49:41",3406
"2020-01-19 03:49:37",3406
"2020-01-19 04:49:35",3406
"2020-01-19 05:49:25",3406
"2020-01-19 06:49:29",3406
"2020-01-19 07:49:17",3406
"2020-01-19 08:49:58",3406
"2020-01-19 09:49:17",3406
"2020-01-19 10:49:04",3406
"2020-01-19 11:49:03",3406
"2020-01-19 12:49:20",3406
"2020-01-19 13:49:21",3406
"2020-01-19 14:50:07",3406
"2020-01-19 15:50:17",3406
"2020-01-19 16:49:15",3406
"2020-01-19 17:49:28",3406
"2020-01-19 18:49:20",3406
"2020-01-19 19:50:28",3406
"2020-01-19 20:49:32",3406
"2020-01-19 21:49:30",3406
"2020-01-19 23:50:55",3406
"2020-01-20 00:50:33",3406
"2020-01-20 01:50:17",3406
"2020-01-20 02:50:00",3406
"2020-01-20 03:50:24",3406
"2020-01-20 04:50:27",3406
"2020-01-20 05:49:29",3406
"2020-01-20 06:50:26",3406
"2020-01-20 07:49:17",3406
"2020-01-20 08:50:29",3406
"2020-01-20 09:55:47",3406
"2020-01-20 10:49:53",3406
"2020-01-20 11:49:03",3406
"2020-01-20 12:49:20",3406
"2020-01-20 13:50:18",3406
"2020-01-20 14:49:44",3406
"2020-01-20 15:50:27",3406
"2020-01-20 16:49:26",3406
"2020-01-20 17:50:14",3406
"2020-01-20 18:49:20",3406
"2020-01-20 19:50:10",3406
"2020-01-20 21:50:43",3406
"2020-01-20 22:50:31",3406
"2020-01-20 23:50:25",3406
"2020-01-21 00:50:34",3406
"2020-01-21 01:50:05",3406
"2020-01-21 02:50:31",3406
"2020-01-21 03:49:24",3406
"2020-01-21 04:49:31",3406
"2020-01-21 05:49:23",3406
"2020-01-21 06:49:14",3406
"2020-01-21 07:49:09",3406
"2020-01-21 08:49:27",3406
"2020-01-21 10:04:21",3406
"2020-01-21 10:50:25",3406
"2020-01-21 11:49:22",3406
"2020-01-21 12:49:23",3406
"2020-01-21 13:49:25",3406
"2020-01-21 15:50:44",3413
"2020-01-21 16:50:04",3413
"2020-01-21 17:50:31",3417
"2020-01-21 18:49:58",3419
"2020-01-21 19:50:38",3419
"2020-01-21 20:49:45",3418
"2020-01-21 21:50:41",3422
"2020-01-21 22:50:24",3424
"2020-01-21 23:49:59",3425
"2020-01-22 00:49:43",3425
"2020-01-22 01:50:05",3425
"2020-01-22 02:50:23",3425
"2020-01-22 03:49:41",3425
"2020-01-22 04:49:45",3425
"2020-01-22 05:49:36",3425
"2020-01-22 06:49:23",3425
"2020-01-22 07:49:26",3425
"2020-01-22 08:49:32",3425
"2020-01-22 10:00:30",3425
"2020-01-22 10:49:09",3425
"2020-01-22 11:49:09",3423
"2020-01-22 12:49:53",3423
"2020-01-22 13:49:55",3423
"2020-01-22 14:50:41",3423
"2020-01-22 15:50:12",3426
"2020-01-22 16:50:43",3428
"2020-01-22 17:50:33",3429
"2020-01-22 18:49:57",3432
"2020-01-22 19:50:44",3431
"2020-01-22 20:50:34",3430
"2020-01-22 21:50:36",3432
"2020-01-22 22:50:12",3433
"2020-01-22 23:50:27",3433
"2020-01-23 00:50:18",3433
"2020-01-23 01:50:43",3433
"2020-01-23 02:49:55",3433
"2020-01-23 03:49:51",3433
"2020-01-23 04:49:44",3433
"2020-01-23 05:49:15",3433
"2020-01-23 06:49:34",3433
"2020-01-23 07:49:34",3433
"2020-01-23 08:49:27",3433
"2020-01-23 10:49:17",3433
"2020-01-23 11:49:21",3433
"2020-01-23 12:49:30",3433
"2020-01-23 14:12:27",3433
"2020-01-23 14:50:29",3433
"2020-01-23 15:50:01",3435
"2020-01-23 16:49:47",3437
"2020-01-23 17:49:33",3437
"2020-01-23 18:49:59",3439
"2020-01-23 19:49:40",3439
"2020-01-23 20:49:57",3439
"2020-01-23 21:49:56",3442
"2020-01-23 22:49:30",3442
"2020-01-23 23:49:28",3442
"2020-01-24 00:49:31",3442
"2020-01-24 01:49:49",3442
"2020-01-24 02:50:22",3442
"2020-01-24 03:49:25",3442
"2020-01-24 04:49:37",3442
"2020-01-24 05:49:52",3441
"2020-01-24 06:49:08",3441
"2020-01-24 07:49:44",3441
"2020-01-24 08:49:11",3441
"2020-01-24 09:58:35",3441
"2020-01-24 10:49:24",3441
"2020-01-24 11:49:16",3441
"2020-01-24 12:49:21",3441
"2020-01-24 14:11:26",3440
"2020-01-24 14:50:06",3440
"2020-01-24 15:50:02",3439
"2020-01-24 16:49:50",3446
"2020-01-24 17:49:36",3448
"2020-01-24 18:49:34",3451
"2020-01-24 19:49:55",3452
"2020-01-24 20:49:58",3451
"2020-01-24 21:49:28",3449
"2020-01-24 22:49:25",3449
"2020-01-24 23:49:33",3449
"2020-01-25 00:49:28",3449
"2020-01-25 01:49:37",3449
"2020-01-25 02:49:58",3449
"2020-01-25 03:49:52",3449
"2020-01-25 04:49:33",3449
"2020-01-25 05:49:38",3449
"2020-01-25 07:49:33",3449
"2020-01-25 08:49:33",3449
"2020-01-25 09:59:01",3449
"2020-01-25 10:49:09",3449
"2020-01-25 11:49:17",3449
"2020-01-25 12:49:29",3449
"2020-01-25 14:49:33",3449
"2020-01-25 15:49:21",3449
"2020-01-25 16:49:39",3449
"2020-01-25 17:49:34",3449
"2020-01-25 18:49:32",3449
"2020-01-25 19:49:38",3449
"2020-01-25 20:49:31",3449
"2020-01-25 21:49:28",3449
"2020-01-25 22:49:36",3449
"2020-01-25 23:49:28",3449
"2020-01-26 00:49:47",3449
"2020-01-26 01:49:29",3449
"2020-01-26 02:49:44",3449
"2020-01-26 03:49:34",3449
"2020-01-26 04:49:23",3449
"2020-01-26 06:49:06",3449
"2020-01-26 07:49:12",3449
"2020-01-27 02:49:44",3449
"2020-01-27 03:49:40",3449
"2020-01-27 04:49:42",3449
"2020-01-27 05:49:41",3449
"2020-01-27 06:49:42",3449
"2020-01-27 07:49:28",3449
"2020-01-27 08:49:33",3449
"2020-01-27 09:49:45",3449
"2020-01-27 10:49:29",3449
"2020-01-27 11:49:33",3449
"2020-01-27 12:48:57",3449
"2020-01-27 13:49:47",3449
"2020-01-27 14:51:18",3448
"2020-01-27 15:50:27",3449
"2020-01-27 16:49:58",3450
"2020-01-27 17:50:10",3461
"2020-01-27 18:50:11",3463
"2020-01-27 19:50:17",3465
"2020-01-27 20:50:07",3468
"2020-01-27 21:50:10",3469
"2020-01-27 22:50:55",3469
"2020-01-27 23:50:18",3470
"2020-01-28 00:49:29",3470
"2020-01-28 01:50:17",3470
"2020-01-28 02:50:16",3470
"2020-01-28 03:49:52",3470
"2020-01-28 04:49:59",3470
"2020-01-28 05:49:34",3470
"2020-01-28 06:49:11",3470
"2020-01-28 07:49:23",3469
"2020-01-28 08:49:42",3469
"2020-01-28 09:50:15",3469
"2020-01-28 10:49:28",3469
"2020-01-28 11:49:18",3469
"2020-01-28 12:49:26",3469
"2020-01-28 14:12:00",3469
"2020-01-28 14:50:50",3469
"2020-01-28 15:50:05",3479
"2020-01-28 16:50:23",3482
"2020-01-28 17:49:50",3485
"2020-01-28 18:50:04",3483
"2020-01-28 19:49:56",3479
"2020-01-28 21:50:41",3478
"2020-01-28 22:50:06",3478
"2020-01-28 23:49:40",3478
"2020-01-29 00:49:44",3478
"2020-01-29 01:50:00",3478
"2020-01-29 02:50:28",3478
"2020-01-29 03:49:56",3478
"2020-01-29 04:49:58",3478
"2020-01-29 05:50:03",3478
"2020-01-29 06:49:48",3478
"2020-01-29 07:49:25",3478
"2020-01-29 08:49:31",3478
"2020-01-29 09:49:44",3478
"2020-01-29 10:49:10",3478
"2020-01-29 11:49:23",3478
"2020-01-29 12:49:34",3478
"2020-01-29 13:50:03",3478
"2020-01-29 14:50:46",3478
"2020-01-29 15:50:15",3479
"2020-01-29 16:50:13",3472
"2020-01-29 17:50:39",3471
"2020-01-29 18:50:20",3472
"2020-01-29 19:50:27",3472
"2020-01-29 20:50:20",3474
"2020-01-29 21:50:12",3473
"2020-01-29 22:49:49",3473
"2020-01-29 23:49:46",3473
"2020-01-30 00:49:59",3473
"2020-01-30 01:50:15",3473
"2020-01-30 02:50:12",3473
"2020-01-30 03:49:48",3473
"2020-01-30 04:50:29",3473
"2020-01-30 05:50:27",3473
"2020-01-30 06:49:42",3473
"2020-01-30 07:49:26",3473
"2020-01-30 08:49:41",3473
"2020-01-30 09:49:46",3473
"2020-01-30 10:49:16",3473
"2020-01-30 11:49:30",3473
"2020-01-30 12:49:36",3473
"2020-01-30 13:49:38",3473
"2020-01-30 14:50:43",3476
"2020-01-30 15:50:25",3482
"2020-01-30 16:50:24",3485
"2020-01-30 17:50:18",3485
"2020-01-30 18:50:13",3484
"2020-01-30 19:50:27",3484
"2020-01-30 20:49:50",3486
"2020-01-30 21:50:13",3487
"2020-01-30 22:49:24",3488
"2020-01-30 23:49:33",3489
"2020-01-31 00:49:42",3489
"2020-01-31 01:50:14",3489
"2020-01-31 02:49:48",3489
"2020-01-31 03:50:05",3489
"2020-01-31 04:49:49",3489
"2020-01-31 05:49:36",3489
"2020-01-31 06:49:28",3489
"2020-01-31 07:49:39",3489
"2020-01-31 08:49:58",3489
"2020-01-31 09:50:05",3489
"2020-01-31 10:49:32",3489
"2020-01-31 11:49:27",3489
"2020-01-31 12:49:25",3489
"2020-01-31 13:49:51",3489
"2020-01-31 14:50:14",3488
"2020-01-31 15:50:04",3499
"2020-01-31 16:49:58",3498
"2020-01-31 17:49:59",3493
"2020-01-31 18:49:52",3495
"2020-01-31 19:50:15",3494
"2020-01-31 20:50:01",3491
"2020-01-31 21:49:26",3491
"2020-01-31 22:49:34",3490
"2020-01-31 23:49:37",3492
"2020-02-01 00:49:29",3492
"2020-02-01 01:50:19",3492
"2020-02-01 02:49:51",3492
"2020-02-01 03:49:40",3492
"2020-02-01 04:49:45",3492
"2020-02-01 05:50:00",3492
"2020-02-01 06:50:10",3491
"2020-02-01 07:49:29",3491
"2020-02-01 08:49:40",3491
"2020-02-01 09:49:55",3491
"2020-02-01 10:49:14",3491
"2020-02-01 11:49:37",3491
"2020-02-01 12:49:20",3491
"2020-02-01 13:49:38",3491
"2020-02-01 14:49:49",3491
"2020-02-01 15:49:52",3491
"2020-02-01 16:49:37",3491
"2020-02-01 17:49:51",3491
"2020-02-01 18:49:36",3491
"2020-02-01 19:49:45",3491
"2020-02-01 20:49:58",3491
"2020-02-01 21:50:10",3491
"2020-02-01 22:50:00",3491
"2020-02-01 23:50:10",3491
"2020-02-02 00:50:08",3491
"2020-02-02 01:50:15",3491
"2020-02-02 02:50:03",3491
"2020-02-02 03:50:06",3491
"2020-02-02 04:49:49",3491
"2020-02-02 05:49:53",3491
"2020-02-02 06:49:53",3491
"2020-02-02 07:49:50",3491
"2020-02-02 08:49:58",3491
"2020-02-02 09:49:46",3491
"2020-02-02 10:49:38",3491
"2020-02-02 11:49:45",3491
"2020-02-02 12:49:53",3491
"2020-02-02 13:49:58",3491
"2020-02-02 14:49:48",3491
"2020-02-02 15:49:48",3491
"2020-02-02 16:50:08",3491
"2020-02-02 17:50:17",3491
"2020-02-02 18:49:49",3491
"2020-02-02 19:50:04",3491
"2020-02-02 20:50:08",3491
"2020-02-02 21:49:59",3491
"2020-02-02 22:50:02",3491
"2020-02-02 23:50:15",3491
"2020-02-03 00:50:42",3491
"2020-02-03 01:50:25",3491
"2020-02-03 02:50:08",3491
"2020-02-03 03:50:15",3491
"2020-02-03 04:50:15",3491
"2020-02-03 05:50:15",3491
"2020-02-03 06:49:51",3491
"2020-02-03 07:49:49",3491
"2020-02-03 08:49:56",3491
"2020-02-03 09:49:55",3491
"2020-02-03 10:49:44",3491
"2020-02-03 11:49:43",3491
"2020-02-03 12:49:32",3491
"2020-02-03 14:48:41",3491
"2020-02-03 14:56:25",3491
"2020-02-03 15:50:37",3487
"2020-02-03 16:50:17",3488
"2020-02-03 17:50:22",3488
"2020-02-03 18:50:27",3488
"2020-02-03 19:50:22",3487
"2020-02-03 20:50:18",3488
"2020-02-03 21:50:12",3488
"2020-02-03 22:50:06",3489
"2020-02-03 23:50:18",3487
"2020-02-04 00:50:09",3487
"2020-02-04 01:50:22",3487
"2020-02-04 02:50:23",3487
"2020-02-04 03:50:27",3487
"2020-02-04 04:50:24",3487
"2020-02-04 05:50:30",3487
"2020-02-04 06:49:56",3487
"2020-02-04 07:50:14",3487
"2020-02-04 08:49:36",3483
"2020-02-04 09:50:13",3483
"2020-02-04 10:49:42",3483
"2020-02-04 11:50:02",3483
"2020-02-04 12:50:06",3483
"2020-02-04 14:15:35",3482
"2020-02-04 15:50:31",3481
"2020-02-04 16:50:24",3479
"2020-02-04 17:50:21",3481
"2020-02-04 18:50:06",3478
"2020-02-04 19:50:11",3474
"2020-02-04 20:50:15",3477
"2020-02-04 21:50:08",3471
"2020-02-04 22:50:05",3470
"2020-02-04 23:50:11",3466
"2020-02-05 00:50:22",3466
"2020-02-05 01:50:10",3466
"2020-02-05 02:50:29",3466
"2020-02-05 03:50:22",3466
"2020-02-05 04:51:13",3466
"2020-02-05 05:50:09",3466
"2020-02-05 06:50:11",3466
"2020-02-05 07:50:13",3466
"2020-02-05 08:49:59",3466
"2020-02-05 09:49:52",3466
"2020-02-05 10:50:06",3466
"2020-02-05 11:49:56",3466
"2020-02-05 12:50:13",3466
"2020-02-05 14:09:35",3468
"2020-02-05 14:50:55",3468
"2020-02-05 15:50:47",3467
"2020-02-05 16:50:29",3469
"2020-02-05 17:50:21",3469
"2020-02-05 18:50:25",3469
"2020-02-05 19:50:27",3468
"2020-02-05 20:50:34",3467
"2020-02-05 21:50:11",3473
"2020-02-05 22:50:14",3474
"2020-02-05 23:50:07",3474
"2020-02-06 00:50:25",3474
"2020-02-06 01:50:25",3474
"2020-02-06 02:50:33",3474
"2020-02-06 03:50:48",3474
"2020-02-06 04:50:33",3474
"2020-02-06 05:50:21",3474
"2020-02-06 06:50:04",3474
"2020-02-06 07:50:19",3474
"2020-02-06 08:50:07",3474
"2020-02-06 09:50:03",3474
"2020-02-06 10:49:57",3474
"2020-02-06 11:49:58",3474
"2020-02-06 12:49:55",3474
"2020-02-06 13:49:54",3474
"2020-02-06 14:50:48",3474
"2020-02-06 15:50:42",3478
"2020-02-06 16:50:25",3477
"2020-02-06 17:50:28",3477
"2020-02-06 18:50:23",3477
"2020-02-06 19:50:28",3477
"2020-02-06 20:50:23",3478
"2020-02-06 21:50:12",3479
"2020-02-06 22:50:19",3478
"2020-02-06 23:50:03",3478
"2020-02-07 00:50:24",3478
"2020-02-07 01:50:21",3478
"2020-02-07 02:50:02",3478
"2020-02-07 03:50:21",3478
"2020-02-07 04:50:13",3478
"2020-02-07 05:50:28",3478
"2020-02-07 06:50:29",3478
"2020-02-07 07:50:21",3478
"2020-02-07 08:50:09",3478
"2020-02-07 09:50:15",3478
"2020-02-07 10:49:57",3478
"2020-02-07 11:49:58",3478
"2020-02-07 12:50:05",3478
"2020-02-07 14:11:05",3478
"2020-02-07 14:50:50",3478
"2020-02-07 15:50:29",3488
"2020-02-07 16:50:29",3488
"2020-02-07 17:50:44",3490
"2020-02-07 18:50:27",3488
"2020-02-07 19:50:23",3486
"2020-02-07 20:50:34",3486
"2020-02-07 21:50:10",3485
"2020-02-07 22:50:24",3483
"2020-02-07 23:49:50",3483
"2020-02-08 00:50:08",3483
"2020-02-08 01:50:03",3483
"2020-02-08 02:50:13",3483
"2020-02-08 03:50:09",3483
"2020-02-08 04:50:21",3483
"2020-02-08 05:50:09",3483
"2020-02-08 06:49:59",3483
"2020-02-08 07:50:06",3483
"2020-02-08 08:49:51",3483
"2020-02-08 09:49:54",3483
"2020-02-08 10:49:42",3483
"2020-02-08 11:49:47",3482
"2020-02-08 12:49:49",3482
"2020-02-08 13:49:46",3482
"2020-02-08 14:50:22",3482
"2020-02-08 15:50:06",3482
"2020-02-08 16:50:14",3482
"2020-02-08 17:50:06",3482
"2020-02-08 18:52:59",3482
"2020-02-08 19:49:59",3482
"2020-02-08 20:50:03",3482
"2020-02-08 21:50:12",3482
"2020-02-08 22:50:21",3482
"2020-02-08 23:50:07",3482
"2020-02-09 00:49:57",3482
"2020-02-09 01:50:15",3482
"2020-02-09 02:50:06",3482
"2020-02-09 03:50:06",3482
"2020-02-09 04:50:03",3482
"2020-02-09 05:50:04",3482
"2020-02-09 06:49:56",3482
"2020-02-09 07:50:01",3482
"2020-02-09 08:49:56",3482
"2020-02-09 09:50:04",3482
"2020-02-09 10:50:03",3482
"2020-02-09 11:50:07",3482
"2020-02-09 12:49:59",3482
"2020-02-09 13:49:59",3482
"2020-02-09 14:50:01",3482
"2020-02-09 15:50:14",3482
"2020-02-09 16:50:00",3482
"2020-02-09 17:50:13",3482
"2020-02-09 18:50:10",3482
"2020-02-09 19:50:11",3482
"2020-02-09 20:50:05",3482
"2020-02-09 21:50:28",3482
"2020-02-09 22:50:05",3482
"2020-02-09 23:50:52",3482
"2020-02-10 00:50:13",3482
"2020-02-10 01:50:24",3482
"2020-02-10 02:50:04",3482
"2020-02-10 03:50:01",3482
"2020-02-10 04:50:09",3482
"2020-02-10 05:50:14",3482
"2020-02-10 06:50:06",3482
"2020-02-10 07:50:08",3482
"2020-02-10 08:50:02",3482
"2020-02-10 09:50:18",3482
"2020-02-10 10:49:55",3482
"2020-02-10 11:49:59",3482
"2020-02-10 12:49:48",3482
"2020-02-10 13:50:04",3482
"2020-02-10 14:50:32",3482
"2020-02-10 15:50:42",3486
"2020-02-10 16:50:29",3488
"2020-02-10 17:50:18",3491
"2020-02-10 18:50:21",3492
"2020-02-10 19:50:27",3489
"2020-02-10 20:50:35",3491
"2020-02-10 21:50:21",3491
"2020-02-10 22:50:14",3491
"2020-02-10 23:50:10",3491
"2020-02-11 00:50:12",3491
"2020-02-11 01:50:42",3491
"2020-02-11 02:50:21",3491
"2020-02-11 03:50:12",3491
"2020-02-11 04:50:20",3491
"2020-02-11 05:50:20",3491
"2020-02-11 06:50:06",3491
"2020-02-11 07:50:05",3491
"2020-02-11 08:50:12",3491
"2020-02-11 09:50:11",3491
"2020-02-11 10:49:47",3491
"2020-02-11 11:50:01",3491
"2020-02-11 12:49:44",3491
"2020-02-11 14:11:32",3491
"2020-02-11 14:50:48",3491
"2020-02-11 15:50:38",3494
"2020-02-11 16:50:32",3498
"2020-02-11 17:50:24",3500
"2020-02-11 18:50:25",3500
"2020-02-11 19:50:17",3500
"2020-02-11 20:50:32",3502
"2020-02-11 21:54:47",3501
"2020-02-11 22:50:38",3501
"2020-02-11 23:50:14",3501
"2020-02-12 00:50:46",3501
"2020-02-12 01:50:20",3501
"2020-02-12 02:51:00",3501
"2020-02-12 03:50:10",3501
"2020-02-12 04:50:19",3501
"2020-02-12 05:50:01",3501
"2020-02-12 06:50:07",3501
"2020-02-12 07:49:58",3500
"2020-02-12 08:50:06",3500
"2020-02-12 09:50:22",3500
"2020-02-12 10:49:56",3500
"2020-02-12 11:49:59",3500
"2020-02-12 12:49:56",3500
"2020-02-12 14:11:34",3501
"2020-02-12 14:50:44",3501
"2020-02-12 15:50:30",3502
"2020-02-12 16:50:22",3504
"2020-02-12 17:50:33",3506
"2020-02-12 18:50:26",3508
"2020-02-12 19:50:20",3509
"2020-02-12 20:50:35",3511
"2020-02-12 21:50:19",3513
"2020-02-12 22:49:43",3514
"2020-02-12 23:49:24",3515
"2020-02-13 00:50:09",3515
"2020-02-13 01:49:55",3515
"2020-02-13 02:50:39",3515
"2020-02-13 03:50:30",3515
"2020-02-13 04:50:16",3515
"2020-02-13 05:50:07",3515
"2020-02-13 06:50:10",3515
"2020-02-13 07:49:49",3514
"2020-02-13 08:49:59",3514
"2020-02-13 09:49:45",3514
"2020-02-13 10:49:25",3514
"2020-02-13 11:50:08",3514
"2020-02-13 12:49:42",3514
"2020-02-13 14:11:29",3515
"2020-02-13 14:50:17",3515
"2020-02-13 15:50:15",3523
"2020-02-13 16:50:14",3528
"2020-02-13 17:50:37",3529
"2020-02-13 18:50:31",3529
"2020-02-13 19:50:22",3531
"2020-02-13 20:50:02",3533
"2020-02-13 21:50:19",3536
"2020-02-13 22:49:50",3537
"2020-02-13 23:49:46",3537
"2020-02-14 00:49:42",3537
"2020-02-14 01:50:06",3537
"2020-02-14 02:50:14",3537
"2020-02-14 03:49:55",3537
"2020-02-14 04:50:01",3537
"2020-02-14 05:50:04",3537
"2020-02-14 06:49:31",3533
"2020-02-14 07:49:23",3533
"2020-02-14 08:49:52",3532
"2020-02-14 09:49:35",3532
"2020-02-14 10:49:41",3532
"2020-02-14 11:49:31",3532
"2020-02-14 12:49:44",3532
"2020-02-14 13:49:49",3532
"2020-02-14 14:50:19",3532
"2020-02-14 15:50:44",3534
"2020-02-14 16:49:57",3529
"2020-02-14 17:49:59",3527
"2020-02-14 18:49:58",3525
"2020-02-14 19:50:00",3526
"2020-02-14 20:50:26",3526
"2020-02-14 21:49:53",3529
"2020-02-14 22:49:40",3529
"2020-02-14 23:50:11",3530
"2020-02-15 00:49:41",3530
"2020-02-15 01:49:59",3530
"2020-02-15 02:50:05",3530
"2020-02-15 03:50:01",3530
"2020-02-15 04:49:50",3530
"2020-02-15 05:48:47",3530
"2020-02-15 06:49:00",3530
"2020-02-15 07:48:49",3529
"2020-02-15 08:48:50",3529
"2020-02-15 09:48:55",3529
"2020-02-15 10:48:42",3529
"2020-02-15 11:48:49",3529
"2020-02-15 12:48:57",3529
"2020-02-15 13:48:48",3529
"2020-02-15 14:48:54",3529
"2020-02-15 15:48:51",3529
"2020-02-15 16:48:48",3529
"2020-02-15 17:48:46",3529
"2020-02-15 18:49:13",3529
"2020-02-15 19:48:48",3529
"2020-02-15 20:48:50",3529
"2020-02-15 21:48:47",3529
"2020-02-15 22:48:48",3529
"2020-02-15 23:48:47",3529
"2020-02-16 00:48:47",3529
"2020-02-16 01:48:47",3529
"2020-02-16 02:48:52",3529
"2020-02-16 03:48:49",3529
"2020-02-16 04:48:52",3529
"2020-02-16 05:48:50",3529
"2020-02-16 06:48:46",3529
"2020-02-16 07:48:47",3529
"2020-02-16 08:48:45",3529
"2020-02-16 09:48:53",3529
"2020-02-16 10:48:45",3529
"2020-02-16 11:48:46",3529
"2020-02-16 12:48:50",3529
"2020-02-16 13:48:46",3529
"2020-02-16 14:48:53",3529
"2020-02-16 15:49:14",3529
"2020-02-16 16:49:01",3529
"2020-02-16 17:48:48",3529
"2020-02-16 18:48:51",3529
"2020-02-16 19:48:48",3529
"2020-02-16 20:48:49",3529
"2020-02-16 21:48:48",3529
"2020-02-16 22:48:49",3529
"2020-02-16 23:48:50",3529
"2020-02-17 00:48:46",3529
"2020-02-17 01:48:46",3529
"2020-02-17 02:48:52",3529
"2020-02-17 03:48:50",3529
"2020-02-17 04:48:48",3529
"2020-02-17 05:48:48",3529
"2020-02-17 06:48:51",3529
"2020-02-17 07:48:43",3529
"2020-02-17 08:48:50",3529
"2020-02-17 09:48:54",3529
"2020-02-17 10:48:46",3529
"2020-02-17 11:48:43",3529
"2020-02-17 12:49:02",3529
"2020-02-17 13:48:44",3529
"2020-02-17 14:48:40",3529
"2020-02-17 15:48:46",3529
"2020-02-17 16:49:08",3529
"2020-02-17 17:48:46",3529
"2020-02-17 18:48:52",3529
"2020-02-17 19:48:43",3529
"2020-02-17 20:48:43",3529
"2020-02-17 22:49:08",3529
"2020-02-17 23:49:13",3529
"2020-02-18 00:48:42",3529
"2020-02-18 01:48:50",3529
"2020-02-18 02:48:54",3529
"2020-02-18 03:48:55",3529
"2020-02-18 04:48:49",3529
"2020-02-18 05:49:45",3529
"2020-02-18 06:49:20",3529
"2020-02-18 07:49:40",3529
"2020-02-18 08:49:48",3529
"2020-02-18 09:49:42",3529
"2020-02-18 10:49:35",3529
"2020-02-18 11:49:28",3529
"2020-02-18 12:50:09",3529
"2020-02-18 14:11:59",3529
"2020-02-18 14:50:29",3529
"2020-02-18 15:50:17",3536
"2020-02-18 16:50:12",3537
"2020-02-18 18:50:08",3536
"2020-02-18 19:50:06",3538
"2020-02-18 20:49:52",3540
"2020-02-18 21:49:44",3542
"2020-02-18 22:49:35",3542
"2020-02-18 23:49:49",3542
"2020-02-19 01:49:45",3542
"2020-02-19 02:50:03",3542
"2020-02-19 03:50:02",3542
"2020-02-19 04:50:01",3542
"2020-02-19 05:49:27",3542
"2020-02-19 06:50:02",3542
"2020-02-19 07:49:46",3542
"2020-02-19 08:49:37",3542
"2020-02-19 09:50:02",3542
"2020-02-19 10:49:23",3542
"2020-02-19 11:49:23",3542
"2020-02-19 12:49:39",3542
"2020-02-19 14:13:30",3543
"2020-02-19 14:50:31",3543
"2020-02-19 15:50:14",3543
"2020-02-19 16:49:51",3547
"2020-02-19 17:50:05",3549
"2020-02-19 18:49:55",3550
"2020-02-19 19:49:49",3552
"2020-02-19 20:49:56",3554
"2020-02-19 21:50:28",3561
"2020-02-19 22:49:55",3561
"2020-02-19 23:49:46",3564
"2020-02-20 00:50:09",3564
"2020-02-20 01:50:05",3564
"2020-02-20 02:50:09",3564
"2020-02-20 03:50:09",3564
"2020-02-20 04:50:09",3564
"2020-02-20 05:50:12",3564
"2020-02-20 06:50:30",3564
"2020-02-20 07:50:20",3564
"2020-02-20 08:50:23",3564
"2020-02-20 09:49:56",3564
"2020-02-20 10:49:51",3564
"2020-02-20 11:50:10",3564
"2020-02-20 12:50:12",3563
"2020-02-20 13:50:22",3563
"2020-02-20 14:49:26",3563
"2020-02-20 15:49:41",3560
"2020-02-20 16:49:19",3555
"2020-02-20 17:50:06",3556
"2020-02-20 18:50:31",3557
"2020-02-20 19:51:02",3557
"2020-02-20 20:50:41",3551
"2020-02-20 21:50:38",3550
"2020-02-20 22:50:49",3549
"2020-02-20 23:50:21",3550
"2020-02-21 01:50:36",3550
"2020-02-21 02:50:51",3550
"2020-02-21 03:51:24",3550
"2020-02-21 04:51:29",3550
"2020-02-21 05:50:43",3550
"2020-02-21 06:50:41",3550
"2020-02-21 07:50:56",3550
"2020-02-21 08:50:30",3550
"2020-02-21 09:51:27",3550
"2020-02-21 10:52:19",3550
"2020-02-21 11:51:26",3550
"2020-02-21 12:51:12",3550
"2020-02-21 13:51:29",3550
"2020-02-21 14:51:29",3550
"2020-02-21 15:51:59",3552
"2020-02-21 16:52:39",3551
"2020-02-21 17:52:20",3555
"2020-02-21 18:51:39",3553
"2020-02-21 19:50:47",3552
"2020-02-21 20:50:47",3553
"2020-02-21 21:51:34",3554
"2020-02-21 22:51:01",3554
"2020-02-21 23:54:02",3553
"2020-02-22 00:52:04",3553
"2020-02-22 01:51:10",3553
"2020-02-22 02:51:00",3553
"2020-02-22 03:52:07",3553
"2020-02-22 04:51:16",3553
"2020-02-22 05:50:17",3553
"2020-02-22 06:49:23",3553
"2020-02-22 07:50:08",3553
"2020-02-22 08:50:58",3553
"2020-02-22 09:49:26",3553
"2020-02-22 10:49:54",3553
"2020-02-22 11:49:26",3553
"2020-02-22 12:50:26",3553
"2020-02-22 13:52:53",3553
"2020-02-22 14:49:27",3553
"2020-02-22 15:49:45",3553
"2020-02-22 16:51:53",3553
"2020-02-22 17:50:38",3553
"2020-02-22 18:49:36",3553
"2020-02-22 19:49:31",3553
"2020-02-22 20:50:24",3553
"2020-02-22 21:52:08",3553
"2020-02-22 22:50:55",3553
"2020-02-22 23:49:29",3553
"2020-02-23 00:49:42",3553
"2020-02-23 01:49:51",3553
"2020-02-23 02:50:12",3553
"2020-02-23 03:49:40",3553
"2020-02-23 04:50:25",3553
"2020-02-23 05:50:24",3553
"2020-02-23 06:49:43",3553
"2020-02-23 07:49:51",3553
"2020-02-23 08:50:58",3553
"2020-02-23 09:49:37",3553
"2020-02-23 10:49:44",3553
"2020-02-23 11:49:51",3553
"2020-02-23 12:49:45",3553
"2020-02-23 13:49:44",3553
"2020-02-23 14:50:30",3553
"2020-02-23 15:49:43",3553
"2020-02-23 16:49:49",3553
"2020-02-23 17:49:27",3553
"2020-02-23 18:49:46",3553
"2020-02-23 19:49:47",3553
"2020-02-23 20:49:40",3553
"2020-02-23 21:50:28",3553
"2020-02-23 22:49:22",3553
"2020-02-23 23:49:53",3553
"2020-02-24 00:50:43",3553
"2020-02-24 01:49:34",3553
"2020-02-24 02:50:37",3553
"2020-02-24 03:49:42",3553
"2020-02-24 04:50:00",3553
"2020-02-24 05:51:47",3553
"2020-02-24 06:50:44",3553
"2020-02-24 07:50:34",3553
"2020-02-24 08:50:44",3553
"2020-02-24 09:59:52",3553
"2020-02-24 10:50:22",3553
"2020-02-24 11:51:29",3553
"2020-02-24 12:50:29",3553
"2020-02-24 13:51:20",3553
"2020-02-24 14:52:23",3551
"2020-02-24 15:50:51",3551
"2020-02-24 16:51:53",3555
"2020-02-24 17:51:01",3555
"2020-02-24 18:51:10",3550
"2020-02-24 19:51:58",3551
"2020-02-24 20:52:04",3555
"2020-02-24 21:51:43",3552
"2020-02-24 22:51:42",3552
"2020-02-24 23:50:31",3553
"2020-02-25 00:50:48",3553
"2020-02-25 01:50:41",3553
"2020-02-25 02:51:18",3553
"2020-02-25 03:51:04",3553
"2020-02-25 04:51:04",3553
"2020-02-25 05:52:21",3553
"2020-02-25 06:51:09",3553
"2020-02-25 07:51:07",3553
"2020-02-25 08:51:23",3553
"2020-02-25 10:00:37",3553
"2020-02-25 10:51:23",3553
"2020-02-25 11:50:37",3553
"2020-02-25 12:51:10",3553
"2020-02-25 14:12:53",3553
"2020-02-25 14:51:15",3553
"2020-02-25 15:51:10",3556
"2020-02-25 16:51:11",3556
"2020-02-25 17:51:00",3557
"2020-02-25 18:51:37",3556
"2020-02-25 19:51:02",3553
"2020-02-25 20:51:59",3544
"2020-02-25 21:51:52",3542
"2020-02-25 22:51:01",3540
"2020-02-25 23:50:54",3540
"2020-02-26 00:50:52",3540
"2020-02-26 01:51:04",3540
"2020-02-26 02:51:15",3540
"2020-02-26 03:50:46",3540
"2020-02-26 04:52:12",3540
"2020-02-26 05:51:47",3540
"2020-02-26 06:51:39",3540
"2020-02-26 07:52:35",3540
"2020-02-26 08:51:30",3540
"2020-02-26 09:51:09",3540
"2020-02-26 10:50:43",3540
"2020-02-26 11:51:20",3540
"2020-02-26 12:50:45",3540
"2020-02-26 13:51:48",3540
"2020-02-26 14:52:24",3540
"2020-02-26 15:52:02",3537
"2020-02-26 16:51:13",3540
"2020-02-26 17:51:06",3539
"2020-02-26 18:51:18",3539
"2020-02-26 19:51:49",3539
"2020-02-26 20:51:45",3539
"2020-02-26 21:51:43",3539
"2020-02-26 22:51:45",3539
"2020-02-26 23:51:44",3538
"2020-02-27 00:50:47",3538
"2020-02-27 01:51:19",3538
"2020-02-27 02:50:39",3538
"2020-02-27 03:52:09",3538
"2020-02-27 04:50:56",3538
"2020-02-27 05:50:56",3538
"2020-02-27 06:51:03",3538
"2020-02-27 07:50:38",3536
"2020-02-27 08:51:26",3536
"2020-02-27 09:50:57",3536
"2020-02-27 10:51:50",3536
"2020-02-27 11:51:14",3536
"2020-02-27 12:51:41",3536
"2020-02-27 14:11:27",3536
"2020-02-27 14:52:40",3536
"2020-02-27 15:51:45",3512
"2020-02-27 16:51:59",3507
"2020-02-27 17:51:22",3506
"2020-02-27 18:51:35",3508
"2020-02-27 19:50:45",3512
"2020-02-27 20:51:20",3507
"2020-02-27 21:51:02",3501
"2020-02-27 22:51:41",3501
"2020-02-27 23:50:58",3499
"2020-02-28 00:52:00",3499
"2020-02-28 01:50:49",3499
"2020-02-28 02:50:54",3499
"2020-02-28 03:51:55",3499
"2020-02-28 04:52:11",3499
"2020-02-28 05:51:54",3499
"2020-02-28 06:51:14",3499
"2020-02-28 07:51:40",3499
"2020-02-28 08:52:09",3499
"2020-02-28 09:51:53",3498
"2020-02-28 10:50:47",3498
"2020-02-28 11:51:10",3498
"2020-02-28 12:51:34",3498
"2020-02-28 14:12:01",3498
"2020-02-28 14:51:22",3498
"2020-02-28 15:51:09",3461
"2020-02-28 16:51:15",3458
"2020-02-28 17:51:11",3462
"2020-02-28 18:51:11",3466
"2020-02-28 19:52:07",3469
"2020-02-28 20:51:00",3468
"2020-02-28 21:50:53",3475
"2020-02-28 22:51:40",3476
"2020-02-28 23:50:55",3477
"2020-02-29 00:51:10",3477
"2020-02-29 01:51:01",3477
"2020-02-29 02:50:54",3477
"2020-02-29 03:50:46",3477
"2020-02-29 04:51:18",3477
"2020-02-29 05:50:49",3477
"2020-02-29 06:50:28",3477
"2020-02-29 07:52:09",3477
"2020-02-29 09:52:08",3478
"2020-02-29 10:49:38",3478
"2020-02-29 11:49:34",3477
"2020-02-29 12:52:12",3477
"2020-02-29 13:52:13",3477
"2020-02-29 14:49:52",3477
"2020-02-29 15:49:50",3477
"2020-02-29 16:50:42",3477
"2020-02-29 17:50:27",3477
"2020-02-29 18:49:47",3477
"2020-02-29 19:49:43",3477
"2020-02-29 20:49:32",3477
"2020-02-29 21:50:12",3477
"2020-02-29 22:53:05",3477
"2020-02-29 23:52:03",3477
"2020-03-01 00:52:06",3477
"2020-03-01 01:52:08",3477
"2020-03-01 02:49:50",3477
"2020-03-01 03:52:04",3477
"2020-03-01 04:49:40",3477
"2020-03-01 05:50:30",3477
"2020-03-01 06:49:46",3477
"2020-03-01 07:50:20",3477
"2020-03-01 08:49:33",3477
"2020-03-01 09:52:08",3477
"2020-03-01 10:51:58",3477
"2020-03-01 11:50:16",3477
"2020-03-01 12:50:30",3477
"2020-03-01 13:49:34",3477
"2020-03-01 14:49:29",3477
"2020-03-01 15:52:14",3477
"2020-03-01 16:50:38",3477
"2020-03-01 17:52:00",3477
"2020-03-01 18:52:16",3477
"2020-03-01 19:52:19",3477
"2020-03-01 20:52:15",3477
"2020-03-01 21:49:39",3477
"2020-03-01 22:49:42",3477
"2020-03-01 23:52:10",3477
"2020-03-02 00:49:25",3477
"2020-03-02 01:50:36",3477
"2020-03-02 02:52:06",3477
"2020-03-02 03:53:04",3477
"2020-03-02 04:50:36",3477
"2020-03-02 05:53:37",3477
"2020-03-02 07:50:54",3477
"2020-03-02 08:53:27",3477
"2020-03-02 09:52:58",3477
"2020-03-02 10:51:18",3477
"2020-03-02 11:50:50",3477
"2020-03-02 12:51:42",3477
"2020-03-02 13:53:28",3477
"2020-03-02 18:50:39",3479
"2020-03-03 00:51:47",3488
"2020-03-03 01:52:11",3488
"2020-03-03 02:51:42",3488
"2020-03-03 03:52:36",3488
"2020-03-03 04:53:33",3488
"2020-03-03 06:54:22",3488
"2020-03-03 07:51:33",3488
"2020-03-03 08:54:21",3488
"2020-03-03 09:54:34",3488
"2020-03-03 10:51:41",3488
"2020-03-03 11:55:18",3487
"2020-03-03 12:51:38",3487
"2020-03-03 13:54:42",3487
"2020-03-03 14:53:37",3488
"2020-03-03 16:55:33",3507
"2020-03-03 17:54:49",3510
"2020-03-03 18:50:57",3512
"2020-03-03 19:51:00",3516
"2020-03-03 20:52:04",3515
"2020-03-03 21:51:42",3515
"2020-03-03 22:55:39",3517
"2020-03-03 23:53:23",3518
"2020-03-04 00:54:18",3518
"2020-03-04 01:53:38",3518
"2020-03-04 02:51:06",3518
"2020-03-04 03:51:40",3518
"2020-03-04 04:54:12",3518
"2020-03-04 05:51:14",3518
"2020-03-04 06:54:18",3518
"2020-03-04 07:51:33",3518
"2020-03-04 08:53:31",3518
"2020-03-04 09:51:26",3518
"2020-03-04 10:50:40",3518
"2020-03-04 11:54:15",3518
"2020-03-04 12:53:58",3518
"2020-03-04 13:52:47",3518
"2020-03-04 14:51:04",3519
"2020-03-04 15:54:30",3525
"2020-03-04 16:51:07",3528
"2020-03-04 17:51:46",3531
"2020-03-04 18:53:32",3527
"2020-03-04 19:58:58",3528
"2020-03-04 20:53:44",3529
"2020-03-04 21:50:46",3528
"2020-03-04 22:53:32",3528
"2020-03-04 23:51:12",3528
"2020-03-05 00:51:24",3528
"2020-03-05 01:51:52",3528
"2020-03-05 02:51:03",3528
"2020-03-05 03:51:10",3528
"2020-03-05 04:51:36",3528
"2020-03-05 05:51:45",3528
"2020-03-05 06:51:17",3528
"2020-03-05 07:50:57",3527
"2020-03-05 08:52:38",3527
"2020-03-05 09:51:43",3527
"2020-03-05 10:50:57",3527
"2020-03-05 11:54:12",3527
"2020-03-05 12:51:39",3527
"2020-03-05 13:51:37",3527
"2020-03-05 14:53:52",3527
"2020-03-05 15:51:54",3524
"2020-03-05 16:53:46",3520
"2020-03-05 17:50:58",3521
"2020-03-05 18:51:16",3519
"2020-03-05 19:51:11",3516
"2020-03-05 20:51:09",3515
"2020-03-05 21:50:56",3513
"2020-03-05 22:53:27",3512
"2020-03-05 23:53:30",3514
"2020-03-06 00:50:59",3514
"2020-03-06 01:51:04",3514
"2020-03-06 02:55:11",3514
"2020-03-06 03:53:34",3514
"2020-03-06 04:53:37",3514
"2020-03-06 05:53:43",3514
"2020-03-06 06:54:16",3514
"2020-03-06 07:53:17",3514
"2020-03-06 08:51:18",3512
"2020-03-06 09:53:41",3512
"2020-03-06 10:50:55",3512
"2020-03-06 11:54:09",3512
"2020-03-06 12:51:09",3512
"2020-03-06 13:50:38",3512
"2020-03-06 14:55:01",3511
"2020-03-06 15:52:01",3501
"2020-03-06 16:51:59",3504
"2020-03-06 17:51:24",3506
"2020-03-06 18:50:54",3504
"2020-03-06 19:51:41",3502
"2020-03-06 20:51:15",3503
"2020-03-06 21:50:54",3501
"2020-03-06 22:51:01",3501
"2020-03-06 23:51:50",3502
"2020-03-07 00:50:51",3502
"2020-03-07 01:51:46",3502
"2020-03-07 02:51:00",3502
"2020-03-07 03:54:13",3502
"2020-03-07 04:54:26",3502
"2020-03-07 05:53:43",3502
"2020-03-07 06:53:30",3502
"2020-03-07 07:51:50",3502
"2020-03-07 08:53:20",3502
"2020-03-07 09:51:16",3502
"2020-03-07 10:51:40",3501
"2020-03-07 11:53:22",3501
"2020-03-07 12:51:43",3501
"2020-03-07 13:50:46",3496
"2020-03-07 14:51:11",3496
"2020-03-07 15:50:46",3496
"2020-03-07 16:51:03",3496
"2020-03-07 17:51:49",3496
"2020-03-07 18:51:07",3496
"2020-03-07 19:51:14",3496
"2020-03-07 20:53:38",3496
"2020-03-07 21:54:32",3496
"2020-03-07 22:53:39",3496
"2020-03-07 23:53:34",3496
"2020-03-08 00:51:01",3496
"2020-03-08 01:51:50",3496
"2020-03-08 02:51:55",3496
"2020-03-08 03:53:45",3496
"2020-03-08 04:53:33",3496
"2020-03-08 05:53:35",3496
"2020-03-08 06:52:25",3496
"2020-03-08 07:53:25",3496
"2020-03-08 08:53:33",3496
"2020-03-08 09:51:44",3496
"2020-03-08 10:53:31",3496
"2020-03-08 11:51:40",3496
"2020-03-08 12:54:13",3496
"2020-03-08 13:54:25",3496
"2020-03-08 14:51:05",3496
"2020-03-08 15:53:35",3496
"2020-03-08 16:50:56",3496
"2020-03-08 17:51:11",3496
"2020-03-08 18:54:38",3496
"2020-03-08 19:52:30",3496
"2020-03-08 20:51:59",3496
"2020-03-08 21:50:57",3496
"2020-03-08 22:53:23",3496
"2020-03-08 23:51:05",3496
"2020-03-09 00:54:06",3496
"2020-03-09 01:50:59",3496
"2020-03-09 02:54:10",3496
"2020-03-09 03:53:52",3496
"2020-03-09 04:53:33",3496
"2020-03-09 05:51:07",3496
"2020-03-09 06:50:53",3496
"2020-03-09 07:51:11",3496
"2020-03-09 08:50:47",3496
"2020-03-09 09:51:27",3496
"2020-03-09 10:53:15",3496
"2020-03-09 11:53:27",3496
"2020-03-09 12:52:29",3496
"2020-03-09 13:50:14",3497
"2020-03-09 14:53:10",3496
"2020-03-09 15:51:33",3491
"2020-03-09 16:50:57",3489
"2020-03-09 17:49:56",3490
"2020-03-09 18:50:15",3493
"2020-03-09 19:51:01",3493
"2020-03-09 20:51:11",3496
"2020-03-09 21:53:32",3498
"2020-03-09 22:53:20",3499
"2020-03-09 23:54:21",3499
"2020-03-10 00:50:47",3499
"2020-03-10 01:53:28",3499
"2020-03-10 02:51:39",3499
"2020-03-10 03:54:08",3499
"2020-03-10 04:51:38",3499
"2020-03-10 06:54:09",3499
"2020-03-10 07:53:56",3499
"2020-03-10 08:51:09",3499
"2020-03-10 09:53:13",3497
"2020-03-10 10:52:55",3497
"2020-03-10 11:53:21",3497
"2020-03-10 12:51:36",3497
"2020-03-10 13:52:07",3498
"2020-03-10 14:54:25",3506
"2020-03-10 15:54:32",3513
"2020-03-10 16:50:49",3517
"2020-03-10 17:53:47",3520
"2020-03-10 18:53:40",3521
"2020-03-10 19:53:50",3523
"2020-03-10 20:56:26",3526
"2020-03-10 21:54:15",3525
"2020-03-10 22:53:23",3526
"2020-03-10 23:51:36",3526
"2020-03-11 00:53:55",3526
"2020-03-11 01:54:04",3526
"2020-03-11 02:54:28",3526
"2020-03-11 03:51:41",3526
"2020-03-11 04:51:56",3526
"2020-03-11 05:54:08",3526
"2020-03-11 06:53:22",3521
"2020-03-11 07:50:54",3521
"2020-03-11 08:51:42",3521
"2020-03-11 09:50:36",3521
"2020-03-11 10:50:52",3521
"2020-03-11 11:53:42",3521
"2020-03-11 12:54:04",3521
"2020-03-11 13:53:41",3522
"2020-03-11 14:51:52",3522
"2020-03-11 15:51:09",3523
"2020-03-11 16:54:13",3529
"2020-03-11 17:51:51",3536
"2020-03-11 18:51:08",3541
"2020-03-11 19:54:26",3541
"2020-03-11 20:54:28",3542
"2020-03-11 21:51:45",3543
"2020-03-11 22:51:53",3544
"2020-03-11 23:52:17",3544
"2020-03-12 00:50:51",3544
"2020-03-12 01:53:44",3544
"2020-03-12 02:51:36",3544
"2020-03-12 03:53:46",3544
"2020-03-12 04:54:15",3544
"2020-03-12 05:51:56",3544
"2020-03-12 06:51:23",3542
"2020-03-12 07:51:38",3542
"2020-03-12 08:53:43",3542
"2020-03-12 09:52:23",3542
"2020-03-12 10:53:30",3542
"2020-03-12 11:53:32",3542
"2020-03-12 12:53:28",3542
"2020-03-12 13:54:41",3541
"2020-03-12 14:50:52",3527
"2020-03-12 15:50:48",3530
"2020-03-12 16:51:13",3527
"2020-03-12 17:51:02",3522
"2020-03-12 18:54:22",3522
"2020-03-12 19:51:58",3525
"2020-03-12 20:51:09",3522
"2020-03-12 21:54:40",3522
"2020-03-12 22:50:59",3521
"2020-03-12 23:54:09",3521
"2020-03-13 00:54:30",3521
"2020-03-13 01:50:53",3521
"2020-03-13 02:53:40",3521
"2020-03-13 03:53:44",3521
"2020-03-13 04:51:39",3521
"2020-03-13 05:52:23",3521
"2020-03-13 06:55:25",3521
"2020-03-13 07:54:55",3519
"2020-03-13 08:54:58",3519
"2020-03-13 09:55:08",3519
"2020-03-13 10:51:40",3519
"2020-03-13 11:53:22",3519
"2020-03-13 13:11:34",3518
"2020-03-13 13:52:32",3518
"2020-03-13 14:52:12",3518
"2020-03-13 15:52:01",3541
"2020-03-13 16:53:50",3544
"2020-03-13 17:53:39",3549
"2020-03-13 18:54:30",3554
"2020-03-13 19:53:51",3555
"2020-03-13 20:51:18",3557
"2020-03-13 21:51:45",3557
"2020-03-13 22:51:02",3557
"2020-03-13 23:53:26",3557
"2020-03-14 00:51:53",3557
"2020-03-14 01:54:17",3557
"2020-03-14 02:53:48",3557
"2020-03-14 03:51:36",3557
"2020-03-14 04:54:25",3557
"2020-03-14 05:53:52",3557
"2020-03-14 06:52:00",3557
"2020-03-14 07:54:18",3557
"2020-03-14 08:53:34",3557
"2020-03-14 09:53:36",3555
"2020-03-14 10:51:26",3555
"2020-03-14 11:51:15",3555
"2020-03-14 12:51:31",3555
"2020-03-14 13:51:01",3555
"2020-03-14 14:53:43",3555
"2020-03-14 15:51:00",3555
"2020-03-14 16:53:31",3555
"2020-03-14 17:51:42",3555
"2020-03-14 18:53:44",3555
"2020-03-14 19:51:56",3555
"2020-03-14 20:54:09",3555
"2020-03-14 21:53:35",3555
"2020-03-14 22:54:31",3555
"2020-03-14 23:53:24",3555
"2020-03-15 00:51:30",3555
"2020-03-15 01:51:42",3555
"2020-03-15 02:54:17",3555
"2020-03-15 03:54:27",3555
"2020-03-15 04:51:10",3555
"2020-03-15 05:54:20",3555
"2020-03-15 06:51:58",3555
"2020-03-15 07:54:30",3555
"2020-03-15 09:04:27",3555
"2020-03-15 09:52:30",3555
"2020-03-15 10:53:15",3555
"2020-03-15 11:54:22",3555
"2020-03-15 12:53:32",3555
"2020-03-15 13:51:11",3555
"2020-03-15 14:52:24",3555
"2020-03-15 15:51:36",3555
"2020-03-15 16:53:30",3555
"2020-03-15 17:52:01",3555
"2020-03-15 18:54:15",3555
"2020-03-15 19:53:41",3555
"2020-03-15 20:51:50",3555
"2020-03-15 21:51:52",3555
"2020-03-15 22:53:39",3555
"2020-03-15 23:53:28",3555
"2020-03-16 00:51:05",3555
"2020-03-16 01:51:09",3555
"2020-03-16 02:50:59",3555
"2020-03-16 03:52:49",3555
"2020-03-16 04:53:41",3555
"2020-03-16 05:54:31",3555
"2020-03-16 06:51:48",3555
"2020-03-16 07:54:18",3555
"2020-03-16 09:03:02",3555
"2020-03-16 09:53:33",3555
"2020-03-16 10:51:48",3555
"2020-03-16 11:53:16",3555
"2020-03-16 13:13:12",3559
"2020-03-16 14:51:42",3577
"2020-03-16 15:53:27",3596
"2020-03-16 16:51:16",3605
"2020-03-16 17:51:52",3610
"2020-03-16 18:51:13",3620
"2020-03-16 19:54:26",3623
"2020-03-16 20:50:59",3629
"2020-03-16 21:52:01",3627
"2020-03-16 22:51:21",3627
"2020-03-16 23:53:55",3627
"2020-03-17 00:53:46",3627
"2020-03-17 01:51:11",3627
"2020-03-17 02:53:41",3627
"2020-03-17 20:14:58",3651
"2020-03-17 20:23:46",3651
"2020-03-17 20:51:58",3651
"2020-03-17 21:51:22",3650
"2020-03-17 22:51:03",3652
"2020-03-17 23:51:33",3652
"2020-03-18 00:51:57",3652
"2020-03-18 01:52:07",3652
"2020-03-18 02:52:02",3652
"2020-03-18 03:52:16",3652
"2020-03-18 04:52:04",3652
"2020-03-18 05:52:18",3652
"2020-03-18 06:51:30",3652
"2020-03-18 07:52:15",3652
"2020-03-18 08:50:46",3652
"2020-03-18 09:51:42",3651
"2020-03-18 10:51:09",3651
"2020-03-18 11:51:10",3651
"2020-03-18 13:13:05",3654
"2020-03-18 13:52:28",3654
"2020-03-18 14:51:40",3663
"2020-03-18 15:51:43",3664
"2020-03-18 16:51:31",3663
"2020-03-18 17:52:17",3669
"2020-03-18 18:51:24",3672
"2020-03-18 19:52:03",3670
"2020-03-18 20:51:25",3665
"2020-03-18 21:51:19",3666
"2020-03-18 22:51:12",3666
"2020-03-18 23:51:45",3666
"2020-03-19 00:51:27",3666
"2020-03-19 01:52:02",3666
"2020-03-19 02:51:11",3666
"2020-03-19 03:51:05",3666
"2020-03-19 04:51:22",3666
"2020-03-19 05:54:26",3666
"2020-03-19 06:51:30",3666
"2020-03-19 07:51:36",3666
"2020-03-19 08:51:13",3665
"2020-03-19 09:51:50",3665
"2020-03-19 10:50:50",3665
"2020-03-19 11:51:05",3665
"2020-03-19 12:50:54",3665
"2020-03-19 13:51:32",3665
"2020-03-19 14:51:35",3668
"2020-03-19 15:51:33",3677
"2020-03-19 16:51:35",3688
"2020-03-19 17:51:31",3695
"2020-03-19 18:51:04",3702
"2020-03-19 19:51:47",3701
"2020-03-19 20:52:17",3709
"2020-03-19 21:51:52",3714
"2020-03-19 22:51:14",3716
"2020-03-19 23:52:41",3716
"2020-03-20 00:51:12",3716
"2020-03-20 01:51:06",3716
"2020-03-20 02:52:55",3716
"2020-03-20 03:51:25",3716
"2020-03-20 04:51:31",3716
"2020-03-20 06:52:01",3716
"2020-03-20 07:51:33",3714
"2020-03-20 08:52:47",3714
"2020-03-20 09:51:59",3714
"2020-03-20 10:51:23",3714
"2020-03-20 11:51:11",3714
"2020-03-20 13:11:58",3715
"2020-03-20 13:52:26",3715
"2020-03-20 14:51:28",3735
"2020-03-20 15:51:17",3741
"2020-03-20 16:51:23",3749
"2020-03-20 17:51:25",3754
"2020-03-20 18:51:13",3756
"2020-03-20 19:51:33",3768
"2020-03-20 20:51:26",3790
"2020-03-20 21:51:06",3794
"2020-03-20 22:52:07",3796
"2020-03-20 23:52:15",3796
"2020-03-21 00:51:36",3796
"2020-03-21 01:51:23",3796
"2020-03-21 02:52:01",3796
"2020-03-21 03:52:06",3796
"2020-03-21 04:51:09",3796
"2020-03-21 05:51:04",3796
"2020-03-21 06:51:17",3796
"2020-03-21 07:51:48",3796
"2020-03-21 09:14:25",3796
"2020-03-21 09:51:18",3796
"2020-03-21 10:51:23",3796
"2020-03-21 11:51:40",3793
"2020-03-21 12:50:59",3793
"2020-03-21 13:51:12",3793
"2020-03-21 14:52:34",3793
"2020-03-21 15:51:57",3793
"2020-03-21 16:51:47",3793
"2020-03-21 17:52:20",3793
"2020-03-21 18:51:27",3793
"2020-03-21 19:51:31",3793
"2020-03-21 20:50:59",3793
"2020-03-21 21:51:27",3793
"2020-03-21 22:51:08",3793
"2020-03-21 23:51:14",3793
"2020-03-22 00:51:02",3793
"2020-03-22 01:51:51",3793
"2020-03-22 02:51:09",3793
"2020-03-22 03:52:24",3793
"2020-03-22 04:51:30",3793
"2020-03-22 05:51:30",3793
"2020-03-22 06:52:00",3793
"2020-03-22 07:51:54",3793
"2020-03-22 09:18:39",3793
"2020-03-22 09:51:17",3793
"2020-03-22 10:51:50",3793
"2020-03-22 11:51:04",3793
"2020-03-22 12:51:48",3793
"2020-03-22 22:01:10",3793
"2020-03-22 22:52:02",3793
"2020-03-22 23:51:25",3793
"2020-03-23 00:53:01",3793
"2020-03-23 01:52:03",3793
"2020-03-23 02:51:04",3793
"2020-03-23 03:51:17",3793
"2020-03-23 04:52:11",3793
"2020-03-23 05:51:56",3793
"2020-03-23 06:51:46",3793
"2020-03-23 07:51:17",3793
"2020-03-23 08:51:23",3793
"2020-03-23 09:52:04",3793
"2020-03-23 10:51:19",3793
"2020-03-23 11:51:56",3793
"2020-03-23 13:11:27",3793
"2020-03-23 13:51:46",3793
"2020-03-23 14:52:05",3825
"2020-03-23 15:51:39",3840
"2020-03-23 16:52:20",3846
"2020-03-23 17:51:30",3854
"2020-03-23 18:51:17",3856
"2020-03-23 19:52:02",3862
"2020-03-23 20:52:05",3876
"2020-03-23 21:51:28",3878
"2020-03-23 22:51:27",3880
"2020-03-23 23:51:29",3880
"2020-03-24 00:51:17",3880
"2020-03-24 01:51:18",3880
"2020-03-24 02:51:07",3880
"2020-03-24 03:51:34",3880
"2020-03-24 04:52:03",3880
"2020-03-24 05:54:23",3880
"2020-03-24 06:52:25",3880
"2020-03-24 07:52:37",3878
"2020-03-24 09:12:58",3878
"2020-03-24 09:50:54",3878
"2020-03-24 10:51:00",3878
"2020-03-24 11:51:04",3878
"2020-03-24 12:50:37",3878
"2020-03-24 13:53:14",3878
"2020-03-24 14:53:33",3884
"2020-03-24 15:52:48",3887
"2020-03-24 16:52:52",3891
"2020-03-24 17:52:15",3892
"2020-03-24 18:52:10",3896
"2020-03-24 19:51:40",3899
"2020-03-24 20:51:15",3896
"2020-03-24 21:51:00",3894
"2020-03-24 22:52:01",3895
"2020-03-24 23:51:51",3895
"2020-03-25 00:51:21",3895
"2020-03-25 01:51:29",3895
"2020-03-25 02:51:13",3895
"2020-03-25 03:51:14",3895
"2020-03-25 04:50:51",3895
"2020-03-25 06:52:29",3895
"2020-03-25 07:51:12",3895
"2020-03-25 09:52:58",3895
"2020-03-25 10:51:20",3895
"2020-03-25 11:51:56",3895
"2020-03-25 12:51:58",3895
"2020-03-25 13:52:37",3895
"2020-03-25 14:52:30",3914
"2020-03-25 15:52:56",3923
"2020-03-25 16:52:26",3940
"2020-03-25 17:53:16",3947
"2020-03-25 18:51:26",3939
"2020-03-25 19:51:30",3940
"2020-03-25 20:51:43",3942
"2020-03-25 21:51:09",3944
"2020-03-25 22:51:15",3946
"2020-03-25 23:51:24",3946
"2020-03-26 02:09:52",3946
"2020-03-26 02:51:26",3946
"2020-03-26 03:51:57",3946
"2020-03-26 04:52:58",3946
"2020-03-26 05:51:41",3946
"2020-03-26 06:51:46",3946
"2020-03-26 07:51:47",3946
"2020-03-26 08:51:15",3946
"2020-03-26 09:51:57",3946
"2020-03-26 10:51:02",3946
"2020-03-26 11:51:30",3946
"2020-03-26 12:51:31",3946
"2020-03-26 13:51:38",3948
"2020-03-26 14:51:55",3963
"2020-03-26 15:51:49",3958
"2020-03-26 16:51:34",3957
"2020-03-26 17:52:03",3965
"2020-03-26 18:51:24",3965
"2020-03-26 19:51:25",3964
"2020-03-26 20:51:30",3962
"2020-03-26 21:51:53",3959
"2020-03-26 22:51:15",3960
"2020-03-26 23:52:10",3960
"2020-03-27 00:51:30",3960
"2020-03-27 01:51:47",3960
"2020-03-27 02:52:05",3960
"2020-03-27 03:51:33",3960
"2020-03-27 04:51:53",3960
"2020-03-27 05:51:28",3960
"2020-03-27 06:52:02",3960
"2020-03-27 07:52:28",3958
"2020-03-27 08:54:58",3958
"2020-03-27 09:52:37",3958
"2020-03-27 10:51:42",3958
"2020-03-27 11:51:15",3958
"2020-03-27 12:51:09",3958
"2020-03-27 13:52:07",3959
"2020-03-27 14:51:26",3967
"2020-03-27 15:51:31",3969
"2020-03-27 16:51:52",3964
"2020-03-27 17:51:30",3963
"2020-03-27 18:52:20",3962
"2020-03-27 19:51:30",3956
"2020-03-27 20:51:27",3963
"2020-03-27 21:52:16",3963
"2020-03-27 22:51:30",3964
"2020-03-27 23:51:46",3964
"2020-03-28 00:52:01",3964
"2020-03-28 01:50:58",3964
"2020-03-28 02:51:11",3964
"2020-03-28 03:51:32",3964
"2020-03-28 04:51:21",3964
"2020-03-28 05:52:52",3964
"2020-03-28 06:51:34",3964
"2020-03-28 07:50:59",3964
"2020-03-28 08:51:15",3964
"2020-03-28 09:51:49",3964
"2020-03-28 10:52:16",3962
"2020-03-28 11:51:19",3962
"2020-03-28 12:52:00",3962
"2020-03-28 13:51:58",3962
"2020-03-28 14:51:27",3962
"2020-03-28 15:51:23",3962
"2020-03-28 16:51:09",3962
"2020-03-28 17:51:27",3962
"2020-03-28 18:51:41",3962
"2020-03-28 19:51:11",3962
"2020-03-28 20:51:29",3962
"2020-03-28 21:51:02",3962
"2020-03-28 22:52:41",3962
"2020-03-28 23:51:30",3962
"2020-03-29 00:51:43",3962
"2020-03-29 01:52:03",3962
"2020-03-29 02:52:43",3962
"2020-03-29 03:52:55",3962
"2020-03-29 04:52:00",3962
"2020-03-29 05:51:42",3962
"2020-03-29 06:52:56",3962
"2020-03-29 07:51:50",3962
"2020-03-29 08:51:26",3962
"2020-03-29 09:51:21",3962
"2020-03-29 10:52:19",3962
"2020-03-29 11:51:27",3962
"2020-03-29 12:51:13",3962
"2020-03-29 13:51:12",3962
"2020-03-29 14:51:16",3962
"2020-03-29 15:51:13",3962
"2020-03-29 16:51:27",3962
"2020-03-29 17:52:00",3962
"2020-03-29 18:51:21",3962
"2020-03-29 19:51:16",3962
"2020-03-29 20:51:13",3962
"2020-03-29 21:52:41",3962
"2020-03-29 22:51:30",3962
"2020-03-29 23:51:37",3962
"2020-03-30 00:51:29",3962
"2020-03-30 01:51:23",3962
"2020-03-30 02:52:21",3962
"2020-03-30 03:51:26",3962
"2020-03-30 04:52:15",3962
"2020-03-30 05:51:14",3962
"2020-03-30 06:51:36",3962
"2020-03-30 07:52:10",3962
"2020-03-30 08:51:16",3962
"2020-03-30 09:51:00",3962
"2020-03-30 10:51:09",3962
"2020-03-30 11:50:42",3962
"2020-03-30 12:51:11",3962
"2020-03-30 13:52:27",3962
"2020-03-30 14:51:23",3976
"2020-03-30 15:52:09",3980
"2020-03-30 16:51:36",3981
"2020-03-30 17:52:00",3983
"2020-03-30 18:51:36",3986
"2020-03-30 19:52:13",3984
"2020-03-30 20:51:20",3985
"2020-03-30 21:51:57",3984
"2020-03-30 22:51:11",3983
"2020-03-30 23:51:06",3983
"2020-03-31 00:50:55",3983
"2020-03-31 01:51:13",3983
"2020-03-31 02:51:12",3983
"2020-03-31 03:51:44",3983
"2020-03-31 04:51:15",3983
"2020-03-31 05:51:19",3983
"2020-03-31 06:51:14",3983
"2020-03-31 07:51:27",3981
"2020-03-31 08:51:23",3981
"2020-03-31 09:51:17",3981
"2020-03-31 10:51:12",3981
"2020-03-31 11:51:58",3981
"2020-03-31 13:10:31",3981
"2020-03-31 13:51:37",3981
"2020-03-31 14:52:33",3993
"2020-03-31 15:51:20",4002
"2020-03-31 16:52:29",4005
"2020-03-31 17:51:28",4005
"2020-03-31 18:51:54",4008
"2020-03-31 19:51:16",4014
"2020-03-31 20:52:05",4021
"2020-03-31 21:51:17",4022
"2020-03-31 22:51:23",4022
"2020-03-31 23:50:32",4022
"2020-04-01 00:49:56",4022
"2020-04-01 01:49:58",4022
"2020-04-01 02:49:53",4022
"2020-04-01 03:50:04",4022
"2020-04-01 04:50:27",4022
"2020-04-01 05:50:50",4022
"2020-04-01 06:50:10",4022
"2020-04-01 07:50:45",4022
"2020-04-01 08:49:54",4022
"2020-04-01 09:50:16",4022
"2020-04-01 10:49:32",4022
"2020-04-01 11:51:10",4022
"2020-04-01 13:13:32",4023
"2020-04-01 13:49:56",4023
"2020-04-01 14:51:12",4025
"2020-04-01 15:50:36",4030
"2020-04-01 16:49:39",4032
"2020-04-01 17:49:36",4043
"2020-04-01 18:49:43",4052
"2020-04-01 19:49:54",4058
"2020-04-01 20:49:58",4068
"2020-04-01 21:49:41",4068
"2020-04-01 22:49:42",4068
"2020-04-01 23:50:45",4068
"2020-04-02 00:49:51",4068
"2020-04-02 01:50:39",4068
"2020-04-02 02:49:49",4068
"2020-04-02 03:50:35",4068
"2020-04-02 04:49:54",4068
"2020-04-02 05:50:06",4068
"2020-04-02 06:49:27",4067
"2020-04-02 07:50:37",4067
"2020-04-02 08:51:33",4067
"2020-04-02 09:50:34",4067
"2020-04-02 10:49:58",4067
"2020-04-02 11:49:45",4067
"2020-04-02 13:14:34",4067
"2020-04-02 13:50:49",4067
"2020-04-02 14:49:38",4073
"2020-04-02 15:50:04",4078
"2020-04-02 16:49:30",4080
"2020-04-02 17:49:41",4082
"2020-04-02 19:49:43",4079
"2020-04-02 20:50:23",4079
"2020-04-02 21:51:20",4076
"2020-04-02 22:50:49",4077
"2020-04-02 23:49:42",4077
"2020-04-03 00:50:04",4077
"2020-04-03 01:50:34",4077
"2020-04-03 02:49:55",4077
"2020-04-03 03:49:42",4077
"2020-04-03 04:50:23",4077
"2020-04-03 05:50:38",4077
"2020-04-03 06:49:51",4077
"2020-04-03 08:49:53",4077
"2020-04-03 09:49:52",4077
"2020-04-03 10:50:32",4077
"2020-04-03 11:49:44",4077
"2020-04-03 13:15:34",4077
"2020-04-03 13:50:05",4077
"2020-04-03 14:50:09",4084
"2020-04-03 15:50:41",4090
"2020-04-03 16:50:37",4094
"2020-04-03 17:50:40",4096
"2020-04-03 18:50:42",4099
"2020-04-03 19:49:48",4101
"2020-04-03 20:49:44",4104
"2020-04-03 21:50:03",4108
"2020-04-03 22:51:12",4108
"2020-04-03 23:49:55",4108
"2020-04-04 00:49:39",4108
"2020-04-04 01:50:30",4108
"2020-04-04 02:49:58",4108
"2020-04-04 03:50:03",4108
"2020-04-04 04:50:17",4108
"2020-04-04 05:50:30",4108
"2020-04-04 06:49:39",4108
"2020-04-04 07:50:43",4108
"2020-04-04 08:50:22",4108
"2020-04-04 09:50:19",4108
"2020-04-04 10:49:51",4108
"2020-04-04 11:49:49",4108
"2020-04-04 12:49:47",4108
"2020-04-04 13:49:43",4108
"2020-04-04 14:50:14",4108
"2020-04-04 15:49:32",4108
"2020-04-04 16:49:50",4108
"2020-04-04 17:49:51",4108
"2020-04-04 18:49:43",4108
"2020-04-04 19:49:48",4108
"2020-04-04 20:49:37",4108
"2020-04-04 21:49:43",4108
"2020-04-04 22:50:42",4108
"2020-04-04 23:49:40",4108
"2020-04-05 00:51:02",4108
"2020-04-05 01:50:30",4108
"2020-04-05 02:49:36",4108
"2020-04-05 03:49:51",4108
"2020-04-05 04:50:30",4108
"2020-04-05 05:50:16",4108
"2020-04-05 06:50:24",4108
"2020-04-05 07:49:52",4108
"2020-04-05 08:50:01",4108
"2020-04-05 09:49:44",4108
"2020-04-05 10:50:41",4108
"2020-04-05 11:50:30",4108
"2020-04-05 12:49:39",4108
"2020-04-05 13:50:37",4108
"2020-04-05 14:49:50",4108
"2020-04-05 15:49:35",4108
"2020-04-05 16:50:32",4108
"2020-04-05 17:49:30",4108
"2020-04-05 18:49:53",4108
"2020-04-05 19:49:40",4108
"2020-04-05 20:49:51",4108
"2020-04-05 21:49:57",4108
"2020-04-05 22:50:24",4108
"2020-04-05 23:49:41",4108
"2020-04-06 00:49:37",4108
"2020-04-06 01:49:56",4108
"2020-04-06 02:50:22",4108
"2020-04-06 03:51:19",4108
"2020-04-06 04:49:24",4108
"2020-04-06 05:50:11",4108
"2020-04-06 06:50:13",4108
"2020-04-06 07:49:49",4108
"2020-04-06 08:50:32",4108
"2020-04-06 09:49:42",4108
"2020-04-06 10:50:11",4108
"2020-04-06 11:49:31",4108
"2020-04-06 12:50:08",4108
"2020-04-06 13:49:54",4108
"2020-04-06 14:49:51",4115
"2020-04-06 15:49:53",4108
"2020-04-06 16:49:39",4108
"2020-04-06 17:49:38",4107
"2020-04-06 18:53:05",4103
"2020-04-06 19:50:30",4099
"2020-04-06 20:49:44",4092
"2020-04-06 21:49:33",4093
"2020-04-06 22:49:52",4093
"2020-04-06 23:50:15",4093
"2020-04-07 00:49:54",4093
"2020-04-07 01:50:10",4093
"2020-04-07 02:49:56",4093
"2020-04-07 03:49:42",4093
"2020-04-07 04:49:46",4093
"2020-04-07 05:49:33",4093
"2020-04-07 06:50:06",4093
"2020-04-07 07:49:53",4093
"2020-04-07 08:50:25",4093
"2020-04-07 09:49:41",4093
"2020-04-07 10:49:24",4093
"2020-04-07 11:49:39",4093
"2020-04-07 12:49:40",4093
"2020-04-07 13:49:49",4094
"2020-04-07 14:49:19",4098
"2020-04-07 15:49:34",4105
"2020-04-07 16:49:59",4113
"2020-04-07 17:49:28",4113
"2020-04-07 18:49:32",4111
"2020-04-07 19:49:30",4112
"2020-04-07 20:49:48",4115
"2020-04-07 21:49:58",4115
"2020-04-07 22:49:36",4115
"2020-04-07 23:49:43",4115
"2020-04-08 00:49:54",4115
"2020-04-08 01:49:34",4115
"2020-04-08 02:49:16",4115
"2020-04-08 03:49:57",4115
"2020-04-08 04:49:25",4115
"2020-04-08 06:49:49",4115
"2020-04-08 07:50:05",4114
"2020-04-08 09:11:56",4114
"2020-04-08 09:49:43",4114
"2020-04-08 10:49:35",4114
"2020-04-08 11:49:30",4114
"2020-04-08 12:49:30",4114
"2020-04-08 13:49:41",4115
"2020-04-08 14:49:25",4115
"2020-04-08 15:49:46",4119
"2020-04-08 16:49:31",4118
"2020-04-08 17:50:06",4118
"2020-04-08 18:49:31",4117
"2020-04-08 19:50:02",4112
"2020-04-08 20:49:43",4106
"2020-04-08 21:49:32",4106
"2020-04-08 22:49:23",4105
"2020-04-08 23:49:38",4105
"2020-04-09 00:49:29",4105
"2020-04-09 02:49:37",4105
"2020-04-09 03:49:30",4105
"2020-04-09 04:50:09",4105
"2020-04-09 05:49:45",4105
"2020-04-09 06:50:16",4105
"2020-04-09 07:49:20",4105
"2020-04-09 08:49:25",4105
"2020-04-09 09:49:22",4105
"2020-04-09 10:49:33",4105
"2020-04-09 11:49:32",4105
"2020-04-09 12:49:27",4105
"2020-04-09 13:49:49",4105
"2020-04-09 14:49:48",4106
"2020-04-09 15:49:12",4105
"2020-04-09 16:49:32",4094
"2020-04-09 17:49:31",4092
"2020-04-09 18:49:09",4091
"2020-04-09 19:50:02",4087
"2020-04-09 20:49:30",4089
"2020-04-09 21:49:27",4088
"2020-04-09 22:49:25",4087
"2020-04-09 23:49:22",4087
"2020-04-10 00:49:33",4087
"2020-04-10 01:49:19",4087
"2020-04-10 02:49:41",4087
"2020-04-10 03:49:33",4087
"2020-04-10 04:49:25",4087
"2020-04-10 05:49:44",4086
"2020-04-10 06:49:24",4084
"2020-04-10 07:49:25",4084
"2020-04-10 08:49:43",4084
"2020-04-10 09:49:28",4084
"2020-04-10 10:49:35",4084
"2020-04-10 11:49:33",4084
"2020-04-10 12:49:29",4084
"2020-04-10 13:49:37",4084
"2020-04-10 14:49:52",4084
"2020-04-10 15:49:32",4084
"2020-04-10 16:49:18",4084
"2020-04-10 17:49:29",4084
"2020-04-10 18:49:30",4084
"2020-04-10 19:49:30",4084
"2020-04-10 20:50:07",4084
"2020-04-10 21:49:02",4084
"2020-04-10 22:48:57",4084
"2020-04-10 23:49:00",4084
"2020-04-11 00:49:10",4084
"2020-04-11 01:48:51",4084
"2020-04-11 02:49:00",4084
"2020-04-11 03:48:59",4084
"2020-04-11 04:49:08",4084
"2020-04-11 05:48:54",4084
"2020-04-11 06:49:00",4084
"2020-04-11 07:48:57",4084
"2020-04-11 08:48:47",4084
"2020-04-11 09:48:50",4084
"2020-04-11 10:49:09",4084
"2020-04-11 11:48:49",4084
"2020-04-11 12:48:57",4084
"2020-04-11 13:49:09",4084
"2020-04-11 14:48:48",4084
"2020-04-11 15:49:11",4084
"2020-04-11 16:49:05",4084
"2020-04-11 17:49:05",4084
"2020-04-11 18:49:03",4084
"2020-04-11 19:48:56",4084
"2020-04-11 20:48:47",4084
"2020-04-11 21:48:58",4084
"2020-04-11 22:48:57",4084
"2020-04-11 23:48:58",4084
"2020-04-12 00:49:11",4084
"2020-04-12 01:48:56",4084
"2020-04-12 02:48:56",4084
"2020-04-12 03:48:51",4084
"2020-04-12 04:49:17",4084
"2020-04-12 05:49:04",4084
"2020-04-12 06:49:02",4084
"2020-04-12 07:48:53",4084
"2020-04-12 08:48:55",4084
"2020-04-12 09:49:01",4084
"2020-04-12 10:49:02",4084
"2020-04-12 11:48:52",4084
"2020-04-12 12:48:58",4084
"2020-04-12 13:49:09",4084
"2020-04-12 14:49:01",4084
"2020-04-12 15:48:59",4084
"2020-04-12 16:48:57",4084
"2020-04-12 17:48:49",4084
"2020-04-12 18:49:05",4084
"2020-04-12 19:48:58",4084
"2020-04-12 20:49:22",4084
"2020-04-12 21:49:06",4084
"2020-04-12 22:49:12",4084
"2020-04-12 23:49:22",4084
"2020-04-13 00:49:36",4084
"2020-04-13 01:49:14",4084
"2020-04-13 02:49:20",4084
"2020-04-13 03:49:43",4084
"2020-04-13 04:49:26",4084
"2020-04-13 05:49:22",4084
"2020-04-13 06:49:00",4084
"2020-04-13 07:48:48",4084
"2020-04-13 08:49:01",4084
"2020-04-13 09:48:56",4084
"2020-04-13 10:48:55",4084
"2020-04-13 11:49:08",4084
"2020-04-13 13:12:24",4084
"2020-04-13 13:48:54",4084
"2020-04-13 14:48:52",4101
"2020-04-13 15:48:56",4090
"2020-04-13 16:49:03",4090
"2020-04-13 17:49:17",4092
"2020-04-13 18:48:49",4101
"2020-04-13 19:48:53",4101
"2020-04-13 20:49:01",4109
"2020-04-13 21:49:04",4109
"2020-04-13 22:48:51",4111
"2020-04-13 23:49:02",4111
"2020-04-14 00:49:40",4111
"2020-04-14 01:49:34",4111
"2020-04-14 02:49:25",4111
"2020-04-14 03:49:27",4111
"2020-04-14 04:49:26",4111
"2020-04-14 05:49:34",4111
"2020-04-14 06:49:10",4110
"2020-04-14 07:49:02",4110
"2020-04-14 08:49:05",4110
"2020-04-14 09:49:02",4110
"2020-04-14 10:49:02",4110
"2020-04-14 11:49:03",4110
"2020-04-14 12:48:59",4110
"2020-04-14 13:49:05",4110
"2020-04-14 14:49:19",4118
"2020-04-14 15:49:21",4118
"2020-04-14 16:49:25",4118
"2020-04-14 17:48:49",4121
"2020-04-14 18:49:29",4121
"2020-04-14 19:48:59",4123
"2020-04-14 20:48:57",4122
"2020-04-14 21:49:00",4123
"2020-04-14 22:48:57",4123
"2020-04-14 23:49:18",4123
"2020-04-15 00:49:19",4123
"2020-04-15 01:49:21",4123
"2020-04-15 02:49:17",4123
"2020-04-15 03:49:16",4123
"2020-04-15 04:49:18",4123
"2020-04-15 05:48:55",4123
"2020-04-15 06:48:51",4123
"2020-04-15 07:49:01",4123
"2020-04-15 08:49:06",4121
"2020-04-15 09:49:00",4121
"2020-04-15 10:48:52",4121
"2020-04-15 11:48:50",4121
"2020-04-15 13:15:28",4121
"2020-04-15 14:49:01",4135
"2020-04-15 15:48:52",4150
"2020-04-15 16:49:12",4154
"2020-04-15 17:48:54",4166
"2020-04-15 18:48:58",4168
"2020-04-15 19:49:11",4170
"2020-04-15 20:48:56",4177
"2020-04-15 21:49:08",4180
"2020-04-15 22:49:09",4181
"2020-04-15 23:49:13",4181
"2020-04-16 00:49:19",4181
"2020-04-16 01:49:27",4181
"2020-04-16 02:49:30",4181
"2020-04-16 03:49:30",4181
"2020-04-16 04:49:32",4181
"2020-04-16 05:49:06",4181
"2020-04-16 06:49:22",4181
"2020-04-16 07:49:03",4181
"2020-04-16 08:49:02",4179
"2020-04-16 09:48:54",4179
"2020-04-16 10:49:03",4179
"2020-04-16 11:49:02",4179
"2020-04-16 12:49:02",4179
"2020-04-16 13:49:02",4179
"2020-04-16 14:48:57",4184
"2020-04-16 15:49:29",4185
"2020-04-16 16:49:30",4190
"2020-04-16 17:49:05",4188
"2020-04-16 18:49:25",4184
"2020-04-16 19:48:56",4184
"2020-04-16 20:49:08",4189
"2020-04-16 21:49:32",4194
"2020-04-16 22:49:05",4194
"2020-04-16 23:49:32",4194
"2020-04-17 00:49:20",4194
"2020-04-17 01:49:21",4194
"2020-04-17 02:49:30",4194
"2020-04-17 03:49:11",4194
"2020-04-17 04:49:05",4194
"2020-04-17 05:49:10",4194
"2020-04-17 06:49:10",4194
"2020-04-17 07:49:25",4193
"2020-04-17 08:49:08",4193
"2020-04-17 09:49:03",4193
"2020-04-17 10:49:06",4193
"2020-04-17 11:48:53",4193
"2020-04-17 13:12:28",4192
"2020-04-17 13:49:24",4192
"2020-04-17 14:49:06",4198
"2020-04-17 15:49:12",4198
"2020-04-17 16:48:52",4199
"2020-04-17 17:49:01",4200
"2020-04-17 18:49:29",4201
"2020-04-17 19:49:20",4204
"2020-04-17 20:49:29",4204
"2020-04-17 21:49:24",4205
"2020-04-17 22:49:13",4204
"2020-04-17 23:49:25",4204
"2020-04-18 00:49:22",4204
"2020-04-18 01:49:18",4204
"2020-04-18 02:49:12",4204
"2020-04-18 03:49:13",4204
"2020-04-18 04:49:28",4204
"2020-04-18 05:49:26",4204
"2020-04-18 06:49:03",4204
"2020-04-18 07:48:57",4204
"2020-04-18 08:49:25",4204
"2020-04-18 09:48:48",4202
"2020-04-18 10:49:01",4202
"2020-04-18 11:49:07",4202
"2020-04-18 12:48:49",4202
"2020-04-18 13:49:17",4202
"2020-04-18 14:48:58",4202
"2020-04-18 15:49:10",4201
"2020-04-18 16:48:49",4201
"2020-04-18 17:49:07",4201
"2020-04-18 18:49:06",4201
"2020-04-18 19:49:00",4201
"2020-04-18 20:49:07",4201
"2020-04-18 21:48:58",4201
"2020-04-18 22:49:15",4201
"2020-04-18 23:49:35",4201
"2020-04-19 00:49:36",4201
"2020-04-19 01:49:55",4201
"2020-04-19 02:49:26",4201
"2020-04-19 03:49:29",4201
"2020-04-19 04:49:55",4201
"2020-04-19 05:49:20",4201
"2020-04-19 06:49:27",4201
"2020-04-19 07:49:16",4201
"2020-04-19 08:49:03",4201
"2020-04-19 09:49:02",4201
"2020-04-19 10:49:01",4201
"2020-04-19 11:48:50",4201
"2020-04-19 12:48:54",4201
"2020-04-19 13:49:22",4201
"2020-04-19 14:48:53",4201
"2020-04-19 15:49:10",4201
"2020-04-19 16:49:10",4201
"2020-04-19 17:49:33",4201
"2020-04-19 18:49:04",4201
"2020-04-19 19:49:00",4201
"2020-04-19 20:48:51",4201
"2020-04-19 21:49:45",4201
"2020-04-19 22:49:33",4201
"2020-04-19 23:49:20",4201
"2020-04-20 00:49:45",4201
"2020-04-20 01:49:33",4201
"2020-04-20 02:49:49",4201
"2020-04-20 03:49:49",4201
"2020-04-20 04:49:24",4201
"2020-04-20 05:49:46",4201
"2020-04-20 06:49:29",4201
"2020-04-20 07:49:02",4201
"2020-04-20 08:48:58",4201
"2020-04-20 09:49:00",4201
"2020-04-20 10:48:59",4201
"2020-04-20 11:48:58",4201
"2020-04-20 12:49:00",4201
"2020-04-20 13:48:57",4203
"2020-04-20 14:49:38",4225
"2020-04-20 15:49:07",4243
"2020-04-20 16:49:17",4249
"2020-04-20 17:49:15",4252
"2020-04-20 18:49:28",4252
"2020-04-20 20:50:19",4255
"2020-04-20 21:50:06",4260
"2020-04-20 22:50:33",4264
"2020-04-20 23:49:28",4264
"2020-04-21 00:49:45",4264
"2020-04-21 01:49:31",4264
"2020-04-21 02:49:27",4264
"2020-04-21 03:51:44",4264
"2020-04-21 04:52:22",4264
"2020-04-21 05:52:24",4264
"2020-04-21 06:49:31",4264
"2020-04-21 07:49:16",4264
"2020-04-21 08:49:12",4264
"2020-04-21 09:49:08",4264
"2020-04-21 10:49:06",4264
"2020-04-21 11:49:05",4264
"2020-04-21 12:49:06",4264
"2020-04-21 13:49:41",4265
"2020-04-21 14:49:29",4284
"2020-04-21 15:48:50",4299
"2020-04-21 16:48:49",4300
"2020-04-21 17:49:29",4304
"2020-04-21 18:48:50",4301
"2020-04-21 19:49:02",4304
"2020-04-21 20:49:38",4305
"2020-04-21 21:49:45",4308
"2020-04-21 22:49:37",4310
"2020-04-21 23:48:59",4310
"2020-04-22 00:49:23",4310
"2020-04-22 01:49:37",4310
"2020-04-22 02:49:40",4310
"2020-04-22 03:49:22",4310
"2020-04-22 04:48:58",4310
"2020-04-22 05:49:02",4310
"2020-04-22 06:49:30",4310
"2020-04-22 07:49:17",4310
"2020-04-22 08:48:54",4310
"2020-04-22 09:49:11",4310
"2020-04-22 10:49:44",4310
"2020-04-22 11:48:54",4310
"2020-04-22 12:49:03",4310
"2020-04-22 13:48:51",4310
"2020-04-22 14:49:26",4320
"2020-04-22 15:48:58",4322
"2020-04-22 16:49:35",4320
"2020-04-22 17:49:47",4321
"2020-04-22 18:49:25",4323
"2020-04-22 19:49:01",4325
"2020-04-22 20:49:12",4328
"2020-04-22 21:49:30",4332
"2020-04-22 22:49:22",4334
"2020-04-22 23:49:29",4334
"2020-04-23 00:49:00",4334
"2020-04-23 01:49:25",4334
"2020-04-23 02:49:34",4334
"2020-04-23 03:49:33",4334
"2020-04-23 04:49:17",4334
"2020-04-23 05:48:52",4334
"2020-04-23 06:49:03",4332
"2020-04-23 07:49:09",4332
"2020-04-23 08:49:01",4332
"2020-04-23 09:48:49",4332
"2020-04-23 10:49:00",4332
"2020-04-23 11:49:16",4332
"2020-04-23 12:48:52",4332
"2020-04-23 13:48:51",4332
"2020-04-23 14:48:54",4339
"2020-04-23 15:49:01",4353
"2020-04-23 16:49:27",4361
"2020-04-23 17:48:52",4364
"2020-04-23 18:49:08",4363
"2020-04-23 19:48:56",4366
"2020-04-23 20:49:35",4367
"2020-04-23 21:49:05",4367
"2020-04-23 22:48:58",4367
"2020-04-23 23:49:09",4367
"2020-04-24 00:49:22",4367
"2020-04-24 01:49:55",4367
"2020-04-24 02:48:49",4367
"2020-04-24 03:49:37",4367
"2020-04-24 04:49:19",4367
"2020-04-24 05:48:54",4367
"2020-04-24 06:48:56",4367
"2020-04-24 07:48:49",4367
"2020-04-24 08:49:10",4367
"2020-04-24 09:48:59",4367
"2020-04-24 10:48:57",4367
"2020-04-24 11:48:49",4367
"2020-04-24 13:13:30",4365
"2020-04-24 13:49:28",4365
"2020-04-24 14:49:08",4367
"2020-04-24 15:48:57",4369
"2020-04-24 16:48:59",4372
"2020-04-24 17:49:06",4375
"2020-04-24 18:50:17",4379
"2020-04-24 19:48:59",4380
"2020-04-24 20:49:10",4380
"2020-04-24 21:49:45",4380
"2020-04-24 22:49:44",4380
"2020-04-24 23:49:10",4380
"2020-04-25 00:49:34",4380
"2020-04-25 01:49:38",4380
"2020-04-25 02:49:31",4380
"2020-04-25 03:49:37",4380
"2020-04-25 04:49:33",4380
"2020-04-25 05:49:45",4378
"2020-04-25 06:49:13",4378
"2020-04-25 07:49:01",4378
"2020-04-25 08:49:12",4378
"2020-04-25 09:49:06",4378
"2020-04-25 10:48:54",4378
"2020-04-25 11:49:05",4378
"2020-04-25 12:49:01",4378
"2020-04-25 13:49:21",4378
"2020-04-25 14:49:06",4378
"2020-04-25 15:49:12",4378
"2020-04-25 16:49:19",4378
"2020-04-25 17:49:14",4378
"2020-04-25 18:49:00",4378
"2020-04-25 19:49:13",4378
"2020-04-25 20:49:03",4378
"2020-04-25 21:49:01",4378
"2020-04-25 22:49:08",4378
"2020-04-25 23:49:10",4378
"2020-04-26 00:49:05",4378
"2020-04-26 01:49:29",4378
"2020-04-26 02:49:26",4378
"2020-04-26 03:49:38",4378
"2020-04-26 04:48:57",4378
"2020-04-26 05:49:42",4378
"2020-04-26 06:49:15",4378
"2020-04-26 07:49:08",4378
"2020-04-26 08:49:04",4378
"2020-04-26 09:49:04",4378
"2020-04-26 10:48:56",4378
"2020-04-26 11:49:10",4378
"2020-04-26 12:49:04",4378
"2020-04-26 13:48:53",4378
"2020-04-26 14:48:59",4378
"2020-04-26 15:49:09",4378
"2020-04-26 16:49:07",4378
"2020-04-26 17:49:04",4378
"2020-04-26 18:49:03",4378
"2020-04-26 19:48:53",4378
"2020-04-26 20:48:59",4378
"2020-04-26 21:49:14",4378
"2020-04-26 22:49:25",4378
"2020-04-26 23:49:49",4378
"2020-04-27 00:49:46",4378
"2020-04-27 01:49:46",4378
"2020-04-27 02:49:34",4378
"2020-04-27 03:49:37",4378
"2020-04-27 04:49:40",4378
"2020-04-27 05:49:13",4378
"2020-04-27 06:49:09",4378
"2020-04-27 07:48:57",4378
"2020-04-27 08:49:10",4378
"2020-04-27 09:49:11",4378
"2020-04-27 10:49:12",4378
"2020-04-27 11:48:49",4378
"2020-04-27 12:49:04",4378
"2020-04-27 13:49:50",4379
"2020-04-27 14:49:16",4403
"2020-04-27 15:49:08",4401
"2020-04-27 16:48:51",4399
"2020-04-27 17:49:07",4399
"2020-04-27 18:49:01",4399
"2020-04-27 19:48:59",4400
"2020-04-27 20:49:00",4399
"2020-04-27 21:49:15",4401
"2020-04-27 22:48:58",4401
"2020-04-27 23:49:29",4401
"2020-04-28 00:50:13",4401
"2020-04-28 01:49:11",4401
"2020-04-28 02:49:47",4401
"2020-04-28 03:49:43",4401
"2020-04-28 04:49:34",4401
"2020-04-28 05:49:04",4400
"2020-04-28 06:49:00",4400
"2020-04-28 07:49:42",4400
"2020-04-28 08:49:30",4400
"2020-04-28 09:49:09",4400
"2020-04-28 10:48:51",4400
"2020-04-28 11:49:08",4400
"2020-04-28 12:49:11",4400
"2020-04-28 13:49:05",4400
"2020-04-28 14:49:48",4400
"2020-04-28 15:49:37",4402
"2020-04-28 16:48:57",4403
"2020-04-28 17:49:04",4405
"2020-04-28 18:49:02",4406
"2020-04-28 19:49:02",4408
"2020-04-28 20:49:04",4414
"2020-04-28 21:49:12",4415
"2020-04-28 22:48:53",4416
"2020-04-28 23:49:19",4416
"2020-04-29 00:49:51",4416
"2020-04-29 01:49:52",4416
"2020-04-29 02:49:43",4416
"2020-04-29 03:49:01",4416
"2020-04-29 04:49:07",4416
"2020-04-29 05:48:55",4416
"2020-04-29 06:49:11",4416
"2020-04-29 07:49:09",4416
"2020-04-29 08:49:06",4416
"2020-04-29 09:49:30",4416
"2020-04-29 10:49:08",4416
"2020-04-29 11:48:48",4416
"2020-04-29 13:11:23",4416
"2020-04-29 13:49:11",4416
"2020-04-29 14:48:56",4415
"2020-04-29 15:48:54",4436
"2020-04-29 16:49:12",4452
"2020-04-29 17:49:15",4451
"2020-04-29 18:49:45",4453
"2020-04-29 19:49:49",4458
"2020-04-29 20:49:05",4462
"2020-04-29 21:49:40",4460
"2020-04-29 22:49:47",4464
"2020-04-29 23:49:20",4464
"2020-04-30 00:49:45",4464
"2020-04-30 01:49:50",4464
"2020-04-30 02:50:32",4464
"2020-04-30 03:50:20",4464
"2020-04-30 04:49:31",4464
"2020-04-30 05:49:22",4464
"2020-04-30 06:49:10",4464
"2020-04-30 07:49:07",4464
"2020-04-30 08:49:11",4464
"2020-04-30 09:49:03",4464
"2020-04-30 10:48:52",4464
"2020-04-30 11:49:29",4464
"2020-04-30 12:49:01",4464
"2020-04-30 13:49:00",4464
"2020-04-30 14:49:28",4466
"2020-04-30 15:49:04",4471
"2020-04-30 16:48:59",4480
"2020-04-30 17:52:51",4480
"2020-04-30 18:49:18",4484
"2020-04-30 20:49:05",4490
"2020-04-30 21:49:10",4490
"2020-04-30 22:49:15",4491
"2020-04-30 23:49:07",4491
"2020-05-01 00:49:49",4491
"2020-05-01 01:49:42",4491
"2020-05-01 02:49:06",4491
"2020-05-01 03:48:55",4491
"2020-05-01 04:49:12",4491
"2020-05-01 05:49:18",4491
"2020-05-01 06:49:12",4491
"2020-05-01 07:49:13",4491
"2020-05-01 08:49:04",4491
"2020-05-01 09:49:08",4491
"2020-05-01 10:49:01",4491
"2020-05-01 11:49:01",4491
"2020-05-01 13:12:26",4491
"2020-05-01 13:49:54",4491
"2020-05-01 14:48:57",4505
"2020-05-01 15:48:57",4507
"2020-05-01 16:48:58",4510
"2020-05-01 17:48:57",4514
"2020-05-01 18:48:57",4517
"2020-05-01 19:49:12",4523
"2020-05-01 20:49:07",4533
"2020-05-01 21:49:32",4533
"2020-05-01 22:48:59",4536
"2020-05-01 23:48:58",4536
"2020-05-02 00:49:00",4536
"2020-05-02 01:49:23",4536
"2020-05-02 02:49:13",4536
"2020-05-02 03:49:30",4536
"2020-05-02 04:49:06",4536
"2020-05-02 05:49:24",4536
"2020-05-02 06:49:08",4536
"2020-05-02 07:49:15",4536
"2020-05-02 08:49:11",4536
"2020-05-02 09:49:05",4536
"2020-05-02 10:48:55",4536
"2020-05-02 11:49:08",4536
"2020-05-02 12:48:54",4536
"2020-05-02 13:49:09",4536
"2020-05-02 14:49:08",4536
"2020-05-02 15:49:17",4536
"2020-05-02 16:49:07",4536
"2020-05-02 17:49:05",4536
"2020-05-02 18:49:17",4536
"2020-05-02 19:49:09",4536
"2020-05-02 20:49:25",4536
"2020-05-02 21:49:08",4536
"2020-05-02 22:48:52",4536
"2020-05-02 23:49:35",4536
"2020-05-03 00:49:07",4536
"2020-05-03 01:49:38",4536
"2020-05-03 02:49:34",4536
"2020-05-03 03:49:34",4536
"2020-05-03 04:49:18",4536
"2020-05-03 05:49:01",4536
"2020-05-03 06:49:03",4536
"2020-05-03 07:49:12",4536
"2020-05-03 08:49:07",4536
"2020-05-03 09:49:53",4536
"2020-05-03 10:49:09",4536
"2020-05-03 11:49:07",4536
"2020-05-03 12:49:04",4536
"2020-05-03 13:49:08",4536
"2020-05-03 14:49:15",4536
"2020-05-03 15:49:10",4536
"2020-05-03 16:49:39",4536
"2020-05-03 17:49:48",4536
"2020-05-03 18:48:57",4536
"2020-05-03 19:50:16",4536
"2020-05-03 20:49:42",4536
"2020-05-03 21:49:31",4536
"2020-05-03 22:49:40",4536
"2020-05-03 23:49:43",4536
"2020-05-04 00:49:37",4536
"2020-05-04 01:49:39",4536
"2020-05-04 02:49:40",4536
"2020-05-04 03:49:41",4536
"2020-05-04 04:49:04",4536
"2020-05-04 05:49:06",4536
"2020-05-04 06:49:17",4536
"2020-05-04 09:35:12",4536
"2020-05-04 10:52:31",4536
"2020-05-04 11:00:15",4536
"2020-05-04 11:07:50",4536
"2020-05-04 11:49:19",4536
"2020-05-04 13:11:32",4536
"2020-05-04 13:49:05",4536
"2020-05-04 14:49:14",4536
"2020-05-04 15:49:05",4554
"2020-05-04 16:49:07",4553
"2020-05-04 17:49:05",4555
"2020-05-04 18:49:53",4558
"2020-05-04 19:49:40",4557
"2020-05-04 20:49:37",4560
"2020-05-04 21:49:37",4562
"2020-05-04 22:48:57",4561
"2020-05-04 23:49:01",4561
"2020-05-05 00:48:56",4561
"2020-05-05 01:49:29",4561
"2020-05-05 02:48:54",4561
"2020-05-05 03:49:47",4561
"2020-05-05 04:49:07",4561
"2020-05-05 05:49:06",4561
"2020-05-05 06:49:09",4561
"2020-05-05 07:49:19",4560
"2020-05-05 08:49:33",4560
"2020-05-05 09:48:54",4560
"2020-05-05 10:48:54",4560
"2020-05-05 11:49:29",4560
"2020-05-05 12:49:16",4560
"2020-05-05 13:49:08",4560
"2020-05-05 14:49:07",4569
"2020-05-05 15:49:03",4566
"2020-05-05 16:49:14",4571
"2020-05-05 17:49:02",4575
"2020-05-05 18:48:55",4579
"2020-05-05 19:49:46",4582
"2020-05-05 20:49:14",4584
"2020-05-05 21:48:50",4587
"2020-05-05 22:48:53",4587
"2020-05-05 23:49:41",4587
"2020-05-06 00:49:10",4587
"2020-05-06 01:49:13",4587
"2020-05-06 02:49:02",4587
"2020-05-06 03:48:52",4587
"2020-05-06 04:49:12",4587
"2020-05-06 05:49:05",4587
"2020-05-06 06:48:54",4587
"2020-05-06 17:49:39",4618
"2020-05-06 18:49:46",4623
"2020-05-06 19:48:58",4629
"2020-05-06 20:49:36",4638
"2020-05-06 21:49:37",4637
"2020-05-06 22:49:45",4636
"2020-05-06 23:49:49",4636
"2020-05-07 00:49:11",4636
"2020-05-07 01:49:17",4636
"2020-05-07 02:48:51",4636
"2020-05-07 03:49:10",4636
"2020-05-07 04:49:15",4635
"2020-05-07 05:48:58",4635
"2020-05-07 06:49:08",4635
"2020-05-07 08:49:13",4635
"2020-05-07 09:49:05",4635
"2020-05-07 10:49:32",4635
"2020-05-07 11:49:13",4635
"2020-05-07 12:49:11",4635
"2020-05-07 13:49:20",4635
"2020-05-07 14:49:32",4639
"2020-05-07 15:49:04",4645
"2020-05-07 16:49:14",4653
"2020-05-07 17:49:03",4652
"2020-05-07 18:48:54",4653
"2020-05-07 19:50:00",4651
"2020-05-07 20:48:53",4654
"2020-05-07 21:48:51",4656
"2020-05-07 22:48:51",4656
"2020-05-07 23:49:11",4656
"2020-05-08 00:49:02",4656
"2020-05-08 01:48:53",4656
"2020-05-08 02:49:02",4656
"2020-05-08 03:49:12",4655
"2020-05-08 04:48:55",4655
"2020-05-08 05:48:56",4655
"2020-05-08 06:48:57",4655
"2020-05-08 07:49:07",4655
"2020-05-08 08:49:20",4655
"2020-05-08 09:49:06",4655
"2020-05-08 10:49:03",4655
"2020-05-08 11:49:11",4655
"2020-05-08 13:11:27",4656
"2020-05-08 13:49:22",4656
"2020-05-08 14:49:09",4664
"2020-05-08 15:49:09",4671
"2020-05-08 16:49:42",4676
"2020-05-08 17:49:44",4677
"2020-05-08 18:49:13",4681
"2020-05-08 19:49:00",4682
"2020-05-08 20:49:13",4684
"2020-05-08 21:49:06",4686
"2020-05-08 22:49:17",4687
"2020-05-08 23:49:08",4687
"2020-05-09 00:49:03",4687
"2020-05-09 01:49:20",4687
"2020-05-09 02:49:09",4687
"2020-05-09 03:49:56",4687
"2020-05-09 04:49:04",4687
"2020-05-09 05:49:12",4684
"2020-05-09 06:49:22",4684
"2020-05-09 07:49:00",4684
"2020-05-09 08:49:24",4684
"2020-05-09 09:49:09",4684
"2020-05-09 10:49:09",4684
"2020-05-09 11:48:56",4684
"2020-05-09 12:49:01",4684
"2020-05-09 13:49:05",4684
"2020-05-09 14:48:59",4684
"2020-05-09 15:49:09",4684
"2020-05-09 16:48:57",4684
"2020-05-09 17:49:09",4684
"2020-05-09 18:49:10",4684
"2020-05-09 19:49:05",4684
"2020-05-09 20:48:59",4684
"2020-05-09 21:49:19",4684
"2020-05-09 22:49:11",4684
"2020-05-09 23:49:01",4684
"2020-05-10 00:49:37",4684
"2020-05-10 01:49:02",4684
"2020-05-10 02:49:48",4684
"2020-05-10 03:49:15",4684
"2020-05-10 04:49:17",4684
"2020-05-10 05:49:26",4684
"2020-05-10 06:49:08",4684
"2020-05-10 07:49:20",4684
"2020-05-10 08:49:10",4684
"2020-05-10 09:49:14",4684
"2020-05-10 10:49:13",4684
"2020-05-10 11:49:19",4684
"2020-05-10 12:49:05",4684
"2020-05-10 13:49:16",4684
"2020-05-10 14:48:58",4684
"2020-05-10 15:49:10",4684
"2020-05-10 16:49:05",4684
"2020-05-10 17:49:02",4684
"2020-05-10 18:49:15",4684
"2020-05-10 19:49:05",4684
"2020-05-10 20:49:22",4684
"2020-05-10 21:49:07",4684
"2020-05-10 22:49:10",4684
"2020-05-10 23:49:12",4684
"2020-05-11 00:49:12",4684
"2020-05-11 01:48:58",4684
"2020-05-11 02:49:11",4684
"2020-05-11 03:49:52",4684
"2020-05-11 04:49:07",4684
"2020-05-11 05:49:03",4684
"2020-05-11 06:49:09",4684
"2020-05-11 07:49:19",4684
"2020-05-11 08:49:27",4684
"2020-05-11 09:49:04",4684
"2020-05-11 10:49:06",4684
"2020-05-11 11:48:56",4684
"2020-05-11 13:10:26",4685
"2020-05-11 13:49:22",4685
"2020-05-11 14:49:14",4700
"2020-05-11 15:49:47",4718
"2020-05-11 16:49:13",4720
"2020-05-11 17:49:15",4729
"2020-05-11 18:49:15",4732
"2020-05-11 19:49:03",4736
"2020-05-11 20:49:06",4736
"2020-05-11 21:49:09",4738
"2020-05-11 22:48:53",4736
"2020-05-11 23:49:22",4736
"2020-05-12 00:49:12",4736
"2020-05-12 01:49:13",4736
"2020-05-12 02:49:05",4736
"2020-05-12 03:48:58",4736
"2020-05-12 04:49:06",4736
"2020-05-12 05:49:01",4736
"2020-05-12 06:49:18",4736
"2020-05-12 07:49:05",4736
"2020-05-12 08:49:05",4736
"2020-05-12 09:50:27",4736
"2020-05-12 10:49:16",4736
"2020-05-12 11:48:57",4736
"2020-05-12 13:16:26",4737
"2020-05-12 17:48:56",4749
"2020-05-12 18:48:58",4750
"2020-05-12 19:49:32",4752
"2020-05-12 20:49:34",4756
"2020-05-12 21:49:18",4760
"2020-05-12 22:48:57",4760
"2020-05-12 23:48:57",4760
"2020-05-13 00:49:32",4760
"2020-05-13 01:49:09",4760
"2020-05-13 02:49:42",4760
"2020-05-13 03:49:35",4760
"2020-05-13 06:49:03",4758
"2020-05-13 07:49:28",4758
"2020-05-13 08:49:27",4758
"2020-05-13 09:48:54",4758
"2020-05-13 10:49:02",4758
"2020-05-13 11:48:56",4758
"2020-05-13 12:48:57",4758
"2020-05-13 13:49:24",4758
"2020-05-13 14:48:57",4764
"2020-05-13 15:49:07",4763
"2020-05-13 16:49:31",4772
"2020-05-13 17:49:01",4776
"2020-05-13 18:49:22",4780
"2020-05-13 19:49:03",4782
"2020-05-13 20:48:58",4780
"2020-05-13 21:48:58",4783
"2020-05-13 22:49:05",4784
"2020-05-13 23:49:11",4784
"2020-05-14 00:49:31",4784
"2020-05-14 01:49:05",4784
"2020-05-14 02:48:59",4784
"2020-05-14 03:49:09",4784
"2020-05-14 04:49:01",4784
"2020-05-14 05:49:07",4784
"2020-05-14 06:49:19",4784
"2020-05-14 07:49:05",4784
"2020-05-14 08:49:20",4784
"2020-05-14 09:48:58",4784
"2020-05-14 10:49:10",4784
"2020-05-14 11:49:17",4784
"2020-05-14 12:49:09",4784
"2020-05-14 13:49:14",4784
"2020-05-14 14:49:11",4781
"2020-05-14 15:49:06",4777
"2020-05-14 16:48:54",4783
"2020-05-14 17:48:58",4792
"2020-05-14 18:49:24",4794
"2020-05-14 19:49:20",4798
"2020-05-14 20:48:59",4805
"2020-05-14 21:49:06",4806
"2020-05-14 22:49:26",4807
"2020-05-14 23:49:15",4807
"2020-05-15 00:49:31",4807
"2020-05-15 01:49:30",4807
"2020-05-15 02:49:39",4807
"2020-05-15 03:49:40",4806
"2020-05-15 04:49:41",4806
"2020-05-15 05:49:08",4804
"2020-05-15 06:49:31",4804
"2020-05-15 07:48:58",4804
"2020-05-15 08:49:13",4804
"2020-05-15 09:49:19",4804
"2020-05-15 10:48:59",4804
"2020-05-15 11:49:05",4804
"2020-05-15 12:49:01",4804
"2020-05-15 13:49:10",4804
"2020-05-15 14:48:57",4816
"2020-05-15 15:49:06",4827
"2020-05-15 16:48:55",4839
"2020-05-15 17:49:20",4845
"2020-05-15 18:48:59",4855
"2020-05-15 19:49:14",4859
"2020-05-15 20:49:07",4860
"2020-05-15 21:49:10",4861
"2020-05-15 22:48:56",4862
"2020-05-15 23:48:54",4862
"2020-05-16 00:49:30",4862
"2020-05-16 01:49:20",4862
"2020-05-16 02:49:53",4862
"2020-05-16 03:49:20",4862
"2020-05-16 04:49:05",4862
"2020-05-16 05:49:03",4863
"2020-05-16 06:49:43",4863
"2020-05-16 07:49:39",4863
"2020-05-16 08:49:04",4863
"2020-05-16 09:49:17",4863
"2020-05-16 10:49:00",4863
"2020-05-16 11:48:56",4863
"2020-05-16 12:49:12",4863
"2020-05-16 13:49:05",4863
"2020-05-16 14:48:57",4863
"2020-05-16 15:49:10",4863
"2020-05-16 16:49:04",4863
"2020-05-16 17:49:00",4863
"2020-05-16 18:49:06",4863
"2020-05-16 19:49:01",4863
"2020-05-16 20:49:10",4863
"2020-05-16 21:49:07",4863
"2020-05-16 22:49:10",4863
"2020-05-16 23:49:10",4863
"2020-05-17 00:49:26",4863
"2020-05-17 01:49:16",4863
"2020-05-18 10:04:39",4863
"2020-05-18 10:06:33",4863
"2020-05-18 10:06:47",4863
"2020-05-18 10:07:24",4863
"2020-05-18 10:07:39",4863
"2020-05-18 10:17:18",4863
"2020-05-18 10:17:34",4863
"2020-05-18 10:17:54",4863
"2020-05-18 10:18:01",4863
"2020-05-18 10:22:31",4863
"2020-05-18 10:26:20",4863
"2020-05-18 10:26:36",4863
"2020-05-18 10:26:57",4863
"2020-05-18 10:27:06",4863
"2020-05-18 10:27:34",4863
"2020-05-18 10:28:51",4863
"2020-05-18 10:32:04",4863
"2020-05-18 10:37:19",4863
"2020-05-18 10:41:14",4863
"2020-05-18 10:43:00",4863
"2020-05-18 11:00:53",4863
"2020-05-18 11:05:26",4863
"2020-05-18 11:15:05",4863
"2020-05-18 11:20:24",4863
"2020-05-18 11:23:37",4863
"2020-05-18 11:29:47",4863
"2020-05-18 11:32:34",4863
"2020-05-18 11:33:54",4863
"2020-05-18 11:38:27",4863
"2020-05-18 11:39:33",4863
"2020-05-18 11:48:06",4863
"2020-05-18 11:55:42",4863
"2020-05-18 12:03:20",4863
"2020-05-18 12:10:57",4863
"2020-05-18 13:10:56",4863
"2020-05-18 13:49:14",4863
"2020-05-18 14:49:06",4862
"2020-05-18 15:49:50",4862
"2020-05-18 16:50:03",4854
"2020-05-18 17:49:05",4855
"2020-05-18 18:49:43",4854
"2020-05-18 19:49:36",4857
"2020-05-18 20:49:12",4852
"2020-05-18 21:49:40",4854
"2020-05-18 22:49:49",4855
"2020-05-18 23:49:51",4855
"2020-05-19 01:48:59",4855
"2020-05-19 02:49:21",4855
"2020-05-19 03:49:16",4855
"2020-05-19 04:49:08",4853
"2020-05-19 05:49:15",4853
"2020-05-19 06:49:13",4853
"2020-05-19 07:49:15",4853
"2020-05-19 08:49:30",4853
"2020-05-19 09:50:00",4853
"2020-05-19 10:49:12",4853
"2020-05-19 11:49:30",4853
"2020-05-19 13:11:29",4852
"2020-05-19 13:49:16",4852
"2020-05-19 14:49:06",4859
"2020-05-19 15:49:02",4862
"2020-05-19 16:49:15",4861
"2020-05-19 17:49:03",4867
"2020-05-19 18:49:14",4865
"2020-05-19 19:49:12",4868
"2020-05-19 20:49:18",4874
"2020-05-19 21:49:19",4873
"2020-05-19 22:49:36",4875
"2020-05-19 23:49:10",4875
"2020-05-20 00:49:45",4875
"2020-05-20 01:49:55",4875
"2020-05-20 02:49:45",4875
"2020-05-20 03:49:47",4875
"2020-05-20 04:49:21",4875
"2020-05-20 05:49:11",4875
"2020-05-20 06:49:06",4875
"2020-05-20 07:49:27",4875
"2020-05-20 08:49:05",4875
"2020-05-20 09:49:15",4875
"2020-05-20 10:49:04",4875
"2020-05-20 11:49:05",4875
"2020-05-20 12:49:00",4875
"2020-05-20 13:49:15",4875
"2020-05-20 14:49:05",4883
"2020-05-20 15:49:55",4884
"2020-05-20 16:49:04",4878
"2020-05-20 17:49:45",4877
"2020-05-20 18:49:12",4878
"2020-05-20 19:49:12",4881
"2020-05-20 20:49:01",4879
"2020-05-20 21:49:17",4879
"2020-05-20 22:48:55",4879
"2020-05-20 23:49:07",4879
"2020-05-21 00:49:43",4879
"2020-05-21 01:49:00",4879
"2020-05-21 02:49:12",4879
"2020-05-21 03:49:12",4879
"2020-05-21 04:49:04",4877
"2020-05-21 05:49:09",4877
"2020-05-21 06:49:10",4877
"2020-05-21 07:49:17",4877
"2020-05-21 08:49:16",4877
"2020-05-21 09:49:01",4877
"2020-05-21 10:49:09",4877
"2020-05-21 11:49:13",4877
"2020-05-21 12:49:08",4877
"2020-05-21 13:49:14",4878
"2020-05-21 14:49:13",4881
"2020-05-21 15:49:03",4894
"2020-05-21 16:49:27",4897
"2020-05-21 17:49:17",4901
"2020-05-21 18:49:13",4909
"2020-05-21 19:49:02",4908
"2020-05-21 20:49:13",4910
"2020-05-21 21:49:16",4911
"2020-05-21 22:49:18",4911
"2020-05-21 23:49:44",4911
"2020-05-22 00:50:45",4911
"2020-05-22 01:49:12",4911
"2020-05-22 02:49:13",4911
"2020-05-22 03:49:50",4911
"2020-05-22 04:49:16",4911
"2020-05-22 05:49:21",4910
"2020-05-22 06:49:08",4910
"2020-05-22 07:49:13",4910
"2020-05-22 08:49:31",4910
"2020-05-22 09:49:16",4910
"2020-05-22 10:49:12",4910
"2020-05-22 11:49:08",4910
"2020-05-22 12:49:14",4910
"2020-05-22 13:49:22",4910
"2020-05-22 14:49:05",4919
"2020-05-22 15:49:06",4924
"2020-05-22 16:49:10",4925
"2020-05-22 17:49:10",4928
"2020-05-22 18:49:42",4936
"2020-05-22 19:49:08",4937
"2020-05-22 20:48:59",4943
"2020-05-22 21:49:02",4943
"2020-05-22 22:49:08",4942
"2020-05-22 23:49:01",4942
"2020-05-23 00:49:13",4942
"2020-05-23 01:49:03",4942
"2020-05-23 02:49:22",4942
"2020-05-23 03:49:13",4942
"2020-05-23 04:49:27",4942
"2020-05-23 05:49:11",4942
"2020-05-23 06:49:24",4942
"2020-05-23 07:49:23",4942
"2020-05-23 08:49:23",4942
"2020-05-23 09:49:16",4942
"2020-05-23 10:49:05",4942
"2020-05-23 11:49:26",4942
"2020-05-23 12:49:10",4942
"2020-05-23 13:49:18",4942
"2020-05-23 14:49:12",4942
"2020-05-23 15:49:02",4942
"2020-05-23 16:49:22",4942
"2020-05-23 17:49:14",4942
"2020-05-23 18:49:25",4942
"2020-05-23 19:49:08",4942
"2020-05-23 20:48:59",4942
"2020-05-23 21:49:02",4942
"2020-05-23 22:49:10",4942
"2020-05-23 23:49:08",4942
"2020-05-24 00:49:22",4942
"2020-05-24 01:49:24",4942
"2020-05-24 02:49:03",4942
"2020-05-24 03:49:10",4942
"2020-05-24 04:49:12",4942
"2020-05-24 05:49:02",4942
"2020-05-24 06:49:06",4942
"2020-05-24 07:49:05",4942
"2020-05-24 08:49:16",4942
"2020-05-24 09:49:01",4942
"2020-05-24 10:49:22",4942
"2020-05-24 11:49:16",4942
"2020-05-24 12:49:09",4942
"2020-05-24 13:49:19",4942
"2020-05-24 14:49:13",4942
"2020-05-24 15:48:58",4942
"2020-05-24 16:49:21",4942
"2020-05-24 17:49:16",4942
"2020-05-24 18:49:20",4942
"2020-05-24 19:49:14",4942
"2020-05-24 20:49:13",4942
"2020-05-24 21:49:30",4942
"2020-05-24 22:49:18",4942
"2020-05-24 23:49:01",4942
"2020-05-25 00:49:05",4942
"2020-05-25 01:49:30",4942
"2020-05-25 02:49:15",4942
"2020-05-25 03:49:35",4942
"2020-05-25 04:49:09",4942
"2020-05-25 06:50:27",4942
"2020-05-25 07:49:17",4942
"2020-05-25 08:49:25",4942
"2020-05-25 09:49:14",4942
"2020-05-25 10:49:10",4942
"2020-05-25 11:49:25",4942
"2020-05-25 12:49:10",4942
"2020-05-25 13:49:01",4942
"2020-05-25 14:49:22",4942
"2020-05-25 15:49:08",4942
"2020-05-25 16:48:57",4942
"2020-05-25 17:49:10",4942
"2020-05-25 18:49:11",4942
"2020-05-25 19:49:17",4942
"2020-05-25 20:49:16",4942
"2020-05-25 21:48:59",4942
"2020-05-25 22:48:58",4942
"2020-05-25 23:49:00",4942
"2020-05-26 00:49:14",4942
"2020-05-26 01:49:01",4942
"2020-05-26 02:48:58",4942
"2020-05-26 03:49:15",4942
"2020-05-26 04:49:22",4942
"2020-05-26 05:49:07",4942
"2020-05-26 06:49:13",4942
"2020-05-26 07:49:19",4942
"2020-05-26 08:49:22",4942
"2020-05-26 09:49:12",4942
"2020-05-26 10:49:09",4942
"2020-05-26 11:49:16",4942
"2020-05-26 12:49:07",4942
"2020-05-26 13:49:16",4942
"2020-05-26 14:49:11",4960
"2020-05-26 15:49:06",4960
"2020-05-26 16:49:03",4951
"2020-05-26 17:49:12",4954
"2020-05-26 18:49:01",4957
"2020-05-26 19:49:04",4955
"2020-05-26 20:49:12",4962
"2020-05-26 21:49:29",4965
"2020-05-26 22:49:03",4966
"2020-05-26 23:49:05",4966
"2020-05-27 00:49:58",4966
"2020-05-27 01:49:02",4966
"2020-05-27 02:49:05",4966
"2020-05-27 03:49:09",4966
"2020-05-27 04:49:10",4966
"2020-05-27 05:49:05",4965
"2020-05-27 06:49:16",4965
"2020-05-27 07:49:13",4965
"2020-05-27 08:49:05",4965
"2020-05-27 09:49:00",4965
"2020-05-27 10:49:04",4965
"2020-05-27 11:48:56",4965
"2020-05-27 13:11:58",4964
"2020-05-27 13:49:26",4964
"2020-05-27 14:49:12",4970
"2020-05-27 15:49:00",4970
"2020-05-27 16:49:02",4979
"2020-05-27 17:48:59",4984
"2020-05-27 18:48:59",4990
"2020-05-27 19:49:14",4990
"2020-05-27 20:49:09",4991
"2020-05-27 21:49:03",4994
"2020-05-27 22:49:06",4993
"2020-05-27 23:49:02",4993
"2020-05-28 00:49:13",4993
"2020-05-28 01:49:19",4993
"2020-05-28 02:49:05",4993
"2020-05-28 03:49:06",4993
"2020-05-28 04:49:07",4993
"2020-05-28 05:49:01",4993
"2020-05-28 06:49:07",4993
"2020-05-28 07:49:22",4993
"2020-05-28 08:49:15",4993
"2020-05-28 09:49:03",4993
"2020-05-28 10:49:20",4993
"2020-05-28 11:49:25",4993
"2020-05-28 13:12:33",4991
"2020-05-28 13:49:14",4991
"2020-05-28 14:49:21",4989
"2020-05-28 15:49:14",4991
"2020-05-28 16:49:30",4993
"2020-05-28 17:49:10",4994
"2020-05-28 18:49:09",4996
"2020-05-28 19:49:06",4999
"2020-05-28 20:49:27",4999
"2020-05-28 21:49:32",5000
"2020-05-28 22:49:07",5002
"2020-05-28 23:49:30",5002
"2020-05-29 00:49:15",5002
"2020-05-29 01:49:16",5002
"2020-05-29 02:49:53",5002
"2020-05-29 03:49:10",5002
"2020-05-29 04:49:17",5002
"2020-05-29 05:49:29",5000
"2020-05-29 06:49:28",5000
"2020-05-29 07:49:36",5000
"2020-05-29 08:49:24",5000
"2020-05-29 09:54:58",5000
"2020-05-29 10:49:18",5000
"2020-05-29 11:49:13",5000
"2020-05-29 12:49:49",5000
"2020-05-29 13:49:28",5000
"2020-05-29 14:49:15",4998
"2020-05-29 15:49:11",4990
"2020-05-29 16:49:01",4990
"2020-05-29 17:49:18",4993
"2020-05-29 18:49:20",4993
"2020-05-29 19:49:12",4991
"2020-05-29 20:49:30",4992
"2020-05-29 21:49:08",4992
"2020-05-29 22:49:13",4993
"2020-05-29 23:49:26",4993
"2020-05-30 00:49:07",4993
"2020-05-30 01:49:01",4993
"2020-05-30 02:49:11",4993
"2020-05-30 03:49:15",4993
"2020-05-30 04:49:09",4993
"2020-05-30 05:49:15",4992
"2020-05-30 06:49:18",4992
"2020-05-30 07:49:48",4992
"2020-05-30 09:31:08",4992
"2020-05-30 09:49:08",4992
"2020-05-30 10:49:18",4992
"2020-05-30 11:49:15",4992
"2020-05-30 12:49:12",4992
"2020-05-30 13:49:12",4992
"2020-05-30 14:49:03",4992
"2020-05-30 15:49:07",4992
"2020-05-30 16:49:31",4992
"2020-05-30 17:49:14",4992
"2020-05-30 18:49:11",4992
"2020-05-30 19:49:21",4992
"2020-05-30 20:49:08",4992
"2020-05-30 21:49:21",4992
"2020-05-30 22:49:10",4992
"2020-05-30 23:49:21",4992
"2020-05-31 00:49:20",4992
"2020-05-31 01:49:23",4992
"2020-05-31 02:49:16",4992
"2020-05-31 03:49:16",4992
"2020-05-31 04:49:09",4992
"2020-05-31 05:49:21",4992
"2020-05-31 06:49:18",4992
"2020-05-31 07:49:21",4992
"2020-05-31 09:33:03",4992
"2020-05-31 09:49:12",4992
"2020-05-31 13:15:04",4992
"2020-05-31 13:24:12",4992
"2020-05-31 13:25:40",4992
"2020-06-01 05:25:10",4992
"2020-06-01 05:41:21",4992
"2020-06-01 05:41:26",4992
"2020-06-01 05:42:05",4992
"2020-06-01 05:55:33",4992
"2020-06-01 05:56:05",4992
"2020-06-01 06:07:16",4992
"2020-06-01 06:10:37",4992
"2020-06-01 06:16:51",4992
"2020-06-01 06:20:54",4992
"2020-06-01 06:22:59",4992
"2020-06-01 06:24:10",4992
"2020-06-01 06:30:42",4992
"2020-06-01 06:32:55",4992
"2020-06-01 06:34:20",4992
"2020-06-01 06:41:34",4992
"2020-06-01 06:49:09",4992
"2020-06-01 06:56:45",4992
"2020-06-01 07:49:14",4992
"2020-06-01 08:49:29",4992
"2020-06-01 09:49:34",4992
"2020-06-01 10:49:08",4992
"2020-06-01 11:49:12",4992
"2020-06-01 13:10:34",4992
"2020-06-01 13:50:11",4992
"2020-06-01 14:49:18",5023
"2020-06-01 15:49:14",5034
"2020-06-01 16:49:55",5035
"2020-06-01 17:49:49",5036
"2020-06-01 18:49:46",5033
"2020-06-01 19:49:21",5035
"2020-06-01 20:49:17",5037
"2020-06-01 21:49:12",5040
"2020-06-01 22:49:04",5040
"2020-06-01 23:49:17",5040
"2020-06-02 00:49:18",5040
"2020-06-02 01:49:05",5040
"2020-06-02 02:49:05",5040
"2020-06-02 03:49:14",5040
"2020-06-02 04:49:10",5040
"2020-06-02 05:49:14",5040
"2020-06-02 06:49:26",5040
"2020-06-02 07:49:17",5040
"2020-06-02 08:49:26",5040
"2020-06-02 09:49:09",5040
"2020-06-02 10:49:24",5040
"2020-06-02 11:49:12",5040
"2020-06-02 12:49:21",5040
"2020-06-02 13:49:25",5041
"2020-06-02 14:49:57",5041
"2020-06-02 15:49:52",5046
"2020-06-02 16:49:11",5048
"2020-06-02 17:49:51",5047
"2020-06-02 18:49:05",5046
"2020-06-02 19:49:33",5049
"2020-06-02 20:49:54",5047
"2020-06-02 21:49:01",5047
"2020-06-02 22:49:17",5049
"2020-06-02 23:49:03",5049
"2020-06-03 00:49:25",5049
"2020-06-03 01:49:56",5049
"2020-06-03 02:49:00",5049
"2020-06-03 03:49:41",5049
"2020-06-03 04:49:36",5048
"2020-06-03 05:49:02",5048
"2020-06-03 06:49:11",5048
"2020-06-03 07:49:48",5048
"2020-06-03 09:25:24",5048
"2020-06-03 09:49:14",5048
"2020-06-03 10:49:12",5048
"2020-06-03 11:49:15",5048
"2020-06-03 13:14:06",5048
"2020-06-03 13:49:17",5048
"2020-06-03 14:49:07",5047
"2020-06-03 15:49:57",5042
"2020-06-03 16:49:48",5051
"2020-06-03 17:49:47",5044
"2020-06-03 18:50:06",5045
"2020-06-03 19:49:39",5047
"2020-06-03 20:49:13",5047
"2020-06-03 21:49:12",5044
"2020-06-03 22:49:11",5044
"2020-06-03 23:49:02",5044
"2020-06-04 00:49:49",5044
"2020-06-04 01:49:24",5044
"2020-06-04 02:49:13",5044
"2020-06-04 03:49:20",5044
"2020-06-04 04:49:19",5044
"2020-06-04 05:49:13",5043
"2020-06-04 06:49:13",5043
"2020-06-04 07:49:28",5043
"2020-06-04 08:49:36",5043
"2020-06-04 09:49:23",5043
"2020-06-04 10:49:11",5043
"2020-06-04 11:49:25",5043
"2020-06-04 12:49:10",5043
"2020-06-04 13:49:56",5043
"2020-06-04 14:50:20",5053
"2020-06-04 15:49:58",5058
"2020-06-04 17:12:38",5065
"2020-06-04 17:49:23",5065
"2020-06-04 18:49:46",5068
"2020-06-04 19:49:11",5083
"2020-06-04 20:49:54",5088
"2020-06-04 21:49:50",5091
"2020-06-04 22:49:12",5092
"2020-06-04 23:49:17",5092
"2020-06-05 00:49:24",5092
"2020-06-05 01:49:10",5092
"2020-06-05 02:49:06",5092
"2020-06-05 03:49:13",5092
"2020-06-05 04:49:22",5092
"2020-06-05 05:49:22",5091
"2020-06-05 06:49:17",5091
"2020-06-05 07:49:18",5091
"2020-06-05 09:29:07",5091
"2020-06-05 09:49:07",5091
"2020-06-05 10:49:08",5091
"2020-06-05 11:49:12",5091
"2020-06-05 13:15:06",5091
"2020-06-05 13:49:45",5091
"2020-06-05 14:49:16",5094
"2020-06-05 15:49:18",5092
"2020-06-05 16:50:02",5094
"2020-06-05 17:49:18",5095
"2020-06-05 18:49:21",5097
"2020-06-05 19:49:19",5097
"2020-06-05 20:49:57",5097
"2020-06-05 21:49:19",5099
"2020-06-05 22:49:17",5100
"2020-06-05 23:49:21",5100
"2020-06-06 00:49:25",5100
"2020-06-06 01:49:07",5100
"2020-06-06 02:49:13",5100
"2020-06-06 03:49:25",5100
"2020-06-06 04:49:24",5100
"2020-06-06 05:49:30",5100
"2020-06-06 06:49:19",5100
"2020-06-06 07:50:11",5100
"2020-06-06 08:49:26",5100
"2020-06-06 09:58:20",5099
"2020-06-06 10:49:09",5099
"2020-06-06 11:49:17",5098
"2020-06-06 12:49:22",5098
"2020-06-06 13:49:09",5098
"2020-06-06 14:49:59",5098
"2020-06-06 15:49:16",5098
"2020-06-06 16:49:49",5098
"2020-06-06 18:49:17",5098
"2020-06-06 19:49:06",5098
"2020-06-06 20:49:14",5098
"2020-06-06 21:49:13",5098
"2020-06-06 22:49:14",5098
"2020-06-06 23:49:27",5098
"2020-06-07 00:49:33",5098
"2020-06-07 01:49:12",5098
"2020-06-07 02:49:17",5098
"2020-06-07 03:49:17",5098
"2020-06-07 04:49:17",5098
"2020-06-07 05:49:17",5098
"2020-06-07 06:49:15",5098
"2020-06-07 07:49:24",5098
"2020-06-07 08:49:24",5098
"2020-06-08 04:49:08",5098
"2020-06-08 05:49:02",5098
"2020-06-08 06:49:34",5098
"2020-06-08 07:48:58",5098
"2020-06-08 08:49:17",5098
"2020-06-08 09:49:10",5098
"2020-06-08 10:49:08",5098
"2020-06-08 11:49:13",5098
"2020-06-08 12:49:59",5098
"2020-06-08 13:49:18",5097
"2020-06-08 14:50:13",5101
"2020-06-08 15:49:12",5125
"2020-06-08 16:49:35",5132
"2020-06-08 17:49:33",5135
"2020-06-08 18:50:08",5131
"2020-06-08 19:50:06",5133
"2020-06-08 20:49:42",5129
"2020-06-08 21:49:27",5128
"2020-06-08 22:49:26",5131
"2020-06-08 23:49:21",5131
"2020-06-09 00:49:26",5131
"2020-06-09 01:49:40",5131
"2020-06-09 02:49:42",5131
"2020-06-09 03:49:13",5131
"2020-06-09 04:49:57",5131
"2020-06-09 05:50:08",5131
"2020-06-09 06:50:15",5130
"2020-06-09 07:49:40",5130
"2020-06-09 08:50:16",5130
"2020-06-09 09:49:47",5130
"2020-06-09 10:49:36",5130
"2020-06-09 11:49:34",5130
"2020-06-09 12:50:11",5130
"2020-06-09 13:50:03",5131
"2020-06-09 14:49:43",5143
"2020-06-09 15:50:02",5148
"2020-06-09 16:50:05",5154
"2020-06-09 17:49:26",5160
"2020-06-09 18:50:26",5159
"2020-06-09 19:50:35",5160
"2020-06-09 20:50:34",5160
"2020-06-09 21:49:52",5169
"2020-06-09 22:50:02",5169
"2020-06-09 23:50:07",5169
"2020-06-10 00:50:13",5169
"2020-06-10 01:49:49",5169
"2020-06-10 02:49:59",5169
"2020-06-10 03:50:08",5169
"2020-06-10 04:49:47",5168
"2020-06-10 05:50:00",5168
"2020-06-10 06:49:37",5168
"2020-06-10 07:49:10",5168
"2020-06-10 08:49:28",5168
"2020-06-10 09:49:10",5168
"2020-06-10 10:49:13",5168
"2020-06-10 11:49:25",5168
"2020-06-10 12:49:41",5168
"2020-06-10 13:50:13",5169
"2020-06-10 15:49:31",5164
"2020-06-10 16:49:39",5168
"2020-06-10 17:49:38",5165
"2020-06-10 18:49:40",5166
"2020-06-10 19:49:33",5166
"2020-06-10 20:49:22",5163
"2020-06-10 21:49:51",5163
"2020-06-10 22:49:14",5164
"2020-06-10 23:49:54",5164
"2020-06-11 00:51:15",5164
"2020-06-11 01:49:18",5164
"2020-06-11 02:50:24",5164
"2020-06-11 03:50:27",5164
"2020-06-11 04:49:33",5163
"2020-06-11 05:50:27",5163
"2020-06-11 06:49:43",5163
"2020-06-11 07:50:10",5163
"2020-06-11 08:49:29",5163
"2020-06-11 09:49:36",5163
"2020-06-11 10:49:33",5163
"2020-06-11 11:49:16",5163
"2020-06-11 12:49:41",5163
"2020-06-11 13:50:21",5162
"2020-06-11 14:49:39",5155
"2020-06-11 15:50:08",5147
"2020-06-11 16:50:44",5149
"2020-06-11 17:49:53",5142
"2020-06-11 18:50:05",5133
"2020-06-11 19:49:56",5134
"2020-06-11 20:49:24",5135
"2020-06-11 21:49:13",5136
"2020-06-11 22:49:10",5136
"2020-06-11 23:49:06",5136
"2020-06-12 00:49:23",5136
"2020-06-12 01:49:25",5136
"2020-06-12 02:49:22",5136
"2020-06-12 03:49:24",5136
"2020-06-12 04:49:19",5136
"2020-06-12 05:49:12",5135
"2020-06-12 06:49:31",5135
"2020-06-12 07:49:25",5135
"2020-06-12 08:49:15",5135
"2020-06-12 09:49:31",5135
"2020-06-12 10:49:34",5135
"2020-06-12 11:49:22",5135
"2020-06-12 14:14:42",5146
"2020-06-12 14:22:39",5146
"2020-06-12 14:49:59",5146
"2020-06-12 15:49:22",5155
"2020-06-12 16:49:34",5154
"2020-06-12 17:49:39",5161
"2020-06-12 18:49:30",5167
"2020-06-12 19:49:54",5168
"2020-06-12 20:49:51",5172
"2020-06-12 21:49:39",5173
"2020-06-12 22:49:12",5174
"2020-06-12 23:49:14",5174
"2020-06-13 00:49:08",5174
"2020-06-13 01:49:13",5174
"2020-06-13 02:49:16",5174
"2020-06-13 03:49:15",5174
"2020-06-13 04:49:16",5174
"2020-06-13 05:49:09",5174
"2020-06-13 06:49:18",5174
"2020-06-13 07:49:20",5174
"2020-06-13 08:49:09",5174
"2020-06-13 09:49:14",5174
"2020-06-13 10:49:13",5174
"2020-06-13 11:49:09",5174
"2020-06-13 12:49:08",5174
"2020-06-13 13:49:05",5174
"2020-06-13 14:49:16",5174
"2020-06-13 15:49:13",5174
"2020-06-13 16:49:32",5174
"2020-06-13 17:49:15",5174
"2020-06-13 18:49:18",5174
"2020-06-13 19:49:08",5174
"2020-06-13 20:49:15",5174
"2020-06-13 21:49:26",5174
"2020-06-13 22:49:22",5174
"2020-06-13 23:49:22",5174
"2020-06-14 00:49:18",5174
"2020-06-14 01:49:09",5174
"2020-06-14 02:49:20",5174
"2020-06-14 03:49:26",5174
"2020-06-14 04:49:02",5174
"2020-06-14 05:49:39",5174
"2020-06-14 06:49:17",5174
"2020-06-14 07:49:17",5174
"2020-06-14 08:49:11",5174
"2020-06-14 09:49:14",5174
"2020-06-14 10:49:17",5174
"2020-06-14 11:49:06",5174
"2020-06-14 12:49:13",5174
"2020-06-14 13:49:14",5174
"2020-06-14 14:49:30",5174
"2020-06-14 15:49:32",5174
"2020-06-14 16:49:11",5174
"2020-06-14 17:49:17",5174
"2020-06-14 18:49:26",5174
"2020-06-14 19:49:18",5174
"2020-06-14 20:49:20",5174
"2020-06-14 21:49:30",5174
"2020-06-14 22:49:12",5174
"2020-06-14 23:49:18",5174
"2020-06-15 00:49:40",5174
"2020-06-15 01:49:28",5174
"2020-06-15 02:49:22",5174
"2020-06-15 03:49:21",5174
"2020-06-15 04:49:41",5174
"2020-06-15 05:49:55",5174
"2020-06-15 06:49:17",5174
"2020-06-15 07:49:15",5174
"2020-06-15 08:50:01",5174
"2020-06-15 09:49:21",5174
"2020-06-15 10:49:08",5174
"2020-06-15 11:49:12",5174
"2020-06-15 12:49:25",5174
"2020-06-15 13:50:22",5174
"2020-06-15 14:50:07",5189
"2020-06-15 15:49:30",5191
"2020-06-15 16:49:50",5195
"2020-06-15 17:49:34",5201
"2020-06-15 18:45:37",5199
"2020-06-15 18:53:16",5199
"2020-06-15 19:00:56",5203
"2020-06-15 19:08:37",5203
"2020-06-15 19:16:28",5203
"2020-06-15 19:24:12",5203
"2020-06-15 19:31:53",5203
"2020-06-15 19:39:32",5203
"2020-06-15 19:47:11",5203
"2020-06-15 19:54:53",5203
"2020-06-15 20:02:42",5205
"2020-06-15 20:15:24",5205
"2020-06-15 20:23:01",5205
"2020-06-15 20:30:41",5205
"2020-06-15 20:38:19",5205
"2020-06-15 20:45:57",5205
"2020-06-15 20:53:35",5205
"2020-06-15 21:01:18",5207
"2020-06-15 21:08:59",5207
"2020-06-15 21:16:38",5207
"2020-06-15 21:24:15",5207
"2020-06-15 21:31:52",5207
"2020-06-15 21:39:30",5207
"2020-06-15 21:47:08",5207
"2020-06-15 21:54:48",5207
"2020-06-15 22:49:19",5207
"2020-06-15 23:49:10",5207
"2020-06-16 00:49:16",5207
"2020-06-16 01:49:08",5207
"2020-06-16 02:50:09",5207
"2020-06-16 03:49:15",5207
"2020-06-16 04:49:08",5207
"2020-06-16 05:49:15",5207
"2020-06-16 06:50:06",5207
"2020-06-16 07:49:52",5207
"2020-06-16 08:49:12",5207
"2020-06-16 09:49:09",5207
"2020-06-16 10:49:17",5207
"2020-06-16 11:49:09",5207
"2020-06-16 12:49:23",5207
"2020-06-16 13:49:22",5207
"2020-06-16 14:49:51",5212
"2020-06-16 15:49:24",5219
"2020-06-16 16:49:22",5228
"2020-06-16 17:50:11",5238
"2020-06-16 18:49:21",5240
"2020-06-16 19:49:25",5242
"2020-06-16 20:49:27",5247
"2020-06-16 21:49:15",5251
"2020-06-16 22:49:02",5252
"2020-06-16 23:49:05",5252
"2020-06-17 00:49:16",5252
"2020-06-17 01:49:45",5252
"2020-06-17 02:49:23",5252
"2020-06-17 03:49:56",5252
"2020-06-17 04:49:23",5252
"2020-06-17 05:49:18",5252
"2020-06-17 06:49:44",5252
"2020-06-17 07:49:14",5252
"2020-06-17 08:49:14",5252
"2020-06-17 09:49:06",5252
"2020-06-17 10:49:04",5252
"2020-06-17 11:49:18",5252
"2020-06-17 12:49:21",5252
"2020-06-17 13:49:31",5255
"2020-06-17 14:49:19",5265
"2020-06-17 15:49:20",5275
"2020-06-17 16:49:29",5281
"2020-06-17 17:49:26",5282
"2020-06-17 18:49:44",5282
"2020-06-17 19:49:56",5286
"2020-06-17 20:49:58",5290
"2020-06-17 21:49:42",5290
"2020-06-17 22:49:16",5290
"2020-06-17 23:49:19",5291
"2020-06-18 00:49:07",5291
"2020-06-18 01:49:20",5291
"2020-06-18 02:49:05",5291
"2020-06-18 03:49:33",5291
"2020-06-18 04:49:18",5288
"2020-06-18 05:49:05",5288
"2020-06-18 06:49:19",5288
"2020-06-18 07:49:39",5288
"2020-06-18 08:49:18",5288
"2020-06-18 09:49:13",5288
"2020-06-18 10:49:05",5288
"2020-06-18 11:49:36",5288
"2020-06-18 12:49:20",5288
"2020-06-18 13:49:45",5289
"2020-06-18 14:49:43",5285
"2020-06-18 17:11:11",5285
"2020-06-18 17:49:15",5285
"2020-06-18 18:49:37",5285
"2020-06-18 19:49:35",5285
"2020-06-18 20:49:25",5296
"2020-06-18 21:49:41",5296
"2020-06-18 22:49:16",5297
"2020-06-18 23:49:22",5297
"2020-06-19 00:49:50",5297
"2020-06-19 01:49:17",5297
"2020-06-19 02:49:11",5297
"2020-06-19 03:49:53",5297
"2020-06-19 04:51:47",5297
"2020-06-19 05:49:13",5297
"2020-06-19 06:49:11",5297
"2020-06-19 07:49:45",5297
"2020-06-19 08:50:04",5297
"2020-06-19 09:49:46",5297
"2020-06-19 10:49:14",5297
"2020-06-19 11:49:17",5297
"2020-06-19 13:12:36",5297
"2020-06-19 13:50:05",5297
"2020-06-19 14:49:24",5290
"2020-06-19 15:49:30",5293
"2020-06-19 16:49:15",5297
"2020-06-19 17:49:49",5299
"2020-06-19 18:49:17",5300
"2020-06-19 19:49:23",5305
"2020-06-19 20:49:20",5310
"2020-06-19 21:49:17",5315
"2020-06-19 22:49:23",5318
"2020-06-19 23:49:44",5318
"2020-06-20 00:49:23",5318
"2020-06-20 01:49:38",5318
"2020-06-20 02:49:29",5318
"2020-06-20 03:49:12",5318
"2020-06-20 04:49:01",5318
"2020-06-20 05:49:16",5318
"2020-06-20 06:49:10",5317
"2020-06-20 07:49:17",5317
"2020-06-20 08:49:16",5317
"2020-06-20 09:49:15",5317
"2020-06-20 10:49:14",5317
"2020-06-20 11:49:20",5317
"2020-06-20 12:49:17",5317
"2020-06-20 13:49:20",5317
"2020-06-20 14:49:17",5317
"2020-06-20 15:49:05",5317
"2020-06-20 16:49:50",5317
"2020-06-20 17:49:11",5317
"2020-06-20 18:49:11",5317
"2020-06-20 19:49:36",5317
"2020-06-20 20:49:15",5317
"2020-06-20 21:49:18",5317
"2020-06-20 22:49:26",5317
"2020-06-20 23:49:26",5317
"2020-06-21 00:49:25",5317
"2020-06-21 01:49:15",5317
"2020-06-21 02:49:19",5317
"2020-06-21 03:49:56",5317
"2020-06-21 04:49:15",5317
"2020-06-21 05:49:57",5317
"2020-06-21 06:49:18",5317
"2020-06-21 07:49:16",5317
"2020-06-21 08:49:08",5317
"2020-06-21 09:49:06",5317
"2020-06-21 10:49:02",5317
"2020-06-21 11:49:17",5317
"2020-06-21 12:49:27",5317
"2020-06-21 13:49:25",5317
"2020-06-21 14:50:04",5317
"2020-06-21 15:49:17",5317
"2020-06-21 16:49:06",5317
"2020-06-21 17:49:10",5317
"2020-06-21 18:49:19",5317
"2020-06-21 19:49:21",5317
"2020-06-21 20:49:17",5317
"2020-06-21 21:49:22",5317
"2020-06-21 22:49:51",5317
"2020-06-21 23:49:28",5317
"2020-06-22 00:49:09",5317
"2020-06-22 01:49:52",5317
"2020-06-22 02:49:23",5317
"2020-06-22 03:49:14",5317
"2020-06-22 04:49:24",5317
"2020-06-22 05:49:54",5317
"2020-06-22 06:49:19",5317
"2020-06-22 07:49:06",5317
"2020-06-22 08:49:25",5317
"2020-06-22 09:49:22",5317
"2020-06-22 10:49:49",5317
"2020-06-22 11:49:12",5317
"2020-06-22 12:49:21",5317
"2020-06-22 13:49:24",5317
"2020-06-22 14:49:26",5345
"2020-06-22 15:49:50",5347
"2020-06-22 16:49:25",5355
"2020-06-22 17:50:59",5360
"2020-06-22 18:49:14",5363
"2020-06-22 20:49:11",5368
"2020-06-22 21:50:29",5369
"2020-06-22 22:49:05",5368
"2020-06-22 23:49:15",5368
"2020-06-23 00:49:09",5368
"2020-06-23 01:49:16",5368
"2020-06-23 02:49:30",5368
"2020-06-23 03:49:29",5368
"2020-06-23 04:49:42",5368
"2020-06-23 05:49:37",5367
"2020-06-23 06:49:10",5367
"2020-06-23 07:49:28",5367
"2020-06-23 08:50:23",5367
"2020-06-23 09:49:13",5367
"2020-06-23 10:49:27",5367
"2020-06-23 11:49:20",5367
"2020-06-23 12:49:27",5367
"2020-06-23 13:49:37",5367
"2020-06-23 14:49:27",5366
"2020-06-23 15:49:40",5378
"2020-06-23 16:49:23",5392
"2020-06-23 17:49:34",5403
"2020-06-23 18:49:52",5407
"2020-06-23 19:49:10",5420
"2020-06-23 20:49:25",5426
"2020-06-23 21:49:12",5430
"2020-06-23 22:49:48",5431
"2020-06-23 23:49:56",5431
"2020-06-24 00:49:55",5431
"2020-06-24 01:49:51",5431
"2020-06-24 02:50:09",5431
"2020-06-24 03:49:16",5431
"2020-06-24 04:49:47",5431
"2020-06-24 05:50:01",5431
"2020-06-24 06:49:28",5431
"2020-06-24 07:49:17",5431
"2020-06-24 08:49:51",5431
"2020-06-24 09:49:26",5431
"2020-06-24 10:49:31",5431
"2020-06-24 11:49:11",5431
"2020-06-24 12:49:20",5431
"2020-06-24 13:49:26",5431
"2020-06-24 14:49:19",5441
"2020-06-24 15:49:15",5445
"2020-06-24 16:49:34",5445
"2020-06-24 17:49:50",5450
"2020-06-24 18:49:48",5458
"2020-06-24 19:49:52",5461
"2020-06-24 20:49:20",5462
"2020-06-24 21:49:32",5464
"2020-06-24 22:49:32",5466
"2020-06-24 23:49:21",5466
"2020-06-25 00:49:43",5466
"2020-06-25 01:49:21",5466
"2020-06-25 02:49:07",5466
"2020-06-25 03:49:15",5466
"2020-06-25 04:49:21",5466
"2020-06-25 05:49:19",5466
"2020-06-25 06:49:29",5464
"2020-06-25 07:49:30",5464
"2020-06-25 08:49:31",5464
"2020-06-25 09:49:53",5464
"2020-06-25 10:49:13",5464
"2020-06-25 11:50:15",5464
"2020-06-25 13:11:40",5465
"2020-06-25 13:49:51",5465
"2020-06-25 14:50:29",5472
"2020-06-25 15:50:05",5484
"2020-06-25 16:49:57",5496
"2020-06-25 17:50:05",5503
"2020-06-25 18:49:34",5514
"2020-06-25 19:49:31",5524
"2020-06-25 20:49:21",5530
"2020-06-25 21:49:54",5535
"2020-06-25 22:50:01",5539
"2020-06-25 23:49:15",5539
"2020-06-26 00:50:09",5539
"2020-06-26 01:49:29",5539
"2020-06-26 02:49:31",5539
"2020-06-26 03:49:49",5539
"2020-06-26 04:49:13",5539
"2020-06-26 05:49:28",5539
"2020-06-26 06:49:31",5539
"2020-06-26 07:49:46",5539
"2020-06-26 08:49:41",5539
"2020-06-26 09:49:27",5539
"2020-06-26 10:49:17",5539
"2020-06-26 11:49:24",5539
"2020-06-26 12:49:32",5539
"2020-06-26 13:50:27",5540
"2020-06-26 14:49:33",5560
"2020-06-26 15:49:21",5563
"2020-06-26 16:49:34",5570
"2020-06-26 17:49:22",5575
"2020-06-26 18:49:32",5584
"2020-06-26 19:49:35",5587
"2020-06-26 20:49:19",5588
"2020-06-26 21:49:24",5588
"2020-06-26 22:49:55",5590
"2020-06-26 23:49:14",5590
"2020-06-27 00:50:25",5590
"2020-06-27 01:49:51",5590
"2020-06-27 02:49:49",5590
"2020-06-27 03:49:47",5590
"2020-06-27 04:49:59",5590
"2020-06-27 05:49:10",5591
"2020-06-27 06:49:23",5591
"2020-06-27 07:49:24",5591
"2020-06-27 08:49:19",5591
"2020-06-27 09:49:18",5591
"2020-06-27 10:49:22",5591
"2020-06-27 11:49:09",5591
"2020-06-27 12:49:36",5591
"2020-06-27 13:49:26",5591
"2020-06-27 14:49:07",5591
"2020-06-27 15:49:57",5591
"2020-06-27 16:49:23",5591
"2020-06-27 17:49:19",5591
"2020-06-27 18:49:18",5591
"2020-06-27 19:49:21",5591
"2020-06-27 20:49:11",5591
"2020-06-27 21:49:17",5591
"2020-06-27 22:49:23",5591
"2020-06-27 23:49:13",5591
"2020-06-28 00:49:33",5591
"2020-06-28 01:49:11",5591
"2020-06-28 02:49:26",5591
"2020-06-28 03:49:12",5591
"2020-06-28 04:49:10",5591
"2020-06-28 05:49:19",5591
"2020-06-28 06:49:20",5591
"2020-06-28 07:49:39",5591
"2020-06-28 08:49:31",5591
"2020-06-28 09:49:16",5591
"2020-06-28 10:49:19",5591
"2020-06-28 11:49:11",5591
"2020-06-28 12:49:22",5591
"2020-06-28 13:49:23",5591
"2020-06-28 14:49:12",5591
"2020-06-28 15:49:27",5591
"2020-06-28 16:49:20",5591
"2020-06-28 17:49:19",5591
"2020-06-28 18:49:30",5591
"2020-06-28 19:49:26",5591
"2020-06-28 20:49:11",5591
"2020-06-28 21:49:28",5591
"2020-06-28 22:49:40",5591
"2020-06-28 23:49:31",5591
"2020-06-29 00:49:40",5591
"2020-06-29 01:49:10",5591
"2020-06-29 02:49:27",5591
"2020-06-29 03:49:20",5591
"2020-06-29 04:49:26",5591
"2020-06-29 05:49:16",5591
"2020-06-29 06:49:34",5591
"2020-06-29 07:49:39",5591
"2020-06-29 08:49:24",5591
"2020-06-29 09:49:27",5591
"2020-06-29 10:49:21",5591
"2020-06-29 11:49:17",5591
"2020-06-29 12:49:30",5591
"2020-06-29 13:49:46",5591
"2020-06-29 14:50:00",5603
"2020-06-29 15:49:31",5608
"2020-06-29 16:49:23",5606
"2020-06-29 17:49:21",5609
"2020-06-29 18:49:20",5610
"2020-06-29 19:49:31",5611
"2020-06-29 20:49:28",5614
"2020-06-29 21:49:28",5616
"2020-06-29 22:49:18",5616
"2020-06-29 23:49:32",5616
"2020-06-30 00:49:53",5616
"2020-06-30 01:49:28",5616
"2020-06-30 02:50:11",5616
"2020-06-30 03:49:19",5616
"2020-06-30 04:49:59",5616
"2020-06-30 05:49:29",5616
"2020-06-30 06:49:47",5616
"2020-06-30 07:49:21",5615
"2020-06-30 08:49:21",5615
"2020-06-30 09:49:30",5615
"2020-06-30 10:51:26",5615
"2020-06-30 11:49:21",5615
"2020-06-30 12:49:19",5615
"2020-06-30 13:50:35",5615
"2020-06-30 14:49:36",5622
"2020-06-30 15:49:51",5624
"2020-06-30 16:50:22",5627
"2020-06-30 17:49:29",5635
"2020-06-30 18:49:51",5639
"2020-06-30 19:49:25",5640
"2020-06-30 20:49:41",5644
"2020-06-30 21:50:04",5645
"2020-06-30 22:49:12",5646
"2020-06-30 23:49:19",5646
"2020-07-01 00:50:41",5646
"2020-07-01 01:49:26",5646
"2020-07-01 02:50:01",5646
"2020-07-01 03:49:31",5646
"2020-07-01 04:49:32",5645
"2020-07-01 05:49:42",5646
"2020-07-01 06:49:32",5646
"2020-07-01 07:49:32",5646
"2020-07-01 08:50:08",5646
"2020-07-01 09:50:32",5646
"2020-07-01 10:50:14",5646
"2020-07-01 11:49:39",5646
"2020-07-01 13:11:15",5646
"2020-07-01 13:50:25",5646
"2020-07-01 14:50:29",5655
"2020-07-01 15:50:27",5657
"2020-07-01 16:50:14",5658
"2020-07-01 17:50:03",5658
"2020-07-01 18:50:07",5664
"2020-07-01 19:50:25",5667
"2020-07-01 20:50:07",5671
"2020-07-01 21:49:26",5673
"2020-07-01 22:50:04",5675
"2020-07-01 23:49:30",5675
"2020-07-02 00:51:23",5675
"2020-07-02 01:49:31",5675
"2020-07-02 02:49:38",5675
"2020-07-02 03:49:45",5675
"2020-07-02 04:49:37",5675
"2020-07-02 05:49:41",5674
"2020-07-02 06:49:31",5674
"2020-07-02 07:49:23",5674
"2020-07-02 08:49:32",5674
"2020-07-02 09:49:50",5674
"2020-07-02 10:49:35",5674
"2020-07-02 11:49:41",5674
"2020-07-02 13:14:14",5674
"2020-07-02 13:50:07",5674
"2020-07-02 14:49:46",5684
"2020-07-02 15:49:48",5688
"2020-07-02 16:49:57",5684
"2020-07-02 17:49:48",5687
"2020-07-02 18:49:53",5685
"2020-07-02 19:49:59",5685
"2020-07-02 20:49:19",5684
"2020-07-02 21:49:38",5682
"2020-07-02 22:49:27",5680
"2020-07-02 23:49:19",5680
"2020-07-03 00:50:06",5680
"2020-07-03 01:49:41",5680
"2020-07-03 02:49:57",5680
"2020-07-03 03:49:25",5680
"2020-07-03 04:50:07",5680
"2020-07-03 05:49:30",5676
"2020-07-03 06:49:30",5676
"2020-07-03 07:49:31",5676
"2020-07-03 08:49:29",5676
"2020-07-03 09:49:55",5676
"2020-07-03 10:49:34",5676
"2020-07-03 11:49:23",5676
"2020-07-03 12:49:24",5676
"2020-07-03 13:49:30",5676
"2020-07-03 14:49:36",5676
"2020-07-03 15:49:27",5676
"2020-07-03 16:49:28",5676
"2020-07-03 17:49:27",5676
"2020-07-03 18:49:41",5676
"2020-07-03 19:49:32",5676
"2020-07-03 20:49:36",5676
"2020-07-03 21:49:32",5676
"2020-07-03 22:49:24",5676
"2020-07-03 23:49:37",5676
"2020-07-04 00:49:23",5676
"2020-07-04 01:49:48",5676
"2020-07-04 02:49:57",5676
"2020-07-04 03:49:20",5676
"2020-07-04 04:49:16",5676
"2020-07-04 05:49:30",5676
"2020-07-04 06:49:38",5676
"2020-07-04 07:49:26",5676
"2020-07-04 08:49:34",5676
"2020-07-04 09:49:33",5676
"2020-07-04 11:41:14",5676
"2020-07-04 11:49:28",5676
"2020-07-04 12:49:37",5676
"2020-07-04 13:49:31",5676
"2020-07-04 14:49:43",5676
"2020-07-04 15:49:13",5676
"2020-07-04 16:49:56",5676
"2020-07-04 17:49:23",5676
"2020-07-04 18:49:33",5676
"2020-07-04 19:49:20",5676
"2020-07-04 20:49:30",5676
"2020-07-04 21:49:33",5676
"2020-07-04 22:49:19",5676
"2020-07-04 23:49:43",5676
"2020-07-05 00:49:35",5676
"2020-07-05 01:49:34",5676
"2020-07-05 02:49:15",5676
"2020-07-05 03:49:24",5676
"2020-07-05 04:49:21",5676
"2020-07-05 05:49:35",5676
"2020-07-05 06:49:38",5676
"2020-07-05 07:49:39",5676
"2020-07-05 08:49:33",5676
"2020-07-05 11:40:55",5676
"2020-07-05 11:42:44",5676
"2020-07-05 11:50:26",5676
"2020-07-05 12:49:22",5676
"2020-07-05 13:49:32",5676
"2020-07-05 14:49:19",5676
"2020-07-05 15:49:48",5676
"2020-07-05 16:49:30",5676
"2020-07-05 17:49:22",5676
"2020-07-05 18:49:19",5676
"2020-07-05 19:49:43",5676
"2020-07-05 20:49:27",5676
"2020-07-05 21:49:33",5676
"2020-07-05 22:49:18",5676
"2020-07-05 23:49:21",5676
"2020-07-06 00:49:31",5676
"2020-07-06 01:49:38",5676
"2020-07-06 02:49:29",5676
"2020-07-06 03:49:27",5676
"2020-07-06 04:49:23",5676
"2020-07-06 05:49:09",5676
"2020-07-06 06:49:40",5676
"2020-07-06 07:49:58",5676
"2020-07-06 08:49:38",5676
"2020-07-06 11:43:38",5676
"2020-07-06 11:47:14",5676
"2020-07-06 11:54:54",5676
"2020-07-06 14:12:49",5692
"2020-07-06 14:20:47",5692
"2020-07-06 14:50:05",5692
"2020-07-06 15:49:38",5692
"2020-07-06 16:50:19",5699
"2020-07-06 17:49:34",5699
"2020-07-06 18:49:22",5708
"2020-07-06 19:49:22",5713
"2020-07-06 20:49:39",5719
"2020-07-06 21:49:19",5719
"2020-07-06 22:49:59",5718
"2020-07-06 23:49:20",5718
"2020-07-07 00:49:34",5718
"2020-07-07 01:49:15",5718
"2020-07-07 02:49:25",5718
"2020-07-07 03:50:09",5717
"2020-07-07 04:49:22",5717
"2020-07-07 05:49:13",5717
"2020-07-07 06:49:15",5717
"2020-07-07 07:49:09",5717
"2020-07-07 08:49:20",5717
"2020-07-07 11:28:46",5717
"2020-07-07 11:35:01",5717
"2020-07-07 11:49:27",5717
"2020-07-07 12:49:36",5717
"2020-07-07 13:49:39",5718
"2020-07-07 14:49:27",5725
"2020-07-07 15:50:19",5730
"2020-07-07 16:51:00",5735
"2020-07-07 17:49:46",5737
"2020-07-07 18:49:21",5736
"2020-07-07 19:50:17",5735
"2020-07-07 20:49:41",5731
"2020-07-07 21:50:23",5730
"2020-07-07 22:49:35",5729
"2020-07-07 23:49:34",5729
"2020-07-08 00:51:40",5729
"2020-07-08 01:49:56",5729
"2020-07-08 02:49:31",5729
"2020-07-08 03:49:40",5729
"2020-07-08 04:49:29",5729
"2020-07-08 05:49:53",5729
"2020-07-08 06:49:37",5729
"2020-07-08 07:49:30",5729
"2020-07-08 08:49:41",5729
"2020-07-08 12:02:27",5729
"2020-07-08 12:03:35",5729
"2020-07-08 12:08:30",5729
"2020-07-08 13:15:19",5731
"2020-07-08 13:49:57",5731
"2020-07-08 14:49:33",5732
"2020-07-08 15:49:39",5732
"2020-07-08 16:49:28",5734
"2020-07-08 17:49:36",5734
"2020-07-08 18:49:56",5734
"2020-07-08 19:50:09",5734
"2020-07-08 20:49:32",5737
"2020-07-08 21:49:33",5738
"2020-07-08 22:49:34",5738
"2020-07-08 23:49:39",5738
"2020-07-09 00:51:26",5738
"2020-07-09 01:49:31",5738
"2020-07-09 18:51:48",5747
"2020-07-09 18:54:49",5747
"2020-07-09 19:02:32",5747
"2020-07-09 19:51:42",5747
"2020-07-09 20:49:41",5752
"2020-07-09 21:49:50",5751
"2020-07-09 22:49:56",5752
"2020-07-09 23:49:34",5752
"2020-07-10 00:51:19",5752
"2020-07-10 01:49:40",5752
"2020-07-10 02:50:02",5752
"2020-07-10 03:49:31",5752
"2020-07-10 04:49:12",5752
"2020-07-10 05:49:21",5752
"2020-07-10 06:49:36",5752
"2020-07-10 07:49:28",5752
"2020-07-10 08:49:26",5752
"2020-07-10 11:46:56",5752
"2020-07-10 11:54:33",5752
"2020-07-10 12:02:10",5752
"2020-07-10 13:15:12",5752
"2020-07-10 13:49:36",5752
"2020-07-10 14:49:18",5752
"2020-07-10 15:49:40",5750
"2020-07-10 16:49:40",5748
"2020-07-10 17:49:23",5748
"2020-07-10 18:49:37",5750
"2020-07-10 19:49:38",5745
"2020-07-10 20:49:25",5749
"2020-07-10 21:49:58",5749
"2020-07-10 22:49:19",5748
"2020-07-10 23:49:39",5748
"2020-07-11 00:49:25",5748
"2020-07-11 01:49:34",5748
"2020-07-11 02:49:13",5748
"2020-07-11 03:49:38",5748
"2020-07-11 04:49:35",5747
"2020-07-11 05:49:25",5745
"2020-07-11 06:49:26",5745
"2020-07-11 07:49:45",5745
"2020-07-11 08:49:38",5745
"2020-07-11 11:58:17",5745
"2020-07-11 12:04:35",5745
"2020-07-11 12:10:53",5745
"2020-07-11 12:49:31",5745
"2020-07-11 13:49:30",5745
"2020-07-11 14:49:36",5745
"2020-07-11 15:49:34",5745
"2020-07-11 16:49:14",5745
"2020-07-11 17:49:28",5745
"2020-07-11 18:49:29",5745
"2020-07-11 19:49:27",5745
"2020-07-11 20:49:11",5745
"2020-07-11 21:49:58",5745
"2020-07-11 22:49:45",5745
"2020-07-11 23:49:23",5745
"2020-07-12 00:49:24",5745
"2020-07-12 01:50:10",5745
"2020-07-12 02:49:28",5745
"2020-07-12 03:49:37",5745
"2020-07-12 04:49:17",5745
"2020-07-12 05:49:29",5745
"2020-07-12 06:49:53",5745
"2020-07-12 07:49:24",5745
"2020-07-12 08:49:18",5745
"2020-07-12 11:41:49",5745
"2020-07-12 11:46:46",5745
"2020-07-12 11:56:26",5745
"2020-07-12 12:49:19",5745
"2020-07-12 13:49:28",5745
"2020-07-12 14:49:15",5745
"2020-07-12 15:49:29",5745
"2020-07-12 16:49:36",5745
"2020-07-12 17:49:15",5745
"2020-07-12 18:49:23",5745
"2020-07-12 19:49:30",5745
"2020-07-12 20:49:25",5745
"2020-07-12 21:49:16",5745
"2020-07-12 22:49:47",5745
"2020-07-12 23:49:25",5745
"2020-07-13 00:49:50",5745
"2020-07-13 01:49:46",5745
"2020-07-13 02:50:19",5745
"2020-07-13 03:49:39",5745
"2020-07-13 04:49:36",5745
"2020-07-13 05:49:21",5745
"2020-07-13 06:49:45",5745
"2020-07-13 07:49:22",5745
"2020-07-13 08:49:35",5745
"2020-07-13 12:08:39",5745
"2020-07-13 12:12:22",5745
"2020-07-13 12:15:42",5745
"2020-07-13 12:50:17",5745
"2020-07-13 13:49:35",5745
"2020-07-13 14:49:30",5767
"2020-07-13 15:49:47",5767
"2020-07-13 16:50:26",5764
"2020-07-13 17:49:33",5758
"2020-07-13 18:49:40",5759
"2020-07-13 19:50:00",5755
"2020-07-13 20:49:49",5756
"2020-07-13 21:49:50",5756
"2020-07-13 22:49:52",5757
"2020-07-13 23:49:50",5757
"2020-07-14 00:51:04",5757
"2020-07-14 01:50:05",5757
"2020-07-14 02:50:05",5757
"2020-07-14 03:49:37",5757
"2020-07-14 04:49:27",5757
"2020-07-14 05:49:36",5757
"2020-07-14 06:49:31",5757
"2020-07-14 07:49:48",5757
"2020-07-14 08:49:46",5757
"2020-07-14 12:14:40",5757
"2020-07-14 12:21:29",5757
"2020-07-14 12:25:21",5757
"2020-07-14 12:49:47",5757
"2020-07-14 13:50:29",5756
"2020-07-14 14:50:11",5750
"2020-07-14 15:50:30",5754
"2020-07-14 16:50:52",5753
"2020-07-14 17:50:49",5757
"2020-07-14 18:50:26",5757
"2020-07-14 19:49:56",5758
"2020-07-14 20:50:10",5755
"2020-07-14 21:49:56",5757
"2020-07-14 22:50:12",5758
"2020-07-14 23:50:12",5758
"2020-07-15 00:50:42",5758
"2020-07-15 01:50:20",5758
"2020-07-15 02:33:39",5758
"2020-07-15 02:41:18",5758
"2020-07-15 02:48:58",5758
"2020-07-15 02:56:53",5758
"2020-07-15 03:18:22",5758
"2020-07-15 03:26:13",5758
"2020-07-15 03:34:05",5758
"2020-07-15 03:41:48",5758
"2020-07-15 03:49:31",5758
"2020-07-15 03:57:16",5758
"2020-07-15 04:05:06",5757
"2020-07-15 04:12:51",5757
"2020-07-15 04:20:37",5757
"2020-07-15 04:28:21",5757
"2020-07-15 04:36:16",5757
"2020-07-15 04:43:58",5757
"2020-07-15 04:51:41",5757
"2020-07-15 04:59:34",5757
"2020-07-15 05:07:50",5757
"2020-07-15 12:22:21",5757
"2020-07-15 12:30:19",5757
"2020-07-15 12:38:14",5757
"2020-07-15 12:46:07",5757
"2020-07-15 12:54:03",5757
"2020-07-15 13:01:57",5757
"2020-07-15 13:10:03",5756
"2020-07-15 13:18:16",5756
"2020-07-15 13:26:25",5756
"2020-07-15 13:34:29",5756
"2020-07-15 13:42:29",5756
"2020-07-15 13:50:29",5756
"2020-07-15 13:58:24",5756
"2020-07-15 14:06:27",5756
"2020-07-15 14:14:38",5774
"2020-07-15 14:22:41",5774
"2020-07-15 14:30:40",5774
"2020-07-15 14:38:35",5774
"2020-07-15 14:48:30",5774
"2020-07-15 14:58:25",5774
"2020-07-15 15:08:35",5803
"2020-07-15 15:18:32",5803
"2020-07-15 15:28:28",5803
"2020-07-15 15:38:24",5803
"2020-07-15 15:48:40",5803
"2020-07-15 15:58:41",5803
"2020-07-15 16:08:46",5811
"2020-07-15 16:18:48",5811
"2020-07-15 16:28:52",5811
"2020-07-15 16:39:07",5811
"2020-07-15 16:49:19",5811
"2020-07-15 16:59:19",5811
"2020-07-15 17:16:42",5827
"2020-07-15 17:24:30",5827
"2020-07-15 17:32:15",5827
"2020-07-15 17:40:02",5827
"2020-07-15 17:47:49",5827
"2020-07-15 17:55:39",5827
"2020-07-15 18:03:41",5834
"2020-07-15 18:11:36",5834
"2020-07-15 18:19:31",5834
"2020-07-15 18:27:23",5834
"2020-07-15 18:35:17",5834
"2020-07-15 18:43:25",5834
"2020-07-15 18:51:30",5834
"2020-07-15 18:59:25",5834
"2020-07-15 19:07:48",5834
"2020-07-15 19:15:42",5850
"2020-07-15 19:23:28",5850
"2020-07-15 19:31:30",5850
"2020-07-15 19:41:28",5850
"2020-07-15 19:51:19",5850
"2020-07-15 20:01:14",5850
"2020-07-15 20:11:09",5859
"2020-07-15 20:21:18",5859
"2020-07-15 20:31:06",5859
"2020-07-15 20:40:54",5859
"2020-07-15 20:50:41",5859
"2020-07-15 21:00:27",5859
"2020-07-15 21:10:17",5861
"2020-07-15 21:20:05",5861
"2020-07-15 21:29:47",5861
"2020-07-15 21:40:25",5861
"2020-07-15 21:50:20",5861
"2020-07-15 22:00:35",5861
"2020-07-15 22:10:30",5861
"2020-07-15 22:20:26",5861
"2020-07-15 22:30:12",5861
"2020-07-15 22:39:55",5861
"2020-07-15 22:49:39",5861
"2020-07-15 23:06:34",5861
"2020-07-15 23:12:58",5861
"2020-07-15 23:19:20",5861
"2020-07-15 23:29:06",5861
"2020-07-15 23:38:57",5861
"2020-07-15 23:48:41",5861
"2020-07-15 23:58:39",5861
"2020-07-16 00:09:15",5861
"2020-07-16 00:19:43",5861
"2020-07-16 00:30:02",5861
"2020-07-16 00:40:18",5861
"2020-07-16 00:50:08",5861
"2020-07-16 00:59:55",5861
"2020-07-16 01:09:49",5861
"2020-07-16 01:19:48",5861
"2020-07-16 01:29:35",5861
"2020-07-16 01:39:21",5861
"2020-07-16 01:49:08",5861
"2020-07-16 01:58:59",5861
"2020-07-16 02:08:56",5861
"2020-07-16 02:19:09",5861
"2020-07-16 02:29:24",5861
"2020-07-16 02:39:25",5861
"2020-07-16 02:49:41",5861
"2020-07-16 03:04:44",5861
"2020-07-16 03:09:49",5861
"2020-07-16 03:20:23",5861
"2020-07-16 03:30:24",5861
"2020-07-16 03:40:27",5861
"2020-07-16 03:50:28",5861
"2020-07-16 04:00:50",5861
"2020-07-16 04:11:03",5861
"2020-07-16 04:21:00",5861
"2020-07-16 04:30:56",5861
"2020-07-16 04:40:51",5861
"2020-07-16 04:50:45",5861
"2020-07-16 05:00:41",5861
"2020-07-16 05:10:36",5861
"2020-07-16 05:20:29",5861
"2020-07-16 05:30:20",5861
"2020-07-16 05:42:50",5861
"2020-07-16 05:54:13",5861
"2020-07-16 06:04:12",5861
"2020-07-16 06:14:00",5861
"2020-07-16 06:22:14",5861
"2020-07-16 06:31:28",5861
"2020-07-16 06:40:42",5861
"2020-07-16 06:50:00",5861
"2020-07-16 07:11:49",5861
"2020-07-16 07:17:12",5861
"2020-07-16 07:21:51",5861
"2020-07-16 07:33:00",5861
"2020-07-16 07:47:12",5861
"2020-07-16 08:04:06",5861
"2020-07-16 08:14:40",5861
"2020-07-16 08:24:11",5861
"2020-07-16 08:33:22",5861
"2020-07-16 08:43:06",5861
"2020-07-16 08:52:06",5861
"2020-07-16 09:01:27",5861
"2020-07-16 09:11:19",5861
"2020-07-16 09:21:21",5861
"2020-07-16 09:31:17",5861
"2020-07-16 09:40:36",5861
"2020-07-16 09:49:24",5861
"2020-07-16 09:58:09",5861
"2020-07-16 10:07:16",5861
"2020-07-16 10:16:15",5861
"2020-07-16 10:24:33",5861
"2020-07-16 10:32:58",5861
"2020-07-16 10:41:21",5861
"2020-07-16 10:51:51",5861
"2020-07-16 11:02:42",5861
"2020-07-16 11:13:45",5861
"2020-07-16 11:24:20",5861
"2020-07-16 11:34:47",5861
"2020-07-16 11:45:25",5861
"2020-07-16 11:56:26",5861
"2020-07-16 12:08:17",5861
"2020-07-16 12:19:30",5861
"2020-07-16 12:30:39",5861
"2020-07-16 12:41:50",5861
"2020-07-16 12:52:56",5861
"2020-07-16 13:04:14",5861
"2020-07-16 13:16:08",5859
"2020-07-16 13:27:37",5859
"2020-07-16 13:39:31",5859
"2020-07-16 13:50:42",5859
"2020-07-16 14:01:36",5859
"2020-07-16 14:12:49",5863
"2020-07-16 14:23:58",5863
"2020-07-16 14:42:34",5863
"2020-07-16 14:49:20",5863
"2020-07-16 14:56:15",5863
"2020-07-16 15:07:25",5863
"2020-07-16 15:18:35",5863
"2020-07-16 17:01:44",5863
"2020-07-16 17:09:52",5863
"2020-07-16 17:18:12",5863
"2020-07-16 17:26:17",5863
"2020-07-16 17:34:30",5863
"2020-07-16 17:42:40",5863
"2020-07-16 17:50:45",5863
"2020-07-16 17:58:49",5863
"2020-07-16 18:07:12",5863
"2020-07-16 18:15:23",5863
"2020-07-16 18:23:36",5863
"2020-07-16 18:31:42",5866
"2020-07-16 18:39:48",5866
"2020-07-16 18:47:59",5866
"2020-07-16 18:56:22",5866
"2020-07-16 19:04:30",5866
"2020-07-16 19:12:35",5863
"2020-07-16 19:20:42",5863
"2020-07-16 19:30:50",5863
"2020-07-16 19:40:55",5863
"2020-07-16 19:50:59",5863
"2020-07-16 20:01:04",5863
"2020-07-16 20:11:09",5863
"2020-07-16 20:21:09",5863
"2020-07-16 20:31:09",5863
"2020-07-16 20:41:13",5863
"2020-07-16 20:51:16",5863
"2020-07-16 21:01:22",5863
"2020-07-16 21:11:27",5863
"2020-07-16 21:21:31",5863
"2020-07-16 21:31:56",5863
"2020-07-16 21:42:04",5863
"2020-07-16 21:52:05",5863
"2020-07-16 22:02:13",5863
"2020-07-16 22:12:18",5863
"2020-07-16 22:22:18",5877
"2020-07-16 22:32:21",5877
"2020-07-16 22:42:21",5877
"2020-07-16 22:59:24",5877
"2020-07-16 23:05:58",5877
"2020-07-16 23:12:27",5877
"2020-07-16 23:22:27",5877
"2020-07-16 23:32:28",5877
"2020-07-16 23:42:26",5877
"2020-07-16 23:52:23",5877
"2020-07-17 00:03:00",5877
"2020-07-17 00:13:41",5877
"2020-07-17 00:24:11",5877
"2020-07-17 00:34:46",5877
"2020-07-17 00:45:08",5877
"2020-07-17 00:55:18",5877
"2020-07-17 01:05:36",5877
"2020-07-17 01:15:42",5877
"2020-07-17 01:25:43",5877
"2020-07-17 01:35:44",5877
"2020-07-17 01:45:48",5877
"2020-07-17 01:55:50",5877
"2020-07-17 02:05:56",5877
"2020-07-17 02:16:02",5877
"2020-07-17 02:26:04",5877
"2020-07-17 02:36:01",5877
"2020-07-17 02:45:58",5877
"2020-07-17 03:00:58",5877
"2020-07-17 03:06:04",5877
"2020-07-17 03:16:06",5877
"2020-07-17 03:26:10",5877
"2020-07-17 03:36:17",5877
"2020-07-17 03:46:22",5877
"2020-07-17 03:56:29",5877
"2020-07-17 04:06:44",5877
"2020-07-17 04:16:50",5876
"2020-07-17 04:26:55",5876
"2020-07-17 04:37:00",5876
"2020-07-17 04:47:03",5876
"2020-07-17 04:57:05",5876
"2020-07-17 05:07:15",5876
"2020-07-17 05:17:21",5876
"2020-07-17 05:27:22",5876
"2020-07-17 05:37:22",5876
"2020-07-17 05:47:23",5876
"2020-07-17 05:57:22",5876
"2020-07-17 06:07:37",5876
"2020-07-17 06:15:46",5876
"2020-07-17 06:23:49",5876
"2020-07-17 06:32:11",5876
"2020-07-17 06:40:20",5876
"2020-07-17 06:57:40",5876
"2020-07-17 07:01:42",5876
"2020-07-17 07:05:22",5876
"2020-07-17 07:13:35",5876
"2020-07-17 07:21:44",5876
"2020-07-17 07:29:52",5876
"2020-07-17 07:38:00",5876
"2020-07-17 07:46:06",5876
"2020-07-17 07:54:11",5876
"2020-07-17 08:02:23",5876
"2020-07-17 08:10:48",5876
"2020-07-17 08:19:20",5876
"2020-07-17 08:27:52",5876
"2020-07-17 08:36:27",5876
"2020-07-17 08:44:49",5876
"2020-07-17 08:53:00",5876
"2020-07-17 09:01:14",5876
"2020-07-17 09:09:25",5876
"2020-07-17 09:17:35",5876
"2020-07-17 09:25:41",5876
"2020-07-17 09:33:48",5876
"2020-07-17 09:41:49",5876
"2020-07-17 09:49:50",5876
"2020-07-17 09:58:07",5876
"2020-07-17 10:11:19",5876
"2020-07-17 10:18:21",5876
"2020-07-17 10:22:24",5876
"2020-07-17 10:30:26",5876
"2020-07-17 10:40:29",5876
"2020-07-17 10:50:33",5876
"2020-07-17 11:00:58",5876
"2020-07-17 11:11:10",5876
"2020-07-17 11:21:16",5876
"2020-07-17 11:31:23",5876
"2020-07-17 11:41:29",5876
"2020-07-17 11:51:31",5876
"2020-07-17 12:01:50",5876
"2020-07-17 12:12:14",5876
"2020-07-17 12:22:30",5876
"2020-07-17 12:32:36",5876
"2020-07-17 12:42:42",5876
"2020-07-17 12:52:44",5876
"2020-07-17 13:03:21",5876
"2020-07-17 13:13:58",5877
"2020-07-17 13:24:18",5877
"2020-07-17 13:32:53",5877
"2020-07-17 13:41:21",5877
"2020-07-17 13:49:26",5877
"2020-07-17 13:57:52",5877
"2020-07-17 14:06:45",5877
"2020-07-17 14:15:09",5877
"2020-07-17 14:23:31",5877
"2020-07-17 14:31:51",5877
"2020-07-17 14:39:59",5877
"2020-07-17 14:48:03",5877
"2020-07-17 14:56:23",5877
"2020-07-17 15:05:18",5877
"2020-07-17 15:14:08",5910
"2020-07-17 15:22:50",5910
"2020-07-17 15:31:23",5910
"2020-07-17 15:39:48",5910
"2020-07-17 15:48:13",5910
"2020-07-17 16:03:18",5917
"2020-07-17 16:12:05",5917
"2020-07-17 16:19:32",5917
"2020-07-17 16:28:17",5917
"2020-07-17 16:37:01",5917
"2020-07-17 16:45:30",5917
"2020-07-17 16:53:56",5917
"2020-07-17 17:06:55",5914
"2020-07-17 17:15:02",5914
"2020-07-17 17:23:40",5914
"2020-07-17 17:32:03",5914
"2020-07-17 17:40:32",5914
"2020-07-17 17:48:58",5914
"2020-07-17 17:57:27",5914
"2020-07-17 18:06:18",5916
"2020-07-17 18:14:49",5916
"2020-07-17 18:23:23",5916
"2020-07-17 18:31:53",5916
"2020-07-17 18:40:23",5916
"2020-07-17 18:48:50",5916
"2020-07-17 18:57:13",5916
"2020-07-17 19:09:50",5916
"2020-07-17 19:18:27",5911
"2020-07-17 19:26:45",5911
"2020-07-17 19:34:54",5911
"2020-07-17 19:46:37",5911
"2020-07-17 19:54:40",5911
"2020-07-17 20:02:51",5916
"2020-07-17 20:10:59",5916
"2020-07-17 20:19:00",5916
"2020-07-17 20:26:58",5916
"2020-07-17 20:35:03",5916
"2020-07-17 20:43:03",5916
"2020-07-17 20:51:03",5916
"2020-07-17 20:59:08",5916
"2020-07-17 21:07:26",5919
"2020-07-17 21:15:28",5919
"2020-07-17 21:23:25",5919
"2020-07-17 21:31:22",5919
"2020-07-17 21:39:33",5919
"2020-07-17 21:47:37",5919
"2020-07-17 21:55:40",5919
"2020-07-17 22:03:56",5919
"2020-07-17 22:14:14",5920
"2020-07-17 22:24:21",5920
"2020-07-17 22:34:29",5920
"2020-07-17 22:44:55",5920
"2020-07-17 22:55:28",5920
"2020-07-17 23:06:17",5920
"2020-07-17 23:16:33",5920
"2020-07-17 23:26:37",5920
"2020-07-17 23:36:42",5920
"2020-07-17 23:46:44",5920
"2020-07-17 23:57:03",5920
"2020-07-18 00:09:17",5920
"2020-07-18 00:20:16",5920
"2020-07-18 00:30:46",5920
"2020-07-18 00:41:24",5920
"2020-07-18 00:51:50",5920
"2020-07-18 01:02:04",5920
"2020-07-18 01:12:12",5920
"2020-07-18 01:22:23",5920
"2020-07-18 01:32:28",5920
"2020-07-18 01:49:36",5920
"2020-07-18 01:56:07",5920
"2020-07-18 02:02:39",5920
"2020-07-18 02:12:45",5920
"2020-07-18 02:22:46",5920
"2020-07-18 02:32:45",5920
"2020-07-18 02:42:43",5920
"2020-07-18 02:52:42",5920
"2020-07-18 03:02:53",5920
"2020-07-18 03:13:06",5920
"2020-07-18 03:23:14",5920
"2020-07-18 03:33:21",5920
"2020-07-18 03:43:28",5920
"2020-07-18 03:53:40",5920
"2020-07-18 04:04:07",5920
"2020-07-18 04:14:41",5920
"2020-07-18 04:25:09",5920
"2020-07-18 04:35:17",5920
"2020-07-18 04:45:20",5920
"2020-07-18 04:55:24",5920
"2020-07-18 05:06:04",5920
"2020-07-18 05:16:31",5920
"2020-07-18 05:26:46",5920
"2020-07-18 05:36:47",5920
"2020-07-18 05:51:47",5920
"2020-07-18 05:56:52",5920
"2020-07-18 06:07:12",5920
"2020-07-18 06:19:22",5920
"2020-07-18 08:41:22",5918
"2020-07-18 08:49:30",5918
"2020-07-18 08:57:33",5918
"2020-07-18 09:05:41",5918
"2020-07-18 09:13:39",5918
"2020-07-18 09:21:38",5918
"2020-07-18 09:29:39",5918
"2020-07-18 09:37:42",5918
"2020-07-18 09:45:43",5918
"2020-07-18 09:53:42",5918
"2020-07-18 10:01:47",5918
"2020-07-18 10:09:51",5918
"2020-07-18 10:17:52",5918
"2020-07-18 10:25:52",5918
"2020-07-18 10:34:04",5918
"2020-07-18 10:42:00",5918
"2020-07-18 10:49:51",5918
"2020-07-18 10:57:51",5918
"2020-07-18 11:07:53",5918
"2020-07-18 11:17:52",5918
"2020-07-18 11:27:50",5918
"2020-07-18 11:37:50",5918
"2020-07-18 11:47:47",5918
"2020-07-18 11:57:46",5918
"2020-07-18 12:07:59",5918
"2020-07-18 12:18:07",5918
"2020-07-18 12:28:08",5918
"2020-07-18 12:38:10",5918
"2020-07-18 12:48:10",5918
"2020-07-18 12:58:21",5918
"2020-07-18 13:08:36",5918
"2020-07-18 13:18:46",5918
"2020-07-18 13:28:49",5918
"2020-07-18 13:38:45",5918
"2020-07-18 13:48:41",5918
"2020-07-18 13:58:38",5918
"2020-07-18 14:08:36",5918
"2020-07-18 14:18:33",5918
"2020-07-18 14:35:38",5918
"2020-07-18 14:42:06",5918
"2020-07-18 14:48:33",5918
"2020-07-18 14:58:35",5918
"2020-07-18 15:08:42",5918
"2020-07-18 15:18:45",5918
"2020-07-18 15:28:44",5918
"2020-07-18 15:38:43",5918
"2020-07-18 15:48:43",5918
"2020-07-18 15:58:41",5918
"2020-07-18 16:08:43",5918
"2020-07-18 16:18:43",5918
"2020-07-18 16:28:45",5918
"2020-07-18 16:38:45",5918
"2020-07-18 16:48:42",5918
"2020-07-18 16:58:43",5918
"2020-07-18 17:08:49",5918
"2020-07-18 17:18:51",5918
"2020-07-18 17:28:49",5918
"2020-07-18 17:38:48",5918
"2020-07-18 17:48:45",5918
"2020-07-18 17:58:43",5918
"2020-07-18 18:08:46",5918
"2020-07-18 18:18:45",5918
"2020-07-18 18:33:38",5918
"2020-07-18 18:38:39",5918
"2020-07-18 18:48:36",5918
"2020-07-18 18:58:37",5918
"2020-07-18 19:09:00",5918
"2020-07-18 19:19:03",5918
"2020-07-18 19:29:01",5918
"2020-07-18 19:39:19",5918
"2020-07-18 22:13:23",5918
"2020-07-18 22:20:56",5918
"2020-07-18 22:28:29",5918
"2020-07-18 22:36:02",5918
"2020-07-18 22:43:35",5918
"2020-07-18 22:51:07",5918
"2020-07-18 22:58:41",5918
"2020-07-18 23:06:15",5918
"2020-07-18 23:13:49",5918
"2020-07-18 23:21:22",5918
"2020-07-18 23:28:54",5918
"2020-07-18 23:36:30",5918
"2020-07-18 23:44:10",5918
"2020-07-18 23:51:52",5918
"2020-07-18 23:59:47",5918
"2020-07-19 00:07:21",5918
"2020-07-19 00:14:51",5918
"2020-07-19 00:22:26",5918
"2020-07-19 00:32:01",5918
"2020-07-19 00:41:36",5918
"2020-07-19 00:51:12",5918
"2020-07-19 01:00:46",5918
"2020-07-19 01:10:22",5918
"2020-07-19 01:19:57",5918
"2020-07-19 01:29:32",5918
"2020-07-19 01:39:08",5918
"2020-07-19 01:48:44",5918
"2020-07-19 01:58:20",5918
"2020-07-19 02:07:54",5918
"2020-07-19 02:17:29",5918
"2020-07-19 02:27:02",5918
"2020-07-19 02:36:36",5918
"2020-07-19 02:46:09",5918
"2020-07-19 02:55:42",5918
"2020-07-19 03:05:17",5918
"2020-07-19 03:14:51",5918
"2020-07-19 03:24:26",5918
"2020-07-19 03:34:01",5918
"2020-07-19 03:50:14",5918
"2020-07-19 03:56:29",5918
"2020-07-19 04:02:44",5918
"2020-07-19 04:12:18",5918
"2020-07-19 04:21:51",5918
"2020-07-19 04:31:24",5918
"2020-07-19 04:40:58",5918
"2020-07-19 04:50:31",5918
"2020-07-19 05:00:05",5918
"2020-07-19 05:09:37",5918
"2020-07-19 05:19:10",5918
"2020-07-19 05:28:43",5918
"2020-07-19 05:38:15",5918
"2020-07-19 05:47:48",5918
"2020-07-19 05:57:19",5918
"2020-07-19 06:06:51",5918
"2020-07-19 06:16:30",5918
"2020-07-19 06:26:05",5918
"2020-07-19 06:46:49",5918
"2020-07-19 06:54:24",5918
"2020-07-19 07:01:59",5918
"2020-07-19 07:09:36",5918
"2020-07-19 07:17:12",5918
"2020-07-19 07:24:46",5918
"2020-07-19 07:32:20",5918
"2020-07-19 07:39:54",5918
"2020-07-19 07:47:29",5918
"2020-07-19 07:55:04",5918
"2020-07-19 08:02:38",5918
"2020-07-19 08:10:11",5918
"2020-07-19 08:17:45",5918
"2020-07-19 08:25:18",5918
"2020-07-19 08:33:04",5918
"2020-07-19 08:40:33",5918
"2020-07-19 08:47:59",5918
"2020-07-19 08:55:34",5918
"2020-07-19 09:05:10",5918
"2020-07-19 09:14:45",5918
"2020-07-19 09:24:20",5918
"2020-07-19 09:33:57",5918
"2020-07-19 09:43:39",5918
"2020-07-19 09:53:22",5918
"2020-07-19 10:03:06",5918
"2020-07-19 10:12:43",5918
"2020-07-19 10:22:17",5918
"2020-07-19 10:31:53",5918
"2020-07-19 10:41:30",5918
"2020-07-19 10:51:08",5918
"2020-07-19 11:00:43",5918
"2020-07-19 11:10:17",5918
"2020-07-19 11:19:53",5918
"2020-07-19 11:29:27",5918
"2020-07-19 11:39:04",5918
"2020-07-19 11:48:40",5918
"2020-07-19 11:58:15",5918
"2020-07-19 12:07:50",5918
"2020-07-19 12:24:10",5918
"2020-07-19 12:30:24",5918
"2020-07-19 12:36:39",5918
"2020-07-19 12:46:16",5918
"2020-07-19 12:55:53",5918
"2020-07-19 13:05:29",5918
"2020-07-19 13:15:05",5918
"2020-07-19 13:24:40",5918
"2020-07-19 13:34:18",5918
"2020-07-19 13:43:53",5918
"2020-07-19 13:53:28",5918
"2020-07-19 14:03:03",5918
"2020-07-19 14:12:37",5918
"2020-07-19 14:22:11",5918
"2020-07-19 14:31:47",5918
"2020-07-19 14:41:22",5918
"2020-07-19 14:50:57",5918
"2020-07-19 15:00:32",5918
"2020-07-19 15:10:09",5918
"2020-07-19 15:19:45",5918
"2020-07-19 15:29:20",5918
"2020-07-19 15:38:55",5918
"2020-07-19 15:48:30",5918
"2020-07-19 15:58:05",5918
"2020-07-19 16:12:27",5918
"2020-07-19 16:17:21",5918
"2020-07-19 16:26:56",5918
"2020-07-19 16:36:32",5918
"2020-07-19 16:46:07",5918
"2020-07-19 16:55:48",5918
"2020-07-19 17:05:27",5918
"2020-07-19 17:15:03",5918
"2020-07-19 17:24:37",5918
"2020-07-19 17:34:11",5918
"2020-07-19 17:43:45",5918
"2020-07-19 17:53:20",5918
"2020-07-19 18:02:54",5918
"2020-07-19 18:12:30",5918
"2020-07-19 18:22:04",5918
"2020-07-19 18:31:40",5918
"2020-07-19 18:41:15",5918
"2020-07-19 18:50:50",5918
"2020-07-19 19:00:25",5918
"2020-07-19 19:09:59",5918
"2020-07-19 19:17:34",5918
"2020-07-19 19:25:09",5918
"2020-07-19 19:32:44",5918
"2020-07-19 19:40:21",5918
"2020-07-19 19:56:16",5918
"2020-07-19 19:59:51",5918
"2020-07-19 20:03:08",5918
"2020-07-19 20:10:44",5918
"2020-07-19 20:18:20",5918
"2020-07-19 20:25:54",5918
"2020-07-19 20:33:30",5918
"2020-07-19 20:41:06",5918
"2020-07-19 20:48:41",5918
"2020-07-19 20:56:17",5918
"2020-07-19 21:03:52",5918
"2020-07-19 21:11:27",5918
"2020-07-19 21:19:01",5918
"2020-07-19 21:26:35",5918
"2020-07-19 21:34:10",5918
"2020-07-19 21:41:44",5918
"2020-07-19 21:49:18",5918
"2020-07-19 21:56:54",5918
"2020-07-19 22:04:30",5918
"2020-07-19 22:12:08",5918
"2020-07-19 22:19:41",5918
"2020-07-19 22:27:16",5918
"2020-07-19 22:34:50",5918
"2020-07-19 22:42:25",5918
"2020-07-19 22:54:49",5918
"2020-07-19 23:01:23",5918
"2020-07-19 23:05:10",5918
"2020-07-19 23:12:46",5918
"2020-07-19 23:22:20",5918
"2020-07-19 23:31:53",5918
"2020-07-19 23:41:27",5918
"2020-07-19 23:51:01",5918
"2020-07-20 00:00:36",5918
"2020-07-20 00:10:13",5918
"2020-07-20 00:19:48",5918
"2020-07-20 00:29:24",5918
"2020-07-20 00:38:59",5918
"2020-07-20 00:48:35",5918
"2020-07-20 00:58:09",5918
"2020-07-20 01:07:44",5918
"2020-07-20 01:17:19",5918
"2020-07-20 01:26:55",5918
"2020-07-20 01:36:30",5918
"2020-07-20 01:46:07",5918
"2020-07-20 01:55:43",5918
"2020-07-20 02:03:20",5918
"2020-07-20 02:10:57",5918
"2020-07-20 02:18:33",5918
"2020-07-20 02:26:09",5918
"2020-07-20 02:33:45",5918
"2020-07-20 02:41:20",5918
"2020-07-20 02:48:57",5918
"2020-07-20 02:56:32",5918
"2020-07-20 03:04:07",5918
"2020-07-20 03:11:44",5918
"2020-07-20 03:19:20",5918
"2020-07-20 03:26:56",5918
"2020-07-20 03:34:33",5918
"2020-07-20 03:42:09",5918
"2020-07-20 03:49:44",5918
"2020-07-20 03:57:19",5918
"2020-07-20 04:04:55",5918
"2020-07-20 04:17:57",5918
"2020-07-20 04:25:32",5918
"2020-07-20 04:31:57",5918
"2020-07-20 04:39:34",5918
"2020-07-20 04:47:12",5918
"2020-07-20 04:54:51",5918
"2020-07-20 05:02:41",5918
"2020-07-20 05:10:25",5918
"2020-07-20 05:18:10",5918
"2020-07-20 05:25:55",5918
"2020-07-20 05:33:40",5918
"2020-07-20 05:41:25",5918
"2020-07-20 05:49:10",5918
"2020-07-20 05:56:54",5918
"2020-07-20 06:04:40",5918
"2020-07-20 06:12:24",5918
"2020-07-20 06:20:09",5918
"2020-07-20 06:27:54",5918
"2020-07-20 06:35:38",5918
"2020-07-20 06:43:22",5918
"2020-07-20 06:51:07",5918
"2020-07-20 06:58:49",5918
"2020-07-20 07:06:34",5918
"2020-07-20 07:14:17",5918
"2020-07-20 07:21:59",5918
"2020-07-20 07:29:42",5918
"2020-07-20 07:37:25",5918
"2020-07-20 07:45:09",5918
"2020-07-20 07:52:52",5918
"2020-07-20 08:00:36",5918
"2020-07-20 08:08:21",5918
"2020-07-20 08:16:03",5918
"2020-07-20 08:23:46",5918
"2020-07-20 08:31:27",5918
"2020-07-20 08:39:10",5918
"2020-07-20 08:46:53",5918
"2020-07-20 08:54:36",5918
"2020-07-20 09:02:23",5918
"2020-07-20 09:10:07",5918
"2020-07-20 09:17:50",5918
"2020-07-20 09:25:33",5918
"2020-07-20 09:33:17",5918
"2020-07-20 09:41:01",5918
"2020-07-20 09:48:44",5918
"2020-07-20 09:56:27",5918
"2020-07-20 10:04:13",5918
"2020-07-20 10:11:57",5918
"2020-07-20 10:19:41",5918
"2020-07-20 10:27:24",5918
"2020-07-20 10:35:10",5918
"2020-07-20 10:42:55",5918
"2020-07-20 10:50:40",5918
"2020-07-20 10:58:24",5918
"2020-07-20 11:06:11",5918
"2020-07-20 11:13:57",5918
"2020-07-20 11:21:39",5918
"2020-07-20 11:29:23",5918
"2020-07-20 11:37:06",5918
"2020-07-20 11:44:49",5918
"2020-07-20 11:52:33",5918
"2020-07-20 12:00:16",5918
"2020-07-20 12:08:02",5918
"2020-07-20 12:15:47",5918
"2020-07-20 12:23:32",5918
"2020-07-20 12:31:17",5918
"2020-07-20 12:39:01",5918
"2020-07-20 12:46:44",5918
"2020-07-20 12:54:28",5918
"2020-07-20 13:02:13",5918
"2020-07-20 13:09:59",5918
"2020-07-20 13:17:44",5918
"2020-07-20 13:25:29",5918
"2020-07-20 13:33:18",5918
"2020-07-20 13:41:05",5918
"2020-07-20 13:48:51",5918
"2020-07-20 13:56:36",5918
"2020-07-20 14:04:20",5918
"2020-07-20 14:12:05",5918
"2020-07-20 14:19:51",5918
"2020-07-20 14:27:34",5918
"2020-07-20 14:47:42",5918
"2020-07-20 15:48:10",5944
"2020-07-20 16:47:32",5944
"2020-07-20 17:47:31",5948
"2020-07-20 18:47:53",5945
"2020-07-20 19:48:12",5946
"2020-07-20 20:48:14",5939
"2020-07-20 21:48:07",5938
"2020-07-20 22:47:45",5937
"2020-07-20 23:47:48",5937
"2020-07-21 00:47:45",5937
"2020-07-21 01:47:51",5937
"2020-07-21 02:47:49",5937
"2020-07-21 03:47:59",5937
"2020-07-21 04:48:09",5937
"2020-07-21 05:48:09",5936
"2020-07-21 06:48:13",5936
"2020-07-21 07:48:08",5936
"2020-07-21 08:47:52",5936
"2020-07-21 09:47:22",5936
"2020-07-21 10:47:47",5936
"2020-07-21 11:47:51",5936
"2020-07-21 12:47:20",5936
"2020-07-21 13:47:44",5936
"2020-07-21 14:47:43",5935
"2020-07-21 15:47:25",5935
"2020-07-21 16:48:04",5932
"2020-07-21 17:48:12",5931
"2020-07-21 18:47:47",5932
"2020-07-21 19:47:22",5930
"2020-07-21 20:47:43",5931
"2020-07-21 21:47:19",5934
"2020-07-21 22:47:59",5935
"2020-07-21 23:48:09",5935
"2020-07-22 00:47:44",5935
"2020-07-22 01:47:46",5935
"2020-07-22 02:47:20",5935
"2020-07-22 03:48:08",5935
"2020-07-22 04:47:20",5935
"2020-07-22 05:47:20",5934
"2020-07-22 06:47:16",5934
"2020-07-22 07:47:15",5934
"2020-07-22 08:47:18",5934
"2020-07-22 09:47:17",5934
"2020-07-22 10:47:22",5934
"2020-07-22 11:47:17",5934
"2020-07-22 12:47:24",5934
"2020-07-22 13:47:25",5934
"2020-07-22 14:47:38",5937
"2020-07-22 15:47:21",5933
"2020-07-22 16:47:51",5937
"2020-07-22 17:47:39",5931
"2020-07-22 18:48:04",5933
"2020-07-22 19:47:17",5936
"2020-07-22 20:47:41",5937
"2020-07-22 21:47:40",5937
"2020-07-22 22:47:44",5938
"2020-07-22 23:47:16",5938
"2020-07-23 00:47:42",5938
"2020-07-23 01:47:44",5938
"2020-07-23 02:47:43",5938
"2020-07-23 03:47:47",5938
"2020-07-23 04:47:30",5938
"2020-07-23 05:48:02",5938
"2020-07-23 06:47:17",5938
"2020-07-23 07:47:23",5938
"2020-07-23 08:47:39",5938
"2020-07-23 09:47:46",5938
"2020-07-23 10:48:09",5938
"2020-07-23 11:47:45",5938
"2020-07-23 13:12:31",5938
"2020-07-23 13:48:57",5938
"2020-07-23 14:47:42",5942
"2020-07-23 15:48:02",5937
"2020-07-23 16:47:22",5939
"2020-07-23 17:47:39",5941
"2020-07-23 18:47:20",5945
"2020-07-23 19:48:02",5943
"2020-07-23 20:47:41",5942
"2020-07-23 21:47:43",5943
"2020-07-23 22:47:42",5943
"2020-07-23 23:47:21",5943
"2020-07-24 00:48:08",5943
"2020-07-24 01:47:28",5943
"2020-07-24 02:47:39",5943
"2020-07-24 03:47:46",5943
"2020-07-24 04:47:41",5943
"2020-07-24 05:48:04",5943
"2020-07-24 06:47:22",5943
"2020-07-24 07:48:07",5943
"2020-07-24 08:47:47",5943
"2020-07-24 09:47:49",5943
"2020-07-24 10:47:46",5943
"2020-07-24 11:47:45",5943
"2020-07-24 12:48:01",5943
"2020-07-24 13:47:27",5943
"2020-07-24 14:47:44",5938
"2020-07-24 15:48:07",5941
"2020-07-24 16:47:46",5946
"2020-07-24 17:47:22",5944
"2020-07-24 18:47:41",5943
"2020-07-24 19:47:38",5943
"2020-07-24 20:47:42",5951
"2020-07-24 21:47:16",5951
"2020-07-24 22:48:01",5952
"2020-07-24 23:47:44",5952
"2020-07-25 00:47:24",5952
"2020-07-25 01:47:27",5952
"2020-07-25 02:47:46",5952
"2020-07-25 03:47:49",5952
"2020-07-25 04:47:45",5952
"2020-07-25 05:47:51",5951
"2020-07-25 06:47:47",5951
"2020-07-25 07:48:15",5951
"2020-07-25 08:48:05",5951
"2020-07-25 09:48:11",5951
"2020-07-25 10:47:25",5951
"2020-07-25 11:48:09",5951
"2020-07-25 12:47:48",5951
"2020-07-25 13:48:06",5951
"2020-07-25 14:47:44",5951
"2020-07-25 15:47:45",5951
"2020-07-25 16:47:57",5951
"2020-07-25 17:47:47",5951
"2020-07-25 18:47:46",5951
"2020-07-25 19:47:27",5951
"2020-07-25 20:48:08",5951
"2020-07-25 21:47:50",5951
"2020-07-25 22:47:45",5951
"2020-07-25 23:47:49",5951
"2020-07-26 00:47:48",5951
"2020-07-26 01:47:54",5951
"2020-07-26 02:48:09",5951
"2020-07-26 03:47:46",5951
"2020-07-26 04:47:46",5951
"2020-07-26 05:47:47",5951
"2020-07-26 06:47:45",5951
"2020-07-26 07:47:45",5951
"2020-07-26 08:47:47",5951
"2020-07-26 09:47:52",5951
"2020-07-26 10:47:27",5951
"2020-07-26 11:47:51",5951
"2020-07-26 12:48:12",5951
"2020-07-26 13:48:08",5951
"2020-07-26 14:47:24",5951
"2020-07-26 15:47:59",5951
"2020-07-26 16:47:47",5951
"2020-07-26 17:47:47",5951
"2020-07-26 18:47:50",5951
"2020-07-26 19:47:46",5951
"2020-07-26 20:47:48",5951
"2020-07-26 21:48:13",5951
"2020-07-26 22:48:10",5951
"2020-07-26 23:47:49",5951
"2020-07-27 00:48:11",5951
"2020-07-27 01:47:56",5951
"2020-07-27 02:48:16",5951
"2020-07-27 03:48:19",5951
"2020-07-27 04:47:55",5951
"2020-07-27 05:48:16",5951
"2020-07-27 06:48:07",5951
"2020-07-27 07:48:02",5951
"2020-07-27 08:47:48",5951
"2020-07-27 09:47:51",5951
"2020-07-27 10:47:25",5951
"2020-07-27 11:48:07",5951
"2020-07-27 12:47:47",5951
"2020-07-27 13:47:50",5951
"2020-07-27 14:47:57",5957
"2020-07-27 15:47:54",5965
"2020-07-27 16:48:01",5963
"2020-07-27 17:48:15",5965
"2020-07-27 18:48:10",5971
"2020-07-27 19:47:48",5973
"2020-07-27 20:48:12",5974
"2020-07-27 21:47:50",5974
"2020-07-27 22:47:48",5974
"2020-07-27 23:48:03",5974
"2020-07-28 00:48:26",5974
"2020-07-28 01:48:21",5974
"2020-07-28 02:48:46",5974
"2020-07-28 03:47:58",5974
"2020-07-28 04:48:19",5974
"2020-07-28 07:10:19",5974
"2020-07-28 07:16:29",5974
"2020-07-28 07:48:06",5974
"2020-07-28 08:47:43",5974
"2020-07-28 09:47:36",5974
"2020-07-28 10:48:05",5974
"2020-07-28 11:48:00",5974
"2020-07-28 13:16:04",5974
"2020-07-28 13:47:55",5974
"2020-07-28 14:47:29",5975
"2020-07-28 15:47:47",5967
"2020-07-28 16:47:40",5971
"2020-07-28 17:47:26",5971
"2020-07-28 18:47:30",5975
"2020-07-28 19:47:44",5972
"2020-07-28 20:47:44",5970
"2020-07-28 21:47:28",5971
"2020-07-28 22:47:51",5971
"2020-07-28 23:48:16",5971
"2020-07-29 00:47:46",5971
"2020-07-29 01:48:10",5971
"2020-07-29 02:47:24",5971
"2020-07-29 03:47:46",5971
"2020-07-29 04:47:23",5971
"2020-07-29 05:48:08",5971
"2020-07-29 06:47:22",5971
"2020-07-29 07:47:47",5971
"2020-07-29 08:47:50",5971
"2020-07-29 09:47:52",5971
"2020-07-29 10:47:56",5971
"2020-07-29 11:48:06",5971
"2020-07-29 13:18:36",5971
"2020-07-29 13:47:54",5971
"2020-07-29 14:48:18",5985
"2020-07-29 15:48:29",5985
"2020-07-29 16:48:38",5984
"2020-07-29 17:48:23",5981
"2020-07-29 18:48:18",5984
"2020-07-29 19:48:13",5981
"2020-07-29 20:48:12",5985
"2020-07-29 21:48:09",5987
"2020-07-29 22:48:12",5987
"2020-07-29 23:48:17",5987
"2020-07-30 00:48:18",5987
"2020-07-30 01:48:25",5987
"2020-07-30 02:48:17",5987
"2020-07-30 03:48:10",5987
"2020-07-30 04:49:05",5987
"2020-07-30 05:48:33",5987
"2020-07-30 06:48:04",5987
"2020-07-30 07:48:08",5987
"2020-07-30 08:48:18",5987
"2020-07-30 09:48:12",5987
"2020-07-30 10:48:02",5987
"2020-07-30 11:48:12",5987
"2020-07-30 13:11:05",5987
"2020-07-30 13:48:13",5987
"2020-07-30 14:48:12",5988
"2020-07-30 15:48:10",5986
"2020-07-30 16:47:36",5991
"2020-07-30 17:48:07",5988
"2020-07-30 18:48:16",5987
"2020-07-30 19:48:09",5990
"2020-07-30 20:47:47",5986
"2020-07-30 21:47:50",5986
"2020-07-30 22:48:06",5987
"2020-07-30 23:47:33",5987
"2020-07-31 00:48:12",5987
"2020-07-31 01:47:39",5987
"2020-07-31 02:48:15",5987
"2020-07-31 03:47:50",5987
"2020-07-31 04:47:28",5987
"2020-07-31 05:47:47",5987
"2020-07-31 06:47:23",5987
"2020-07-31 07:47:50",5987
"2020-07-31 08:47:50",5987
"2020-07-31 09:47:48",5987
"2020-07-31 10:47:32",5987
"2020-07-31 11:47:21",5987
"2020-07-31 12:47:23",5987
"2020-07-31 13:48:13",5987
"2020-07-31 14:47:28",5984
"2020-07-31 15:47:44",5979
"2020-07-31 16:47:54",5982
"2020-07-31 17:47:46",5983
"2020-07-31 18:47:47",5983
"2020-07-31 19:47:47",5985
"2020-07-31 20:47:46",5981
"2020-07-31 21:47:46",5979
"2020-07-31 22:47:24",5980
"2020-07-31 23:48:03",5980
"2020-08-01 00:48:07",5980
"2020-08-01 01:47:23",5980
"2020-08-01 02:47:24",5980
"2020-08-01 03:47:45",5980
"2020-08-01 04:48:03",5980
"2020-08-01 05:47:49",5980
"2020-08-01 06:47:45",5980
"2020-08-01 07:48:06",5980
"2020-08-01 08:48:05",5980
"2020-08-01 09:48:03",5980
"2020-08-01 10:47:45",5980
"2020-08-01 11:47:43",5980
"2020-08-01 12:47:46",5980
"2020-08-01 13:47:43",5980
"2020-08-01 14:47:21",5980
"2020-08-01 15:48:16",5980
"2020-08-01 16:48:10",5980
"2020-08-01 17:47:47",5980
"2020-08-01 18:47:42",5980
"2020-08-01 19:47:43",5980
"2020-08-01 20:47:40",5980
"2020-08-01 21:47:40",5980
"2020-08-01 22:47:40",5980
"2020-08-01 23:47:46",5980
"2020-08-02 00:48:13",5980
"2020-08-02 01:47:43",5980
"2020-08-02 02:47:23",5980
"2020-08-02 03:48:11",5980
"2020-08-02 04:47:21",5980
"2020-08-02 05:47:48",5980
"2020-08-02 06:48:05",5980
"2020-08-02 07:48:03",5980
"2020-08-02 08:48:03",5980
"2020-08-02 09:48:08",5980
"2020-08-02 10:48:06",5980
"2020-08-02 11:47:25",5980
"2020-08-02 12:47:42",5980
"2020-08-02 13:47:28",5980
"2020-08-02 14:47:22",5980
"2020-08-02 15:48:14",5980
"2020-08-02 16:47:19",5980
"2020-08-02 17:47:45",5980
"2020-08-02 18:47:45",5980
"2020-08-02 19:47:45",5980
"2020-08-02 20:47:24",5980
"2020-08-02 21:47:48",5980
"2020-08-02 22:47:47",5980
"2020-08-02 23:47:49",5980
"2020-08-03 00:48:07",5980
"2020-08-03 01:47:46",5980
"2020-08-03 02:47:49",5980
"2020-08-03 03:47:45",5980
"2020-08-03 04:47:43",5980
"2020-08-03 05:47:57",5980
"2020-08-03 06:47:27",5980
"2020-08-03 07:47:41",5980
"2020-08-03 08:47:25",5980
"2020-08-03 09:48:09",5980
"2020-08-03 10:48:01",5980
"2020-08-03 11:47:39",5980
"2020-08-03 12:48:01",5980
"2020-08-03 13:47:49",5982
"2020-08-03 14:47:29",5999
"2020-08-03 15:48:10",5997
"2020-08-03 16:47:56",6002
"2020-08-03 17:47:45",6003
"2020-08-03 18:47:32",6003
"2020-08-03 19:47:50",6004
"2020-08-03 20:47:42",6000
"2020-08-03 21:47:19",6000
"2020-08-03 22:47:42",6001
"2020-08-03 23:47:55",6001
"2020-08-04 00:48:07",6001
"2020-08-04 01:47:51",6001
"2020-08-04 02:48:06",6001
"2020-08-04 03:48:01",6001
"2020-08-04 04:48:39",6001
"2020-08-04 05:47:49",6001
"2020-08-04 06:47:51",6001
"2020-08-04 07:47:31",6001
"2020-08-04 08:47:55",6001
"2020-08-04 09:47:47",6001
"2020-08-04 10:47:22",6001
"2020-08-04 11:47:40",6001
"2020-08-04 12:47:22",6001
"2020-08-04 13:48:11",6002
"2020-08-04 14:47:45",5998
"2020-08-04 15:47:50",5998
"2020-08-04 16:47:50",5998
"2020-08-04 17:47:55",6004
"2020-08-04 18:48:06",6007
"2020-08-04 19:47:38",6006
"2020-08-04 20:47:43",6008
"2020-08-04 21:47:49",6009
"2020-08-04 22:47:45",6007
"2020-08-04 23:48:15",6007
"2020-08-05 00:47:55",6007
"2020-08-05 01:48:10",6007
"2020-08-05 02:47:32",6007
"2020-08-05 03:48:09",6007
"2020-08-05 04:48:01",6007
"2020-08-05 05:48:02",6007
"2020-08-05 06:47:23",6007
"2020-08-05 07:47:29",6007
"2020-08-05 08:47:49",6007
"2020-08-05 09:48:12",6007
"2020-08-05 10:47:43",6007
"2020-08-05 11:47:45",6007
"2020-08-05 13:14:35",6007
"2020-08-05 13:48:09",6007
"2020-08-05 14:47:48",6003
"2020-08-05 15:47:27",6003
"2020-08-05 16:47:44",6011
"2020-08-05 17:47:43",6016
"2020-08-05 18:47:45",6017
"2020-08-05 19:48:03",6019
"2020-08-05 20:47:39",6024
"2020-08-05 21:47:28",6027
"2020-08-05 22:48:01",6029
"2020-08-05 23:47:46",6029
"2020-08-06 00:48:17",6029
"2020-08-06 01:47:47",6029
"2020-08-06 02:47:36",6029
"2020-08-06 03:47:50",6029
"2020-08-06 04:47:47",6029
"2020-08-06 05:48:35",6029
"2020-08-06 06:47:54",6029
"2020-08-06 07:48:11",6029
"2020-08-06 08:48:15",6029
"2020-08-06 09:47:47",6029
"2020-08-06 10:48:14",6029
"2020-08-06 11:47:43",6029
"2020-08-06 12:48:11",6029
"2020-08-06 13:47:31",6029
"2020-08-06 14:47:21",6035
"2020-08-06 15:47:44",6038
"2020-08-06 16:48:08",6034
"2020-08-06 17:47:43",6041
"2020-08-06 18:47:45",6036
"2020-08-06 19:47:43",6030
"2020-08-06 20:48:06",6030
"2020-08-06 21:47:47",6029
"2020-08-06 22:47:24",6027
"2020-08-06 23:48:13",6027
"2020-08-07 00:47:45",6027
"2020-08-07 01:48:03",6027
"2020-08-07 02:47:47",6027
"2020-08-07 03:47:41",6027
"2020-08-07 04:48:08",6027
"2020-08-07 05:48:01",6027
"2020-08-07 06:47:21",6027
"2020-08-07 07:48:00",6027
"2020-08-07 08:47:42",6027
"2020-08-07 09:47:42",6027
"2020-08-07 10:47:44",6027
"2020-08-07 11:47:20",6027
"2020-08-07 12:47:21",6027
"2020-08-07 13:47:44",6027
"2020-08-07 14:47:20",6036
"2020-08-07 15:48:06",6033
"2020-08-07 16:47:43",6033
"2020-08-07 17:47:41",6033
"2020-08-07 18:47:44",6031
"2020-08-07 19:47:21",6031
"2020-08-07 20:47:48",6024
"2020-08-07 21:47:41",6028
"2020-08-07 22:47:41",6028
"2020-08-07 23:47:43",6028
"2020-08-08 00:47:23",6028
"2020-08-08 01:48:04",6028
"2020-08-08 02:47:36",6028
"2020-08-08 03:47:18",6028
"2020-08-08 04:47:20",6028
"2020-08-08 05:47:30",6028
"2020-08-08 06:47:46",6028
"2020-08-08 07:47:47",6028
"2020-08-08 08:48:08",6028
"2020-08-08 09:47:47",6028
"2020-08-08 10:47:52",6028
"2020-08-08 11:47:51",6028
"2020-08-08 12:47:33",6028
"2020-08-08 13:47:48",6028
"2020-08-08 14:47:43",6028
"2020-08-08 15:47:42",6028
"2020-08-08 16:47:44",6028
"2020-08-08 17:47:23",6028
"2020-08-08 18:47:21",6028
"2020-08-08 19:47:44",6028
"2020-08-08 20:48:02",6028
"2020-08-08 21:47:48",6028
"2020-08-08 22:47:46",6028
"2020-08-08 23:47:55",6028
"2020-08-09 00:48:14",6028
"2020-08-09 01:47:53",6028
"2020-08-09 02:48:08",6028
"2020-08-09 03:48:08",6028
"2020-08-09 04:47:48",6028
"2020-08-09 05:48:11",6028
"2020-08-09 06:48:04",6028
"2020-08-09 07:47:49",6028
"2020-08-09 08:47:25",6028
"2020-08-09 09:47:58",6028
"2020-08-09 10:47:31",6028
"2020-08-09 11:47:26",6028
"2020-08-09 12:47:57",6028
"2020-08-09 13:48:11",6028
"2020-08-09 14:47:51",6028
"2020-08-09 15:47:45",6028
"2020-08-09 16:48:08",6028
"2020-08-09 17:47:46",6028
"2020-08-09 18:47:47",6028
"2020-08-09 19:48:08",6028
"2020-08-09 20:47:49",6028
"2020-08-09 21:47:44",6028
"2020-08-09 22:47:46",6028
"2020-08-09 23:47:49",6028
"2020-08-10 00:48:07",6028
"2020-08-10 01:47:47",6028
"2020-08-10 02:48:10",6028
"2020-08-10 03:47:46",6028
"2020-08-10 04:47:24",6028
"2020-08-10 05:47:47",6028
"2020-08-10 06:47:17",6028
"2020-08-10 07:47:20",6028
"2020-08-10 08:47:51",6028
"2020-08-10 09:47:50",6028
"2020-08-10 10:47:47",6028
"2020-08-10 11:47:48",6028
"2020-08-10 12:47:20",6028
"2020-08-10 13:47:54",6028
"2020-08-10 14:47:46",6046
"2020-08-10 15:48:10",6043
"2020-08-10 16:47:45",6043
"2020-08-10 17:48:06",6046
"2020-08-10 18:47:47",6044
"2020-08-10 19:48:03",6043
"2020-08-10 20:47:40",6044
"2020-08-10 21:48:06",6042
"2020-08-10 22:47:30",6045
"2020-08-10 23:47:28",6045
"2020-08-11 00:47:28",6045
"2020-08-11 01:47:49",6045
"2020-08-11 02:47:47",6045
"2020-08-11 03:48:09",6045
"2020-08-11 04:47:46",6045
"2020-08-11 05:47:49",6045
"2020-08-11 06:47:43",6045
"2020-08-11 07:48:04",6045
"2020-08-11 08:47:22",6045
"2020-08-11 09:47:43",6045
"2020-08-11 10:47:50",6045
"2020-08-11 11:47:30",6045
"2020-08-11 12:47:43",6045
"2020-08-11 13:48:13",6045
"2020-08-11 14:48:05",6057
"2020-08-11 15:47:45",6057
"2020-08-11 16:47:19",6057
"2020-08-11 17:47:49",6063
"2020-08-11 18:47:44",6063
"2020-08-11 19:47:21",6068
"2020-08-11 20:47:41",6069
"2020-08-11 21:48:12",6069
"2020-08-11 22:47:47",6069
"2020-08-11 23:47:46",6069
"2020-08-12 00:47:27",6069
"2020-08-12 01:47:53",6069
"2020-08-12 02:47:45",6069
"2020-08-12 03:48:01",6069
"2020-08-12 04:47:46",6069
"2020-08-12 05:48:05",6069
"2020-08-12 06:47:42",6069
"2020-08-12 07:48:08",6069
"2020-08-12 08:47:23",6069
"2020-08-12 09:48:07",6069
"2020-08-12 10:47:43",6069
"2020-08-12 11:47:44",6069
"2020-08-12 12:47:43",6069
"2020-08-12 13:47:21",6068
"2020-08-12 14:47:38",6067
"2020-08-12 15:48:01",6067
"2020-08-12 16:47:44",6064
"2020-08-12 22:47:18",6069
"2020-08-12 23:48:09",6069
"2020-08-13 00:47:49",6069
"2020-08-13 01:47:29",6069
"2020-08-13 02:47:19",6069
"2020-08-13 03:56:12",6069
"2020-08-13 04:52:35",6069
"2020-08-13 05:51:59",6069
"2020-08-13 06:56:59",6069
"2020-08-13 07:55:30",6069
"2020-08-13 08:54:41",6069
"2020-08-13 09:57:02",6069
"2020-08-13 10:54:39",6069
"2020-08-13 11:56:33",6069
"2020-08-13 12:56:03",6069
"2020-08-13 13:58:33",6070
"2020-08-13 14:56:00",6087
"2020-08-13 15:55:04",6090
"2020-08-13 16:55:30",6091
"2020-08-13 20:53:58",6097
"2020-08-13 21:51:59",6097
"2020-08-13 22:56:30",6097
