timestamp,users_holding
"2018-05-02 04:51:46",127
"2018-05-02 06:36:48",127
"2018-05-03 00:33:02",129
"2018-05-03 06:31:41",129
"2018-05-03 06:46:38",129
"2018-05-03 07:04:40",129
"2018-05-03 07:32:01",129
"2018-05-03 07:41:16",129
"2018-05-03 11:17:46",129
"2018-05-03 12:41:10",129
"2018-05-03 13:41:10",129
"2018-05-03 14:41:10",128
"2018-05-03 15:41:11",128
"2018-05-03 16:41:11",128
"2018-05-03 17:41:10",128
"2018-05-03 18:41:10",128
"2018-05-03 19:41:10",128
"2018-05-03 20:41:10",128
"2018-05-03 21:41:10",128
"2018-05-03 22:41:10",128
"2018-05-03 23:41:09",128
"2018-05-04 00:41:09",128
"2018-05-04 01:41:10",128
"2018-05-04 02:41:10",128
"2018-05-04 03:41:10",128
"2018-05-04 04:41:10",128
"2018-05-04 05:41:10",128
"2018-05-04 06:41:10",128
"2018-05-04 07:41:10",128
"2018-05-04 08:41:11",128
"2018-05-04 09:41:10",128
"2018-05-04 10:41:10",128
"2018-05-04 11:41:10",128
"2018-05-04 12:41:10",128
"2018-05-04 20:45:54",127
"2018-05-04 20:51:54",127
"2018-05-04 20:57:53",127
"2018-05-04 21:03:53",127
"2018-05-04 21:09:53",127
"2018-05-04 21:15:52",127
"2018-05-04 21:21:51",127
"2018-05-04 21:27:51",127
"2018-05-04 21:41:09",127
"2018-05-04 22:41:10",127
"2018-05-04 23:41:10",127
"2018-05-05 00:41:09",127
"2018-05-05 01:41:10",127
"2018-05-05 02:41:10",127
"2018-05-05 03:41:10",127
"2018-05-05 04:41:09",127
"2018-05-05 05:41:09",127
"2018-05-05 06:41:11",127
"2018-05-05 07:41:11",127
"2018-05-05 08:41:10",127
"2018-05-05 09:41:09",127
"2018-05-05 10:41:10",127
"2018-05-05 11:41:10",127
"2018-05-05 12:41:10",127
"2018-05-05 13:41:11",127
"2018-05-05 14:41:10",127
"2018-05-05 15:41:11",127
"2018-05-05 16:41:10",127
"2018-05-05 17:41:10",127
"2018-05-05 18:41:10",127
"2018-05-05 19:41:10",127
"2018-05-05 20:41:10",127
"2018-05-05 21:41:09",127
"2018-05-05 22:41:10",127
"2018-05-05 23:41:10",127
"2018-05-06 00:41:09",127
"2018-05-06 01:41:09",127
"2018-05-06 02:41:10",127
"2018-05-06 03:41:10",127
"2018-05-06 04:41:10",127
"2018-05-06 05:41:10",127
"2018-05-06 06:41:10",127
"2018-05-06 07:41:14",127
"2018-05-06 08:41:09",127
"2018-05-06 09:41:10",127
"2018-05-06 10:41:09",127
"2018-05-06 11:41:10",127
"2018-05-06 12:41:09",127
"2018-05-06 13:41:10",127
"2018-05-06 14:41:10",127
"2018-05-06 15:41:10",127
"2018-05-06 16:41:10",127
"2018-05-06 17:41:09",127
"2018-05-06 18:41:10",127
"2018-05-06 19:41:10",127
"2018-05-06 20:41:11",127
"2018-05-06 21:41:10",127
"2018-05-06 22:41:10",127
"2018-05-06 23:41:10",127
"2018-05-07 00:41:10",127
"2018-05-07 01:41:10",127
"2018-05-07 01:54:46",127
"2018-05-07 02:41:11",127
"2018-05-07 03:41:10",127
"2018-05-07 04:41:10",127
"2018-05-07 05:41:10",127
"2018-05-07 06:41:09",127
"2018-05-07 07:41:09",127
"2018-05-07 08:41:12",127
"2018-05-07 09:41:09",127
"2018-05-07 10:41:10",127
"2018-05-07 11:41:10",127
"2018-05-07 12:41:09",127
"2018-05-07 13:41:17",127
"2018-05-07 14:41:09",127
"2018-05-07 15:41:10",127
"2018-05-07 16:41:11",127
"2018-05-07 22:41:09",127
"2018-05-07 23:41:09",127
"2018-05-08 00:41:10",127
"2018-05-08 01:41:10",127
"2018-05-08 02:41:09",127
"2018-05-08 03:41:09",127
"2018-05-08 04:41:09",127
"2018-05-08 05:41:09",127
"2018-05-08 06:41:10",127
"2018-05-08 07:41:10",127
"2018-05-08 08:41:09",127
"2018-05-08 09:41:09",127
"2018-05-08 10:41:09",127
"2018-05-08 11:41:08",127
"2018-05-08 12:41:08",127
"2018-05-08 13:41:09",127
"2018-05-08 14:41:10",127
"2018-05-08 15:41:09",128
"2018-05-08 16:41:10",129
"2018-05-08 17:41:10",132
"2018-05-08 18:41:11",131
"2018-05-08 19:41:10",131
"2018-05-08 20:41:10",131
"2018-05-08 21:41:10",131
"2018-05-08 22:41:11",131
"2018-05-08 23:41:15",131
"2018-05-09 00:41:11",131
"2018-05-09 01:41:10",131
"2018-05-09 02:41:10",131
"2018-05-09 03:41:10",131
"2018-05-09 04:41:11",131
"2018-05-09 05:41:11",131
"2018-05-09 06:41:10",131
"2018-05-09 07:41:10",131
"2018-05-09 08:41:10",131
"2018-05-09 09:41:09",131
"2018-05-09 10:41:10",131
"2018-05-09 11:41:10",131
"2018-05-09 12:41:10",131
"2018-05-09 13:41:11",131
"2018-05-09 14:41:10",132
"2018-05-09 15:41:09",132
"2018-05-09 16:41:10",132
"2018-05-09 17:41:11",132
"2018-05-09 18:41:10",132
"2018-05-09 19:41:10",131
"2018-05-09 20:41:09",132
"2018-05-09 21:41:11",132
"2018-05-09 22:41:10",132
"2018-05-09 23:41:10",132
"2018-05-10 00:41:11",132
"2018-05-10 01:41:11",132
"2018-05-10 02:41:12",132
"2018-05-10 03:41:12",132
"2018-05-10 04:41:12",132
"2018-05-10 05:41:11",132
"2018-05-10 06:41:11",132
"2018-05-10 07:41:12",132
"2018-05-10 08:41:12",132
"2018-05-10 09:41:11",132
"2018-05-10 10:41:11",132
"2018-05-10 11:41:12",132
"2018-05-10 12:41:11",132
"2018-05-10 13:41:20",132
"2018-05-10 14:41:12",130
"2018-05-10 15:41:12",130
"2018-05-10 16:41:12",130
"2018-05-10 17:41:12",130
"2018-05-10 18:41:12",130
"2018-05-10 19:41:12",129
"2018-05-10 20:41:11",133
"2018-05-10 21:41:11",133
"2018-05-10 22:41:12",133
"2018-05-10 23:41:12",133
"2018-05-11 00:41:12",133
"2018-05-11 01:41:12",133
"2018-05-11 02:41:11",133
"2018-05-11 03:41:11",133
"2018-05-11 04:41:11",133
"2018-05-11 05:41:13",133
"2018-05-11 06:41:11",133
"2018-05-11 07:41:11",133
"2018-05-11 08:41:12",133
"2018-05-11 09:41:11",133
"2018-05-11 10:41:11",133
"2018-05-11 11:41:12",133
"2018-05-11 12:41:11",133
"2018-05-11 13:41:13",133
"2018-05-11 14:41:11",132
"2018-05-11 15:41:12",132
"2018-05-11 16:41:12",131
"2018-05-11 17:41:12",131
"2018-05-11 18:41:11",131
"2018-05-11 19:41:12",131
"2018-05-11 20:41:11",131
"2018-05-11 21:41:12",131
"2018-05-11 22:41:11",131
"2018-05-11 23:41:11",131
"2018-05-12 00:41:12",131
"2018-05-12 01:41:11",131
"2018-05-12 02:41:11",131
"2018-05-12 03:41:12",131
"2018-05-12 04:41:11",131
"2018-05-12 05:41:12",131
"2018-05-12 06:41:12",131
"2018-05-12 07:41:11",131
"2018-05-12 08:41:11",131
"2018-05-12 09:41:11",131
"2018-05-12 10:41:11",131
"2018-05-12 11:41:12",131
"2018-05-12 12:41:11",131
"2018-05-12 13:41:12",131
"2018-05-12 14:41:11",131
"2018-05-12 15:41:12",131
"2018-05-12 16:41:11",131
"2018-05-12 17:41:11",131
"2018-05-12 18:41:11",131
"2018-05-12 19:41:12",131
"2018-05-12 20:41:12",131
"2018-05-12 21:41:11",131
"2018-05-12 22:41:11",131
"2018-05-12 23:41:11",131
"2018-05-13 00:41:12",131
"2018-05-13 01:41:11",131
"2018-05-13 02:41:11",131
"2018-05-13 03:41:11",131
"2018-05-13 04:41:12",131
"2018-05-13 05:41:11",131
"2018-05-13 06:41:12",131
"2018-05-13 07:41:11",131
"2018-05-13 08:41:11",131
"2018-05-13 09:41:12",131
"2018-05-13 10:41:11",131
"2018-05-13 11:41:10",131
"2018-05-13 12:41:12",131
"2018-05-13 13:41:11",131
"2018-05-13 14:41:11",131
"2018-05-13 15:41:12",131
"2018-05-13 16:41:12",131
"2018-05-13 17:41:11",131
"2018-05-13 18:41:12",131
"2018-05-13 19:41:11",131
"2018-05-13 20:41:12",131
"2018-05-13 21:41:12",131
"2018-05-13 22:41:12",131
"2018-05-13 23:41:12",131
"2018-05-14 00:41:12",131
"2018-05-14 01:41:11",131
"2018-05-14 02:41:11",131
"2018-05-14 03:41:12",131
"2018-05-14 04:41:12",131
"2018-05-14 05:41:11",131
"2018-05-14 06:41:11",131
"2018-05-14 07:41:11",131
"2018-05-14 08:41:11",131
"2018-05-14 09:41:11",131
"2018-05-14 10:41:11",131
"2018-05-14 11:41:12",131
"2018-05-14 12:41:10",131
"2018-05-14 13:41:13",131
"2018-05-14 14:41:12",131
"2018-05-14 15:41:12",130
"2018-05-14 16:41:11",132
"2018-05-14 17:41:11",133
"2018-05-14 18:41:12",133
"2018-05-14 19:41:11",132
"2018-05-14 20:41:11",131
"2018-05-14 21:41:11",131
"2018-05-14 22:41:12",131
"2018-05-14 23:41:12",131
"2018-05-15 00:41:11",131
"2018-05-15 01:41:11",131
"2018-05-15 02:41:12",131
"2018-05-15 03:41:11",131
"2018-05-15 04:41:12",131
"2018-05-15 05:41:11",131
"2018-05-15 06:41:10",131
"2018-05-15 07:41:11",131
"2018-05-15 08:41:11",131
"2018-05-15 09:41:11",131
"2018-05-15 10:41:12",131
"2018-05-15 11:41:11",131
"2018-05-15 12:41:11",131
"2018-05-15 13:41:11",131
"2018-05-15 14:41:12",129
"2018-05-15 15:41:11",129
"2018-05-15 16:41:11",129
"2018-05-15 17:41:11",129
"2018-05-15 18:41:11",129
"2018-05-15 19:41:11",129
"2018-05-15 20:41:10",129
"2018-05-15 21:41:10",129
"2018-05-15 22:41:11",129
"2018-05-15 23:41:11",129
"2018-05-16 00:41:10",129
"2018-05-16 01:41:10",129
"2018-05-16 02:41:11",129
"2018-05-16 03:41:11",129
"2018-05-16 04:41:11",129
"2018-05-16 05:41:10",129
"2018-05-16 06:41:11",129
"2018-05-16 07:41:11",129
"2018-05-16 08:41:11",129
"2018-05-16 09:41:10",129
"2018-05-16 10:41:10",129
"2018-05-16 11:41:11",129
"2018-05-16 12:41:12",129
"2018-05-16 13:41:11",129
"2018-05-16 14:41:10",130
"2018-05-16 15:41:11",130
"2018-05-16 16:41:10",129
"2018-05-16 17:41:11",129
"2018-05-16 18:41:10",130
"2018-05-16 19:41:10",131
"2018-05-16 20:41:10",131
"2018-05-16 21:41:10",131
"2018-05-16 22:41:10",131
"2018-05-16 23:41:10",131
"2018-05-17 00:41:11",131
"2018-05-17 01:41:10",131
"2018-05-17 02:41:10",131
"2018-05-17 03:41:10",131
"2018-05-17 04:41:10",131
"2018-05-17 05:41:10",131
"2018-05-17 06:41:11",131
"2018-05-17 07:41:11",131
"2018-05-17 08:41:11",131
"2018-05-17 09:41:10",131
"2018-05-17 10:41:10",131
"2018-05-17 11:41:11",131
"2018-05-17 12:41:10",131
"2018-05-17 13:41:11",131
"2018-05-17 14:41:11",133
"2018-05-17 15:41:10",133
"2018-05-18 07:41:12",133
"2018-05-18 08:41:12",133
"2018-05-18 09:41:11",133
"2018-05-18 10:41:11",133
"2018-05-18 11:41:11",133
"2018-05-18 12:41:11",133
"2018-05-18 13:41:12",133
"2018-05-18 14:41:11",132
"2018-05-18 15:41:11",132
"2018-05-18 16:41:11",131
"2018-05-18 17:41:11",131
"2018-05-18 18:41:11",131
"2018-05-18 19:41:12",131
"2018-05-18 20:41:12",131
"2018-05-18 21:41:10",131
"2018-05-18 22:41:11",131
"2018-05-18 23:41:12",131
"2018-05-19 00:41:11",131
"2018-05-19 01:41:12",131
"2018-05-19 02:41:11",131
"2018-05-19 03:41:12",131
"2018-05-19 04:41:11",131
"2018-05-19 05:41:12",131
"2018-05-19 06:41:13",131
"2018-05-19 07:41:11",131
"2018-05-19 08:41:11",131
"2018-05-19 09:41:11",131
"2018-05-19 10:41:11",131
"2018-05-19 11:41:11",131
"2018-05-19 12:41:11",131
"2018-05-19 13:41:12",131
"2018-05-19 14:41:12",131
"2018-05-19 15:41:12",131
"2018-05-19 16:41:11",131
"2018-05-19 17:41:12",131
"2018-05-19 18:41:11",131
"2018-05-19 19:41:11",131
"2018-05-19 20:41:12",131
"2018-05-19 21:41:11",131
"2018-05-19 22:41:11",131
"2018-05-19 23:41:11",131
"2018-05-20 00:41:11",131
"2018-05-20 01:41:12",131
"2018-05-20 02:41:11",131
"2018-05-20 03:41:11",131
"2018-05-20 04:41:12",131
"2018-05-20 05:41:12",131
"2018-05-20 06:41:10",131
"2018-05-20 07:41:11",131
"2018-05-20 08:41:11",131
"2018-05-20 09:41:11",131
"2018-05-20 10:41:11",131
"2018-05-20 11:41:11",131
"2018-05-20 12:41:11",131
"2018-05-20 13:41:11",131
"2018-05-20 14:41:13",131
"2018-05-20 15:41:11",131
"2018-05-20 16:41:11",131
"2018-05-20 17:41:12",131
"2018-05-20 18:41:11",131
"2018-05-20 19:41:11",131
"2018-05-20 20:41:11",131
"2018-05-20 21:41:11",131
"2018-05-20 22:41:11",131
"2018-05-20 23:41:11",131
"2018-05-21 00:41:12",131
"2018-05-21 01:41:20",131
"2018-05-21 02:41:14",131
"2018-05-21 03:41:12",131
"2018-05-21 04:41:13",131
"2018-05-21 05:41:11",131
"2018-05-21 06:41:12",131
"2018-05-21 07:41:12",131
"2018-05-21 08:41:14",131
"2018-05-21 09:41:11",131
"2018-05-21 10:41:11",131
"2018-05-21 11:41:11",131
"2018-05-21 12:41:13",131
"2018-05-21 13:41:12",131
"2018-05-21 14:41:10",130
"2018-05-21 15:41:11",130
"2018-05-21 16:41:10",130
"2018-05-21 17:41:10",130
"2018-05-21 18:41:11",130
"2018-05-21 19:41:11",130
"2018-05-21 20:41:11",130
"2018-05-21 21:41:11",130
"2018-05-21 22:41:11",130
"2018-05-21 23:41:11",130
"2018-05-22 00:41:11",130
"2018-05-22 01:41:12",130
"2018-05-22 02:41:12",130
"2018-05-22 03:41:11",130
"2018-05-22 04:41:12",130
"2018-05-22 05:41:11",130
"2018-05-22 06:41:11",130
"2018-05-22 07:41:11",130
"2018-05-22 08:41:17",130
"2018-05-22 09:41:11",130
"2018-05-22 10:41:11",130
"2018-05-22 11:41:11",130
"2018-05-22 12:41:11",130
"2018-05-22 13:41:13",130
"2018-05-22 14:41:12",132
"2018-05-22 15:41:12",132
"2018-05-22 16:41:11",133
"2018-05-22 17:41:11",133
"2018-05-22 18:41:11",133
"2018-05-22 19:41:11",133
"2018-05-22 20:41:11",133
"2018-05-22 21:41:11",133
"2018-05-22 22:41:12",133
"2018-05-22 23:41:11",133
"2018-05-23 00:41:11",133
"2018-05-23 01:41:11",133
"2018-05-23 02:41:11",133
"2018-05-23 03:41:12",133
"2018-05-23 04:41:11",133
"2018-05-23 05:41:12",133
"2018-05-23 06:41:12",133
"2018-05-23 07:41:15",133
"2018-05-23 08:41:12",133
"2018-05-23 09:41:11",133
"2018-05-23 10:41:12",133
"2018-05-23 11:41:12",133
"2018-05-23 12:41:10",133
"2018-05-23 13:41:11",133
"2018-05-23 14:41:12",133
"2018-05-23 15:41:12",132
"2018-05-23 16:41:13",131
"2018-05-23 17:41:11",132
"2018-05-23 18:41:11",131
"2018-05-23 19:41:11",135
"2018-05-23 20:41:12",139
"2018-05-23 21:41:11",139
"2018-05-23 22:41:12",140
"2018-05-23 23:41:11",140
"2018-05-24 00:41:11",140
"2018-05-24 01:41:12",140
"2018-05-24 02:41:12",140
"2018-05-24 03:41:11",140
"2018-05-24 04:41:11",140
"2018-05-24 06:41:12",140
"2018-05-24 07:41:11",140
"2018-05-24 08:41:11",140
"2018-05-24 09:41:12",140
"2018-05-24 10:41:12",140
"2018-05-24 11:41:11",140
"2018-05-24 12:41:11",140
"2018-05-24 13:41:12",140
"2018-05-24 20:10:19",136
"2018-05-24 20:41:11",136
"2018-05-24 21:41:12",136
"2018-05-24 22:41:11",136
"2018-05-24 23:41:12",136
"2018-05-25 00:41:11",136
"2018-05-25 01:41:12",136
"2018-05-25 02:41:11",136
"2018-05-25 03:41:11",136
"2018-05-25 04:41:11",136
"2018-05-25 05:41:12",136
"2018-05-25 06:41:12",136
"2018-05-25 07:41:11",136
"2018-05-25 08:41:11",136
"2018-05-25 09:41:11",136
"2018-05-25 10:41:12",136
"2018-05-25 11:41:11",136
"2018-05-25 12:41:11",136
"2018-05-25 13:41:11",136
"2018-05-25 14:41:11",134
"2018-05-25 15:41:11",134
"2018-05-25 16:41:11",134
"2018-05-25 17:41:10",134
"2018-05-25 18:41:11",134
"2018-05-25 19:41:11",134
"2018-05-25 20:41:11",135
"2018-05-25 21:41:11",135
"2018-05-25 22:41:11",135
"2018-05-25 23:41:11",135
"2018-05-26 00:41:11",135
"2018-05-26 01:41:11",135
"2018-05-26 02:41:12",135
"2018-05-26 03:41:11",135
"2018-05-26 04:41:11",135
"2018-05-26 05:41:11",135
"2018-05-26 06:41:11",135
"2018-05-26 07:41:12",135
"2018-05-26 08:41:12",135
"2018-05-26 09:41:10",135
"2018-05-26 10:41:11",135
"2018-05-26 11:41:11",135
"2018-05-26 12:41:11",135
"2018-05-26 13:41:12",135
"2018-05-26 14:41:11",135
"2018-05-26 15:41:12",135
"2018-05-26 16:41:11",135
"2018-05-26 17:41:12",135
"2018-05-26 18:41:12",135
"2018-05-26 19:41:14",135
"2018-05-26 20:41:11",135
"2018-05-26 21:41:11",135
"2018-05-26 22:41:11",135
"2018-05-26 23:41:11",135
"2018-05-27 00:41:12",135
"2018-05-27 01:41:12",135
"2018-05-27 02:41:11",135
"2018-05-27 03:41:11",135
"2018-05-27 04:41:11",135
"2018-05-27 05:41:12",135
"2018-05-27 06:41:11",135
"2018-05-27 07:41:11",135
"2018-05-27 08:41:11",135
"2018-05-27 09:41:11",135
"2018-05-27 10:41:11",135
"2018-05-27 11:41:11",135
"2018-05-27 12:41:11",135
"2018-05-27 13:41:12",135
"2018-05-27 14:41:11",135
"2018-05-27 15:41:12",135
"2018-05-27 16:41:11",135
"2018-05-27 17:41:11",135
"2018-05-27 18:41:12",135
"2018-05-27 19:41:11",135
"2018-05-27 20:41:11",135
"2018-05-27 21:41:12",135
"2018-05-27 22:41:12",135
"2018-05-27 23:41:11",135
"2018-05-28 00:41:11",135
"2018-05-28 01:41:11",135
"2018-05-28 02:41:11",135
"2018-05-28 03:41:11",135
"2018-05-28 04:41:11",135
"2018-05-28 05:41:11",135
"2018-05-28 06:41:11",135
"2018-05-28 07:41:10",135
"2018-05-28 08:41:11",135
"2018-05-28 09:41:12",135
"2018-05-28 10:41:11",135
"2018-05-28 11:41:11",135
"2018-05-28 12:41:11",135
"2018-05-28 13:41:11",135
"2018-05-28 14:41:11",135
"2018-05-28 15:41:12",135
"2018-05-28 16:41:11",135
"2018-05-28 17:41:11",135
"2018-05-28 18:41:12",135
"2018-05-28 19:41:11",135
"2018-05-28 20:41:11",135
"2018-05-28 21:41:11",135
"2018-05-28 22:41:12",135
"2018-05-28 23:41:12",135
"2018-05-29 00:41:11",135
"2018-05-29 01:41:10",135
"2018-05-29 02:41:11",135
"2018-05-29 03:41:11",135
"2018-05-29 04:41:12",135
"2018-05-29 05:41:11",135
"2018-05-29 06:41:11",135
"2018-05-29 07:41:11",135
"2018-05-29 08:41:17",135
"2018-05-29 09:41:11",135
"2018-05-29 10:41:11",135
"2018-05-29 11:41:11",135
"2018-05-29 12:41:11",135
"2018-05-30 19:51:52",133
"2018-05-30 20:41:11",131
"2018-05-30 21:41:11",131
"2018-05-30 22:41:11",131
"2018-05-30 23:41:11",131
"2018-05-31 00:41:11",131
"2018-05-31 01:41:12",131
"2018-05-31 02:41:11",131
"2018-05-31 03:41:16",131
"2018-05-31 04:41:11",131
"2018-05-31 05:41:11",131
"2018-05-31 06:41:12",131
"2018-05-31 07:41:11",131
"2018-05-31 08:41:11",131
"2018-05-31 09:41:11",131
"2018-05-31 10:41:11",131
"2018-05-31 11:41:11",131
"2018-05-31 12:41:11",131
"2018-05-31 13:41:12",131
"2018-05-31 14:41:12",131
"2018-05-31 15:41:11",131
"2018-05-31 16:41:11",130
"2018-05-31 17:41:11",131
"2018-05-31 18:41:11",131
"2018-05-31 19:41:11",130
"2018-05-31 20:41:12",130
"2018-05-31 21:41:12",130
"2018-05-31 22:41:13",130
"2018-05-31 23:41:12",130
"2018-06-01 00:41:12",130
"2018-06-01 01:41:12",130
"2018-06-01 02:41:12",130
"2018-06-01 03:41:13",130
"2018-06-01 04:41:12",130
"2018-06-01 05:41:12",130
"2018-06-01 06:41:13",130
"2018-06-01 07:41:13",130
"2018-06-01 08:41:12",130
"2018-06-01 09:41:12",130
"2018-06-01 10:41:10",130
"2018-06-01 11:41:11",130
"2018-06-01 12:41:11",130
"2018-06-01 13:41:19",130
"2018-06-01 14:41:13",130
"2018-06-01 15:41:13",131
"2018-06-01 16:41:13",131
"2018-06-01 17:41:13",131
"2018-06-01 18:41:12",131
"2018-06-01 19:41:13",131
"2018-06-01 20:41:13",131
"2018-06-01 21:41:12",131
"2018-06-01 22:41:12",131
"2018-06-01 23:41:13",131
"2018-06-02 00:41:12",131
"2018-06-02 01:41:12",131
"2018-06-02 02:41:13",131
"2018-06-02 03:41:12",131
"2018-06-02 04:41:12",131
"2018-06-02 05:41:12",131
"2018-06-02 06:41:12",131
"2018-06-02 07:41:12",131
"2018-06-02 08:41:12",131
"2018-06-02 09:41:13",131
"2018-06-02 10:41:12",131
"2018-06-02 11:41:12",131
"2018-06-02 12:41:13",131
"2018-06-02 13:41:13",131
"2018-06-02 14:41:13",131
"2018-06-02 15:41:13",131
"2018-06-02 16:41:12",131
"2018-06-02 17:41:12",131
"2018-06-02 18:41:12",131
"2018-06-02 19:41:13",131
"2018-06-02 20:41:13",131
"2018-06-02 21:41:13",131
"2018-06-02 22:41:12",131
"2018-06-02 23:41:13",131
"2018-06-03 00:41:12",131
"2018-06-03 01:41:12",131
"2018-06-03 02:41:12",131
"2018-06-03 03:41:12",131
"2018-06-03 04:41:12",131
"2018-06-03 05:41:13",131
"2018-06-03 06:41:12",131
"2018-06-03 19:43:27",131
"2018-06-03 20:41:13",131
"2018-06-03 21:41:12",131
"2018-06-03 22:41:13",131
"2018-06-03 23:41:12",131
"2018-06-04 00:41:12",131
"2018-06-04 01:41:12",131
"2018-06-04 02:41:12",131
"2018-06-04 03:41:12",131
"2018-06-04 04:41:14",131
"2018-06-04 05:41:12",131
"2018-06-04 06:41:12",131
"2018-06-04 07:41:13",131
"2018-06-04 08:41:12",131
"2018-06-04 09:41:12",131
"2018-06-04 10:41:11",131
"2018-06-04 11:41:11",131
"2018-06-04 12:41:11",131
"2018-06-04 13:41:12",131
"2018-06-04 14:41:12",129
"2018-06-04 15:41:11",129
"2018-06-04 16:41:11",129
"2018-06-04 17:41:11",128
"2018-06-04 18:41:11",128
"2018-06-04 19:41:11",129
"2018-06-04 20:41:11",129
"2018-06-04 21:41:11",129
"2018-06-04 22:41:11",129
"2018-06-04 23:41:12",129
"2018-06-05 00:41:12",129
"2018-06-05 01:41:11",129
"2018-06-05 02:41:12",129
"2018-06-05 03:41:11",129
"2018-06-05 04:41:11",129
"2018-06-05 05:41:11",129
"2018-06-05 06:41:11",129
"2018-06-05 07:41:11",129
"2018-06-05 08:41:11",129
"2018-06-05 09:41:12",129
"2018-06-05 10:41:12",129
"2018-06-05 11:41:11",129
"2018-06-05 12:41:11",129
"2018-06-05 13:41:13",129
"2018-06-05 14:41:12",127
"2018-06-05 15:41:11",128
"2018-06-05 16:41:12",128
"2018-06-05 17:41:11",128
"2018-06-05 18:41:11",128
"2018-06-05 19:41:12",128
"2018-06-05 20:41:11",128
"2018-06-05 21:41:11",128
"2018-06-05 22:41:12",128
"2018-06-05 23:41:12",128
"2018-06-06 00:41:12",128
"2018-06-06 01:41:11",128
"2018-06-06 02:41:11",128
"2018-06-06 03:41:12",128
"2018-06-06 04:41:12",128
"2018-06-06 05:41:12",128
"2018-06-06 06:41:12",128
"2018-06-06 07:41:10",128
"2018-06-06 08:41:12",128
"2018-06-06 09:41:11",128
"2018-06-06 10:41:11",128
"2018-06-06 11:41:12",128
"2018-06-06 12:41:12",128
"2018-06-06 13:41:12",128
"2018-06-06 14:41:12",129
"2018-06-06 15:41:13",128
"2018-06-06 16:41:13",127
"2018-06-06 17:41:13",126
"2018-06-06 18:41:13",126
"2018-06-06 19:41:12",126
"2018-06-06 20:41:12",126
"2018-06-06 21:41:12",126
"2018-06-06 22:41:12",126
"2018-06-06 23:41:14",126
"2018-06-07 00:41:13",126
"2018-06-07 01:41:13",126
"2018-06-07 02:41:14",126
"2018-06-07 03:41:13",126
"2018-06-07 04:41:14",126
"2018-06-07 05:41:14",126
"2018-06-07 06:41:13",126
"2018-06-07 07:41:13",126
"2018-06-07 08:41:14",126
"2018-06-07 09:41:13",126
"2018-06-07 10:41:13",126
"2018-06-07 11:41:13",126
"2018-06-07 12:41:14",126
"2018-06-07 13:41:13",126
"2018-06-07 14:41:14",125
"2018-06-07 15:41:13",125
"2018-06-07 16:41:14",125
"2018-06-07 17:41:14",125
"2018-06-07 18:41:13",125
"2018-06-07 19:41:13",125
"2018-06-07 20:41:13",125
"2018-06-07 21:41:13",125
"2018-06-07 22:41:14",125
"2018-06-07 23:41:14",125
"2018-06-08 00:41:14",125
"2018-06-08 01:41:13",125
"2018-06-08 02:41:13",125
"2018-06-08 03:41:13",125
"2018-06-08 04:41:14",125
"2018-06-08 05:41:13",125
"2018-06-08 06:41:14",125
"2018-06-08 07:41:14",125
"2018-06-08 08:41:13",125
"2018-06-08 09:41:13",125
"2018-06-08 10:41:13",125
"2018-06-08 11:41:13",125
"2018-06-08 12:41:14",125
"2018-06-08 13:41:14",125
"2018-06-08 14:41:14",125
"2018-06-08 15:41:13",125
"2018-06-08 16:41:14",125
"2018-06-08 17:41:14",125
"2018-06-08 18:41:13",125
"2018-06-08 19:41:14",125
"2018-06-08 20:41:14",125
"2018-06-08 21:41:14",125
"2018-06-08 22:41:13",125
"2018-06-08 23:41:13",125
"2018-06-09 00:41:13",125
"2018-06-09 01:41:14",125
"2018-06-09 02:41:13",125
"2018-06-09 03:41:13",125
"2018-06-09 04:41:14",125
"2018-06-09 05:41:13",125
"2018-06-09 06:41:15",125
"2018-06-09 07:41:13",125
"2018-06-09 08:41:13",125
"2018-06-09 09:41:13",125
"2018-06-09 10:41:14",125
"2018-06-09 11:41:14",125
"2018-06-09 12:41:14",125
"2018-06-09 13:41:14",125
"2018-06-09 14:41:14",125
"2018-06-09 15:41:14",125
"2018-06-09 16:41:14",125
"2018-06-09 17:41:14",125
"2018-06-09 18:41:14",125
"2018-06-09 19:41:14",125
"2018-06-09 20:41:14",125
"2018-06-09 21:41:14",125
"2018-06-09 22:41:13",125
"2018-06-09 23:41:13",125
"2018-06-10 00:41:13",125
"2018-06-10 01:41:13",125
"2018-06-10 02:41:14",125
"2018-06-10 03:41:13",125
"2018-06-10 04:41:14",125
"2018-06-10 05:41:13",125
"2018-06-10 06:41:13",125
"2018-06-10 07:41:14",125
"2018-06-10 08:41:13",125
"2018-06-10 09:41:13",125
"2018-06-10 10:41:14",125
"2018-06-10 11:41:13",125
"2018-06-10 12:41:13",125
"2018-06-10 13:41:13",125
"2018-06-10 14:41:14",125
"2018-06-10 15:41:13",125
"2018-06-10 16:41:14",125
"2018-06-10 17:41:14",125
"2018-06-10 18:41:14",125
"2018-06-10 19:41:13",125
"2018-06-10 20:41:13",125
"2018-06-10 21:41:13",125
"2018-06-10 22:41:13",125
"2018-06-10 23:41:13",125
"2018-06-11 00:41:14",125
"2018-06-11 01:41:13",125
"2018-06-11 02:41:13",125
"2018-06-11 03:41:13",125
"2018-06-11 04:41:13",125
"2018-06-11 06:41:13",125
"2018-06-11 07:41:13",125
"2018-06-11 08:41:14",125
"2018-06-11 09:41:13",125
"2018-06-11 10:41:14",125
"2018-06-11 11:41:13",125
"2018-06-11 12:41:14",125
"2018-06-11 13:41:14",125
"2018-06-11 14:41:13",124
"2018-06-11 15:41:13",123
"2018-06-11 16:41:13",124
"2018-06-11 17:41:13",124
"2018-06-11 18:41:13",124
"2018-06-11 19:41:13",124
"2018-06-11 20:41:13",124
"2018-06-11 21:41:13",124
"2018-06-11 22:41:13",124
"2018-06-11 23:41:13",124
"2018-06-12 00:41:13",124
"2018-06-12 01:41:14",124
"2018-06-12 02:41:13",124
"2018-06-12 03:41:14",124
"2018-06-12 04:41:13",124
"2018-06-12 05:41:13",124
"2018-06-12 06:41:14",124
"2018-06-12 07:41:13",124
"2018-06-12 08:41:13",124
"2018-06-12 09:41:13",124
"2018-06-12 10:41:13",124
"2018-06-12 11:41:13",124
"2018-06-12 12:41:14",124
"2018-06-12 13:41:15",124
"2018-06-12 14:41:13",123
"2018-06-12 15:41:13",122
"2018-06-12 16:41:13",122
"2018-06-12 17:41:13",122
"2018-06-12 18:41:14",122
"2018-06-12 19:41:14",122
"2018-06-12 20:41:13",122
"2018-06-12 21:41:13",122
"2018-06-12 22:41:12",122
"2018-06-12 23:41:13",122
"2018-06-13 00:41:13",122
"2018-06-13 01:41:13",122
"2018-06-13 02:41:13",122
"2018-06-13 03:41:13",122
"2018-06-13 04:41:14",122
"2018-06-13 05:41:13",122
"2018-06-13 06:41:13",122
"2018-06-13 07:41:13",122
"2018-06-13 08:41:14",122
"2018-06-13 09:41:13",122
"2018-06-13 10:41:13",122
"2018-06-13 11:41:13",122
"2018-06-13 12:41:13",122
"2018-06-13 13:41:15",122
"2018-06-13 14:41:14",122
"2018-06-13 15:41:14",122
"2018-06-13 16:41:14",122
"2018-06-13 17:41:13",122
"2018-06-13 18:41:14",122
"2018-06-13 19:41:13",122
"2018-06-13 20:41:14",122
"2018-06-13 21:41:14",122
"2018-06-13 22:41:13",122
"2018-06-13 23:41:13",122
"2018-06-14 00:41:14",122
"2018-06-14 01:41:14",122
"2018-06-14 02:41:14",122
"2018-06-14 03:41:14",122
"2018-06-14 04:41:13",122
"2018-06-14 05:41:14",122
"2018-06-14 06:41:13",122
"2018-06-14 07:41:14",122
"2018-06-14 08:41:14",122
"2018-06-14 09:41:12",122
"2018-06-14 10:41:13",122
"2018-06-14 11:41:14",122
"2018-06-14 12:41:14",122
"2018-06-14 13:41:15",122
"2018-06-14 14:41:14",123
"2018-06-14 15:41:15",124
"2018-06-14 16:41:14",124
"2018-06-14 17:41:14",124
"2018-06-14 18:41:15",124
"2018-06-14 19:41:15",124
"2018-06-14 20:41:15",124
"2018-06-14 21:41:15",124
"2018-06-14 22:41:15",124
"2018-06-14 23:41:14",124
"2018-06-15 00:41:14",124
"2018-06-15 01:41:14",124
"2018-06-15 02:41:14",124
"2018-06-15 03:41:14",124
"2018-06-15 04:41:14",124
"2018-06-15 05:41:15",124
"2018-06-15 06:41:15",124
"2018-06-15 07:41:14",124
"2018-06-15 08:41:14",124
"2018-06-15 09:41:14",124
"2018-06-15 10:41:15",124
"2018-06-15 11:41:14",124
"2018-06-15 12:41:15",124
"2018-06-15 13:41:15",124
"2018-06-15 14:41:15",124
"2018-06-15 15:41:14",124
"2018-06-15 16:41:14",124
"2018-06-15 17:41:14",124
"2018-06-15 18:41:15",124
"2018-06-15 19:41:14",124
"2018-06-15 20:41:15",124
"2018-06-15 21:41:14",124
"2018-06-15 22:41:14",124
"2018-06-15 23:41:15",124
"2018-06-16 00:41:15",124
"2018-06-16 01:41:14",124
"2018-06-16 02:41:15",124
"2018-06-16 03:41:14",124
"2018-06-16 04:41:15",124
"2018-06-16 05:41:15",124
"2018-06-16 06:41:15",124
"2018-06-16 07:41:14",124
"2018-06-16 08:41:15",124
"2018-06-16 09:41:15",124
"2018-06-16 10:41:14",124
"2018-06-16 11:41:15",124
"2018-06-16 12:41:14",124
"2018-06-16 13:41:15",124
"2018-06-16 14:41:15",124
"2018-06-16 15:41:15",124
"2018-06-16 16:41:15",124
"2018-06-16 17:41:14",124
"2018-06-16 18:41:14",124
"2018-06-16 19:41:15",124
"2018-06-16 20:41:15",124
"2018-06-16 21:41:14",124
"2018-06-16 22:41:15",124
"2018-06-16 23:41:14",124
"2018-06-17 00:41:14",124
"2018-06-17 01:41:15",124
"2018-06-17 02:41:15",124
"2018-06-17 03:41:15",124
"2018-06-17 04:41:15",124
"2018-06-17 05:41:15",124
"2018-06-17 06:41:14",124
"2018-06-17 07:41:14",124
"2018-06-17 08:41:14",124
"2018-06-17 09:41:14",124
"2018-06-17 10:41:14",124
"2018-06-17 11:41:14",124
"2018-06-17 12:41:15",124
"2018-06-17 13:41:15",124
"2018-06-17 14:41:14",124
"2018-06-17 15:41:13",124
"2018-06-17 16:41:14",124
"2018-06-17 17:41:14",124
"2018-06-17 18:41:14",124
"2018-06-17 19:41:15",124
"2018-06-17 20:41:15",124
"2018-06-17 21:41:14",124
"2018-06-17 22:41:14",124
"2018-06-17 23:41:14",124
"2018-06-18 00:41:15",124
"2018-06-18 01:41:14",124
"2018-06-18 02:41:15",124
"2018-06-18 03:41:14",124
"2018-06-18 04:41:15",124
"2018-06-18 05:41:14",124
"2018-06-18 06:41:14",124
"2018-06-18 07:41:14",124
"2018-06-18 08:41:15",124
"2018-06-18 09:41:14",124
"2018-06-18 10:41:14",124
"2018-06-18 11:41:15",124
"2018-06-18 12:41:14",124
"2018-06-18 13:41:16",124
"2018-06-18 14:41:14",124
"2018-06-18 15:41:14",124
"2018-06-18 16:41:14",124
"2018-06-18 17:41:14",125
"2018-06-18 18:41:15",125
"2018-06-18 19:41:15",125
"2018-06-18 20:41:15",125
"2018-06-18 21:41:14",125
"2018-06-18 22:41:15",125
"2018-06-18 23:41:14",125
"2018-06-19 00:41:14",125
"2018-06-19 01:41:14",125
"2018-06-19 02:41:15",125
"2018-06-19 03:41:14",125
"2018-06-19 04:41:15",125
"2018-06-19 05:41:14",125
"2018-06-19 06:41:15",125
"2018-06-19 07:41:15",125
"2018-06-19 08:41:15",125
"2018-06-19 09:41:14",125
"2018-06-19 10:41:15",125
"2018-06-19 11:41:14",125
"2018-06-19 12:41:14",125
"2018-06-19 13:41:17",125
"2018-06-19 14:41:14",125
"2018-06-19 15:41:14",125
"2018-06-19 16:41:14",125
"2018-06-19 17:41:15",125
"2018-06-19 18:41:14",125
"2018-06-19 19:41:14",125
"2018-06-19 20:41:14",125
"2018-06-19 21:41:14",125
"2018-06-19 22:41:14",125
"2018-06-19 23:41:14",125
"2018-06-20 00:41:22",125
"2018-06-20 01:41:15",125
"2018-06-20 02:41:14",125
"2018-06-20 03:41:15",125
"2018-06-20 04:41:15",125
"2018-06-20 05:41:14",125
"2018-06-20 06:41:15",125
"2018-06-20 07:41:14",125
"2018-06-20 08:41:14",125
"2018-06-20 09:41:14",125
"2018-06-20 10:41:14",125
"2018-06-20 11:41:14",125
"2018-06-20 12:41:14",125
"2018-06-20 14:05:48",125
"2018-06-20 14:41:16",125
"2018-06-20 15:41:15",125
"2018-06-20 16:41:15",126
"2018-06-20 17:41:14",126
"2018-06-20 18:41:15",126
"2018-06-20 19:41:15",126
"2018-06-20 20:41:14",126
"2018-06-20 21:41:14",126
"2018-06-20 22:41:14",126
"2018-06-20 23:41:15",126
"2018-06-21 00:41:15",126
"2018-06-21 01:41:14",126
"2018-06-21 02:41:15",126
"2018-06-21 03:41:15",126
"2018-06-21 04:41:15",126
"2018-06-21 05:41:15",126
"2018-06-21 06:41:14",126
"2018-06-21 07:41:14",126
"2018-06-21 08:41:15",126
"2018-06-21 09:41:14",126
"2018-06-21 10:41:14",127
"2018-06-21 11:41:14",127
"2018-06-21 12:41:14",127
"2018-06-21 13:41:16",127
"2018-06-21 14:41:16",127
"2018-06-21 15:41:16",127
"2018-06-21 16:41:15",127
"2018-06-21 17:41:16",127
"2018-06-21 18:41:16",127
"2018-06-21 19:41:16",127
"2018-06-21 20:41:16",127
"2018-06-21 21:41:15",127
"2018-06-21 22:41:16",127
"2018-06-21 23:41:15",127
"2018-06-22 00:41:16",127
"2018-06-22 01:41:15",127
"2018-06-22 02:41:16",127
"2018-06-22 03:41:15",127
"2018-06-22 04:41:15",127
"2018-06-22 05:41:16",127
"2018-06-22 06:41:15",127
"2018-06-22 07:41:15",127
"2018-06-22 08:41:16",127
"2018-06-22 09:41:15",127
"2018-06-22 10:41:14",127
"2018-06-22 11:41:14",127
"2018-06-22 12:41:15",127
"2018-06-22 13:41:17",127
"2018-06-22 15:05:18",127
"2018-06-22 15:41:16",127
"2018-06-22 16:41:16",127
"2018-06-22 17:41:16",127
"2018-06-22 18:41:16",127
"2018-06-22 19:41:16",127
"2018-06-22 20:41:15",127
"2018-06-22 21:41:15",127
"2018-06-22 22:41:16",127
"2018-06-22 23:41:16",127
"2018-06-23 00:41:15",127
"2018-06-23 01:41:15",127
"2018-06-23 02:41:16",127
"2018-06-23 03:41:16",127
"2018-06-23 04:41:15",127
"2018-06-23 05:41:16",127
"2018-06-23 06:41:15",127
"2018-06-23 07:41:16",127
"2018-06-23 08:41:15",127
"2018-06-23 09:41:15",127
"2018-06-23 10:41:15",126
"2018-06-23 11:41:16",126
"2018-06-23 12:41:15",126
"2018-06-23 13:41:16",126
"2018-06-23 14:41:15",126
"2018-06-23 15:41:16",126
"2018-06-23 16:41:16",126
"2018-06-23 17:41:15",126
"2018-06-23 18:41:16",126
"2018-06-23 19:41:16",126
"2018-06-23 20:41:16",126
"2018-06-23 21:41:16",126
"2018-06-23 22:41:15",126
"2018-06-23 23:41:15",126
"2018-06-24 00:41:26",126
"2018-06-24 01:41:15",126
"2018-06-24 02:41:15",126
"2018-06-24 03:41:18",126
"2018-06-24 04:41:15",126
"2018-06-24 05:41:15",126
"2018-06-24 06:41:16",126
"2018-06-24 07:41:16",126
"2018-06-24 08:41:15",126
"2018-06-24 09:41:15",126
"2018-06-24 10:41:40",126
"2018-06-24 11:41:16",126
"2018-06-24 12:41:16",126
"2018-06-24 13:41:15",126
"2018-06-24 14:41:19",126
"2018-06-24 15:41:23",126
"2018-06-24 16:41:15",126
"2018-06-24 17:41:15",126
"2018-06-24 18:41:15",126
"2018-06-24 19:41:16",126
"2018-06-24 20:41:15",126
"2018-06-24 21:41:15",126
"2018-06-24 22:41:15",126
"2018-06-24 23:41:15",126
"2018-06-25 00:41:15",126
"2018-06-25 01:41:16",126
"2018-06-25 02:41:16",126
"2018-06-25 03:41:18",126
"2018-06-25 04:41:17",126
"2018-06-25 05:41:16",126
"2018-06-25 06:41:16",126
"2018-06-25 07:41:15",126
"2018-06-25 08:41:16",126
"2018-06-25 09:41:16",126
"2018-06-25 10:41:15",126
"2018-06-25 11:41:15",126
"2018-06-25 12:41:15",126
"2018-06-25 13:41:17",126
"2018-06-25 14:41:16",126
"2018-06-25 15:41:15",126
"2018-06-25 16:41:15",126
"2018-06-25 17:41:16",126
"2018-06-25 18:41:16",126
"2018-06-25 19:41:16",126
"2018-06-25 20:41:16",126
"2018-06-25 21:41:16",126
"2018-06-25 22:41:14",126
"2018-06-26 01:09:41",126
"2018-06-26 01:41:16",126
"2018-06-26 02:41:16",126
"2018-06-26 03:41:20",126
"2018-06-26 04:41:20",126
"2018-06-26 05:41:16",126
"2018-06-26 06:41:15",126
"2018-06-26 07:41:16",126
"2018-06-26 08:41:16",126
"2018-06-26 09:41:16",126
"2018-06-26 10:41:17",126
"2018-06-26 11:41:18",126
"2018-06-26 12:41:21",126
"2018-06-26 13:41:18",126
"2018-06-26 14:41:16",126
"2018-06-26 15:41:23",127
"2018-06-26 16:41:16",127
"2018-06-26 17:41:15",127
"2018-06-26 18:41:16",127
"2018-06-26 19:41:16",127
"2018-06-26 20:41:16",127
"2018-06-26 21:41:15",127
"2018-06-26 22:41:15",127
"2018-06-26 23:41:15",127
"2018-06-27 00:41:16",127
"2018-06-27 01:41:15",127
"2018-06-27 02:41:16",127
"2018-06-27 03:41:16",127
"2018-06-27 04:41:18",127
"2018-06-27 05:41:17",127
"2018-06-27 06:41:16",127
"2018-06-27 07:41:15",127
"2018-06-27 08:41:15",127
"2018-06-27 09:41:16",127
"2018-06-27 10:41:15",127
"2018-06-27 11:41:16",127
"2018-06-27 12:41:16",127
"2018-06-27 13:41:23",127
"2018-06-27 14:41:21",127
"2018-06-27 15:41:23",127
"2018-06-27 16:41:16",126
"2018-06-27 17:41:15",126
"2018-06-27 18:41:16",126
"2018-06-27 19:41:16",127
"2018-06-27 20:41:15",128
"2018-06-27 21:41:15",128
"2018-06-27 22:41:15",128
"2018-06-27 23:41:15",128
"2018-06-28 00:41:16",128
"2018-06-28 01:41:15",128
"2018-06-28 02:41:16",128
"2018-06-28 03:41:21",128
"2018-06-28 04:41:20",128
"2018-06-28 05:41:19",128
"2018-06-28 06:41:16",128
"2018-06-28 07:41:16",128
"2018-06-28 08:41:16",128
"2018-06-28 09:41:15",128
"2018-06-28 10:41:16",128
"2018-06-28 11:41:15",128
"2018-06-28 12:41:15",128
"2018-06-28 13:41:17",128
"2018-06-28 14:41:22",128
"2018-06-28 15:41:21",128
"2018-06-28 16:41:15",128
"2018-06-28 17:41:16",128
"2018-06-28 18:41:15",129
"2018-06-28 19:41:18",130
"2018-06-28 20:41:16",130
"2018-06-28 21:41:15",130
"2018-06-28 22:41:15",130
"2018-06-28 23:41:16",130
"2018-06-29 00:41:16",130
"2018-06-29 01:41:15",130
"2018-06-29 02:41:15",130
"2018-06-29 03:41:19",130
"2018-06-29 04:41:17",130
"2018-06-29 05:41:15",130
"2018-06-29 06:41:16",130
"2018-06-29 07:41:16",130
"2018-06-29 08:41:16",130
"2018-06-29 09:41:16",130
"2018-06-29 10:41:15",130
"2018-06-29 11:41:16",130
"2018-06-29 12:41:17",130
"2018-06-29 13:41:18",130
"2018-06-29 14:41:17",131
"2018-06-29 15:41:17",131
"2018-06-29 16:41:17",131
"2018-06-29 17:41:16",131
"2018-06-29 18:41:17",131
"2018-06-29 19:41:18",131
"2018-06-29 20:41:16",131
"2018-06-29 21:41:18",131
"2018-06-29 22:41:17",131
"2018-06-29 23:41:18",131
"2018-06-30 00:41:17",131
"2018-06-30 01:41:16",131
"2018-06-30 02:41:17",131
"2018-06-30 03:41:21",131
"2018-06-30 04:41:20",131
"2018-06-30 05:41:19",131
"2018-06-30 06:41:17",131
"2018-06-30 07:41:16",131
"2018-06-30 08:41:16",131
"2018-06-30 09:41:16",131
"2018-06-30 10:41:17",131
"2018-06-30 11:41:17",131
"2018-06-30 12:41:18",131
"2018-06-30 13:41:23",131
"2018-06-30 14:41:17",131
"2018-06-30 15:41:20",131
"2018-06-30 16:41:21",131
"2018-06-30 17:41:16",131
"2018-06-30 18:41:16",131
"2018-06-30 19:41:22",131
"2018-06-30 20:41:16",131
"2018-06-30 21:41:16",131
"2018-06-30 22:41:16",131
"2018-06-30 23:41:17",131
"2018-07-01 00:41:16",131
"2018-07-01 01:41:17",131
"2018-07-01 02:41:17",131
"2018-07-01 03:41:17",131
"2018-07-01 04:41:16",131
"2018-07-01 05:41:17",131
"2018-07-01 06:41:17",131
"2018-07-01 07:41:16",131
"2018-07-01 08:41:16",131
"2018-07-01 09:41:16",131
"2018-07-01 10:41:17",131
"2018-07-01 11:41:17",131
"2018-07-01 12:41:17",131
"2018-07-01 13:41:17",131
"2018-07-01 14:41:16",131
"2018-07-01 15:41:17",131
"2018-07-01 16:41:17",131
"2018-07-01 17:41:17",131
"2018-07-01 18:41:17",131
"2018-07-01 19:41:19",131
"2018-07-01 20:41:17",131
"2018-07-01 21:41:17",131
"2018-07-01 22:41:16",131
"2018-07-01 23:41:17",131
"2018-07-02 00:41:17",131
"2018-07-02 01:41:18",131
"2018-07-02 02:41:17",131
"2018-07-02 03:41:16",131
"2018-07-02 04:41:16",131
"2018-07-02 05:41:17",131
"2018-07-02 06:41:17",131
"2018-07-02 07:41:17",131
"2018-07-02 08:41:17",131
"2018-07-02 09:41:17",131
"2018-07-02 10:41:17",131
"2018-07-02 11:41:16",131
"2018-07-02 12:41:17",131
"2018-07-02 13:41:17",131
"2018-07-02 14:41:16",134
"2018-07-02 15:41:17",133
"2018-07-02 16:41:17",135
"2018-07-02 17:41:17",135
"2018-07-02 18:41:16",135
"2018-07-02 19:41:17",135
"2018-07-02 20:41:16",135
"2018-07-02 21:41:16",135
"2018-07-02 22:41:17",135
"2018-07-02 23:41:17",135
"2018-07-03 00:41:16",135
"2018-07-03 01:41:16",135
"2018-07-03 02:41:16",135
"2018-07-03 03:41:16",135
"2018-07-03 04:41:17",135
"2018-07-03 05:41:17",135
"2018-07-03 06:41:16",135
"2018-07-03 07:41:16",135
"2018-07-03 08:41:16",135
"2018-07-03 09:41:17",135
"2018-07-03 10:41:16",135
"2018-07-03 11:41:17",135
"2018-07-03 12:41:16",135
"2018-07-03 13:41:17",135
"2018-07-03 14:41:17",133
"2018-07-03 15:41:16",133
"2018-07-03 16:41:16",132
"2018-07-03 17:41:17",132
"2018-07-03 18:41:16",132
"2018-07-03 19:41:19",132
"2018-07-03 20:41:16",132
"2018-07-03 21:41:16",132
"2018-07-03 22:41:16",132
"2018-07-03 23:41:16",132
"2018-07-04 00:41:16",132
"2018-07-04 01:41:17",132
"2018-07-04 02:41:17",132
"2018-07-04 03:41:17",132
"2018-07-04 04:41:16",132
"2018-07-04 05:41:16",132
"2018-07-04 06:41:17",132
"2018-07-04 07:41:17",132
"2018-07-04 08:41:17",132
"2018-07-04 09:41:17",132
"2018-07-04 10:41:17",132
"2018-07-04 11:41:16",132
"2018-07-04 12:41:16",132
"2018-07-04 13:41:17",132
"2018-07-04 14:41:17",132
"2018-07-04 15:41:16",132
"2018-07-04 16:41:17",132
"2018-07-04 17:41:17",132
"2018-07-04 18:41:16",132
"2018-07-04 19:41:17",132
"2018-07-04 20:41:17",132
"2018-07-04 21:41:17",132
"2018-07-04 22:41:16",132
"2018-07-04 23:41:16",132
"2018-07-05 00:41:16",132
"2018-07-05 01:41:16",132
"2018-07-05 02:41:17",132
"2018-07-05 03:41:17",132
"2018-07-05 04:41:17",132
"2018-07-05 05:41:16",132
"2018-07-05 06:41:16",132
"2018-07-05 07:41:17",132
"2018-07-05 08:41:17",132
"2018-07-05 09:41:16",132
"2018-07-05 10:41:17",132
"2018-07-05 11:41:17",132
"2018-07-05 12:41:16",132
"2018-07-05 13:41:17",132
"2018-07-05 14:41:17",131
"2018-07-05 15:41:17",130
"2018-07-05 16:41:16",130
"2018-07-05 17:41:19",129
"2018-07-05 18:41:16",129
"2018-07-05 19:41:19",129
"2018-07-05 20:41:16",129
"2018-07-05 21:41:17",129
"2018-07-05 22:41:17",129
"2018-07-05 23:41:16",129
"2018-07-06 00:41:16",129
"2018-07-06 01:41:17",129
"2018-07-06 02:41:16",129
"2018-07-06 03:41:16",129
"2018-07-06 04:41:17",129
"2018-07-06 05:41:16",129
"2018-07-06 06:41:16",129
"2018-07-06 07:41:17",129
"2018-07-06 08:41:17",129
"2018-07-06 09:41:16",129
"2018-07-06 10:41:17",129
"2018-07-06 11:41:18",129
"2018-07-06 12:41:17",129
"2018-07-06 13:41:18",129
"2018-07-06 14:41:17",129
"2018-07-06 15:41:18",129
"2018-07-06 16:41:17",129
"2018-07-06 17:41:17",129
"2018-07-06 18:41:16",128
"2018-07-06 19:41:19",128
"2018-07-06 20:41:17",128
"2018-07-06 21:41:17",128
"2018-07-06 22:41:16",128
"2018-07-06 23:41:16",128
"2018-07-07 00:41:17",128
"2018-07-07 01:41:16",128
"2018-07-07 02:41:17",128
"2018-07-07 03:41:17",128
"2018-07-07 04:41:17",128
"2018-07-07 05:41:16",128
"2018-07-07 06:41:17",128
"2018-07-07 07:41:17",128
"2018-07-07 08:41:17",128
"2018-07-07 09:41:16",128
"2018-07-07 10:41:17",128
"2018-07-07 11:41:17",128
"2018-07-07 12:41:16",128
"2018-07-07 13:41:17",128
"2018-07-07 14:41:17",128
"2018-07-07 15:41:16",128
"2018-07-07 16:41:17",128
"2018-07-07 17:41:17",128
"2018-07-07 18:41:17",128
"2018-07-07 19:41:19",128
"2018-07-07 20:41:16",128
"2018-07-07 21:41:16",128
"2018-07-07 22:41:17",128
"2018-07-07 23:41:17",128
"2018-07-08 00:41:17",128
"2018-07-08 01:41:17",128
"2018-07-08 02:41:17",128
"2018-07-08 03:41:18",128
"2018-07-08 04:41:17",128
"2018-07-08 05:41:17",128
"2018-07-08 06:41:17",128
"2018-07-08 07:41:17",128
"2018-07-08 08:41:16",128
"2018-07-08 09:41:17",128
"2018-07-08 10:41:16",128
"2018-07-08 11:41:17",128
"2018-07-08 12:41:17",128
"2018-07-08 13:41:16",128
"2018-07-08 14:41:16",128
"2018-07-08 15:41:17",128
"2018-07-08 16:41:16",128
"2018-07-08 17:41:16",128
"2018-07-08 18:41:17",128
"2018-07-08 19:41:21",128
"2018-07-08 20:41:17",128
"2018-07-08 21:41:17",128
"2018-07-08 22:41:17",128
"2018-07-08 23:41:16",128
"2018-07-09 00:41:17",128
"2018-07-09 01:41:17",128
"2018-07-09 02:41:17",128
"2018-07-09 03:41:18",128
"2018-07-09 04:41:16",128
"2018-07-09 05:41:17",128
"2018-07-09 06:41:16",128
"2018-07-09 07:41:17",128
"2018-07-09 08:41:17",128
"2018-07-09 09:41:17",128
"2018-07-09 10:41:17",128
"2018-07-09 11:41:16",128
"2018-07-09 12:41:17",128
"2018-07-09 13:41:20",128
"2018-07-09 14:41:16",128
"2018-07-09 15:41:17",129
"2018-07-09 16:41:17",129
"2018-07-09 17:41:17",129
"2018-07-09 18:41:18",129
"2018-07-09 19:41:26",129
"2018-07-09 20:41:16",131
"2018-07-09 21:41:16",131
"2018-07-09 22:41:17",131
"2018-07-09 23:41:17",131
"2018-07-10 00:41:17",131
"2018-07-10 01:41:19",131
"2018-07-10 02:41:17",131
"2018-07-10 03:41:17",131
"2018-07-10 04:41:17",131
"2018-07-10 05:41:17",131
"2018-07-10 06:41:17",131
"2018-07-10 07:41:16",131
"2018-07-10 08:41:16",131
"2018-07-10 09:41:17",131
"2018-07-10 10:41:16",131
"2018-07-10 11:41:17",131
"2018-07-10 12:41:16",131
"2018-07-10 13:41:20",131
"2018-07-10 14:41:18",131
"2018-07-10 15:41:17",131
"2018-07-10 16:41:17",131
"2018-07-10 17:41:17",131
"2018-07-10 18:41:16",131
"2018-07-10 19:41:20",131
"2018-07-10 20:41:17",132
"2018-07-10 21:41:16",132
"2018-07-10 22:41:19",132
"2018-07-10 23:41:17",132
"2018-07-11 00:41:17",132
"2018-07-11 01:41:18",132
"2018-07-11 02:41:17",132
"2018-07-11 03:41:17",132
"2018-07-11 04:41:17",132
"2018-07-11 05:41:18",132
"2018-07-11 06:41:17",132
"2018-07-11 07:41:17",132
"2018-07-11 08:41:17",132
"2018-07-11 09:41:17",132
"2018-07-11 10:41:17",132
"2018-07-11 11:41:17",132
"2018-07-11 12:41:16",132
"2018-07-11 13:41:18",132
"2018-07-11 14:41:17",132
"2018-07-11 15:41:18",132
"2018-07-11 16:41:17",132
"2018-07-11 17:41:16",132
"2018-07-11 18:41:17",132
"2018-07-11 19:41:18",132
"2018-07-11 20:41:17",133
"2018-07-11 21:41:16",133
"2018-07-11 22:41:17",133
"2018-07-11 23:41:18",133
"2018-07-12 00:41:17",133
"2018-07-12 01:41:16",133
"2018-07-12 02:41:17",133
"2018-07-12 03:41:17",133
"2018-07-12 04:41:17",133
"2018-07-12 05:41:17",133
"2018-07-12 06:41:17",133
"2018-07-12 07:41:17",133
"2018-07-12 08:41:17",133
"2018-07-12 09:41:18",133
"2018-07-12 10:41:16",133
"2018-07-12 11:41:16",133
"2018-07-12 12:41:17",133
"2018-07-12 13:41:18",133
"2018-07-12 14:41:18",135
"2018-07-12 15:41:18",135
"2018-07-12 16:41:19",135
"2018-07-12 17:41:17",135
"2018-07-12 18:41:18",135
"2018-07-12 19:41:23",135
"2018-07-12 20:41:16",136
"2018-07-12 21:41:16",136
"2018-07-12 22:41:18",136
"2018-07-12 23:41:18",136
"2018-07-13 00:41:18",136
"2018-07-13 01:41:18",136
"2018-07-13 02:41:18",136
"2018-07-13 03:41:18",136
"2018-07-13 04:41:18",136
"2018-07-13 05:41:19",136
"2018-07-13 06:41:18",136
"2018-07-13 07:41:18",136
"2018-07-13 08:41:18",136
"2018-07-13 09:41:18",136
"2018-07-13 10:41:17",136
"2018-07-13 11:41:17",136
"2018-07-13 12:41:18",136
"2018-07-13 13:41:21",136
"2018-07-13 14:41:19",136
"2018-07-13 15:41:19",136
"2018-07-13 16:41:18",136
"2018-07-13 17:41:18",136
"2018-07-13 18:41:18",136
"2018-07-13 19:41:19",137
"2018-07-13 20:41:18",137
"2018-07-13 21:41:17",137
"2018-07-13 22:41:17",137
"2018-07-13 23:41:18",137
"2018-07-14 00:41:18",137
"2018-07-14 01:41:17",137
"2018-07-14 02:41:18",137
"2018-07-14 03:41:18",137
"2018-07-14 04:41:18",137
"2018-07-14 05:41:17",137
"2018-07-14 06:41:17",137
"2018-07-14 07:41:17",137
"2018-07-14 08:41:17",137
"2018-07-14 09:41:18",137
"2018-07-14 10:41:18",137
"2018-07-14 11:41:18",137
"2018-07-14 12:41:18",137
"2018-07-14 13:41:18",137
"2018-07-14 14:41:18",137
"2018-07-14 15:41:18",137
"2018-07-14 16:41:18",137
"2018-07-14 17:41:18",137
"2018-07-14 18:41:18",137
"2018-07-14 19:41:18",137
"2018-07-14 20:41:18",137
"2018-07-14 21:41:17",137
"2018-07-14 22:41:18",137
"2018-07-14 23:41:18",137
"2018-07-15 00:41:17",137
"2018-07-15 01:41:18",137
"2018-07-15 02:41:18",137
"2018-07-15 03:41:18",137
"2018-07-15 04:41:17",137
"2018-07-15 05:41:18",137
"2018-07-15 06:41:18",137
"2018-07-15 07:41:18",137
"2018-07-15 08:41:17",137
"2018-07-15 09:41:18",137
"2018-07-15 10:41:18",137
"2018-07-15 11:41:18",137
"2018-07-15 12:41:18",137
"2018-07-15 13:41:18",137
"2018-07-15 14:41:17",137
"2018-07-15 15:41:19",137
"2018-07-15 16:41:18",137
"2018-07-15 17:41:18",137
"2018-07-15 18:41:18",137
"2018-07-15 19:41:22",137
"2018-07-15 20:41:18",137
"2018-07-15 21:41:19",137
"2018-07-15 22:41:18",137
"2018-07-15 23:41:18",137
"2018-07-16 00:41:18",137
"2018-07-16 01:41:18",137
"2018-07-16 02:41:18",137
"2018-07-16 03:41:19",137
"2018-07-16 04:41:19",137
"2018-07-16 05:41:18",137
"2018-07-16 06:41:18",137
"2018-07-16 07:41:19",137
"2018-07-16 08:41:19",137
"2018-07-16 09:41:17",137
"2018-07-16 10:41:18",137
"2018-07-16 11:41:18",137
"2018-07-16 12:41:17",137
"2018-07-16 13:41:21",137
"2018-07-16 14:41:18",135
"2018-07-16 15:41:19",135
"2018-07-16 16:41:19",134
"2018-07-16 17:41:19",134
"2018-07-16 18:41:18",133
"2018-07-16 19:41:31",133
"2018-07-16 20:41:18",133
"2018-07-16 21:41:18",133
"2018-07-16 22:41:18",133
"2018-07-16 23:41:18",133
"2018-07-17 00:41:26",133
"2018-07-17 01:41:18",133
"2018-07-17 02:41:18",133
"2018-07-17 03:41:17",133
"2018-07-17 04:41:19",133
"2018-07-17 05:41:18",133
"2018-07-17 06:41:18",133
"2018-07-17 07:41:20",133
"2018-07-17 08:41:18",133
"2018-07-17 09:41:18",133
"2018-07-17 10:41:18",133
"2018-07-17 11:41:18",133
"2018-07-17 12:41:18",133
"2018-07-17 13:41:20",133
"2018-07-17 14:41:18",132
"2018-07-17 15:41:18",131
"2018-07-17 16:41:19",131
"2018-07-17 17:41:18",131
"2018-07-17 18:41:19",131
"2018-07-17 19:41:24",131
"2018-07-17 20:41:18",131
"2018-07-17 21:41:18",131
"2018-07-17 22:41:17",131
"2018-07-17 23:41:20",131
"2018-07-18 00:41:21",131
"2018-07-18 01:41:20",131
"2018-07-18 02:41:24",131
"2018-07-18 03:41:21",131
"2018-07-18 04:41:20",131
"2018-07-18 05:41:21",131
"2018-07-18 06:41:20",131
"2018-07-18 07:41:20",131
"2018-07-18 08:41:20",131
"2018-07-18 09:41:20",131
"2018-07-18 10:41:20",131
"2018-07-18 11:41:20",131
"2018-07-18 12:41:19",131
"2018-07-18 13:41:22",131
"2018-07-18 14:41:21",131
"2018-07-18 15:41:20",131
"2018-07-18 16:41:20",131
"2018-07-18 17:41:21",131
"2018-07-18 18:41:20",131
"2018-07-18 19:41:25",131
"2018-07-18 20:41:19",131
"2018-07-18 21:41:20",131
"2018-07-18 22:41:20",131
"2018-07-18 23:41:20",131
"2018-07-19 00:41:20",131
"2018-07-19 01:41:20",131
"2018-07-19 02:41:20",131
"2018-07-19 03:41:21",131
"2018-07-19 04:41:22",131
"2018-07-19 05:41:21",131
"2018-07-19 06:41:21",131
"2018-07-19 07:41:25",131
"2018-07-19 08:41:20",131
"2018-07-19 09:41:20",131
"2018-07-19 10:41:20",131
"2018-07-19 11:41:20",131
"2018-07-19 12:41:20",131
"2018-07-19 13:41:22",131
"2018-07-19 14:41:21",132
"2018-07-19 15:41:20",132
"2018-07-19 16:41:21",132
"2018-07-19 17:41:21",132
"2018-07-19 18:41:21",132
"2018-07-19 19:41:22",132
"2018-07-19 20:41:21",132
"2018-07-19 21:41:20",132
"2018-07-19 22:41:21",132
"2018-07-19 23:41:21",132
"2018-07-20 00:41:20",132
"2018-07-20 01:41:20",132
"2018-07-20 02:41:21",132
"2018-07-20 03:41:22",132
"2018-07-20 04:41:22",132
"2018-07-20 05:41:22",132
"2018-07-20 06:41:22",132
"2018-07-20 07:41:21",132
"2018-07-20 08:41:20",132
"2018-07-20 09:41:25",132
"2018-07-20 10:41:20",132
"2018-07-20 11:41:20",132
"2018-07-20 12:41:19",132
"2018-07-20 14:04:54",133
"2018-07-20 14:41:21",133
"2018-07-20 15:41:21",133
"2018-07-20 16:41:21",133
"2018-07-20 17:41:20",133
"2018-07-20 18:41:21",133
"2018-07-20 19:41:25",133
"2018-07-20 20:41:20",133
"2018-07-20 21:41:20",133
"2018-07-20 22:41:19",133
"2018-07-20 23:41:20",133
"2018-07-21 00:41:21",133
"2018-07-21 01:41:20",133
"2018-07-21 02:41:21",133
"2018-07-21 03:41:23",133
"2018-07-21 04:41:20",133
"2018-07-21 05:41:20",133
"2018-07-21 06:41:20",133
"2018-07-21 07:41:19",133
"2018-07-21 08:41:19",133
"2018-07-21 09:41:20",133
"2018-07-21 10:41:21",133
"2018-07-21 11:41:19",133
"2018-07-21 12:41:19",133
"2018-07-21 13:41:20",133
"2018-07-21 14:41:21",133
"2018-07-21 15:41:20",133
"2018-07-21 16:41:21",133
"2018-07-21 17:41:20",133
"2018-07-21 18:41:20",133
"2018-07-21 19:41:24",133
"2018-07-21 20:41:20",133
"2018-07-21 21:41:19",133
"2018-07-21 22:41:20",133
"2018-07-21 23:41:20",133
"2018-07-22 00:41:20",133
"2018-07-22 01:41:20",133
"2018-07-22 02:41:20",133
"2018-07-22 03:41:21",133
"2018-07-22 04:41:20",133
"2018-07-22 05:41:20",133
"2018-07-22 06:41:23",133
"2018-07-22 07:41:23",133
"2018-07-22 08:41:20",133
"2018-07-22 09:41:19",133
"2018-07-22 10:41:19",133
"2018-07-22 11:41:20",133
"2018-07-22 12:41:21",133
"2018-07-22 13:41:20",133
"2018-07-22 14:41:21",133
"2018-07-22 15:41:20",133
"2018-07-22 16:41:21",133
"2018-07-22 17:41:20",133
"2018-07-22 18:41:20",133
"2018-07-22 19:41:21",133
"2018-07-22 20:41:20",133
"2018-07-22 21:41:20",133
"2018-07-22 22:41:20",133
"2018-07-22 23:41:20",133
"2018-07-23 00:41:20",133
"2018-07-23 01:41:20",133
"2018-07-23 02:41:20",133
"2018-07-23 03:41:20",133
"2018-07-23 04:41:20",133
"2018-07-23 05:41:19",133
"2018-07-23 06:41:20",133
"2018-07-23 07:41:21",133
"2018-07-23 08:41:21",133
"2018-07-23 09:41:21",133
"2018-07-23 23:41:22",134
"2018-07-24 00:41:20",134
"2018-07-24 01:41:20",134
"2018-07-24 02:41:20",134
"2018-07-24 03:41:20",134
"2018-07-24 04:41:20",134
"2018-07-24 05:41:19",134
"2018-07-24 06:41:20",134
"2018-07-24 07:41:20",134
"2018-07-24 08:41:19",134
"2018-07-24 09:41:19",134
"2018-07-24 10:41:20",134
"2018-07-24 11:41:20",134
"2018-07-24 12:41:20",134
"2018-07-24 13:41:27",134
"2018-07-24 14:41:20",133
"2018-07-24 15:41:20",131
"2018-07-24 16:41:21",131
"2018-07-24 17:41:20",131
"2018-07-24 18:41:20",131
"2018-07-24 19:41:20",131
"2018-07-24 20:41:19",132
"2018-07-24 21:41:20",132
"2018-07-24 22:41:20",132
"2018-07-24 23:41:19",132
"2018-07-25 00:41:20",132
"2018-07-25 01:41:19",132
"2018-07-25 02:41:19",132
"2018-07-25 03:41:20",132
"2018-07-25 04:41:20",132
"2018-07-25 05:41:19",132
"2018-07-25 06:41:20",132
"2018-07-25 07:41:19",132
"2018-07-25 08:41:20",132
"2018-07-25 09:41:20",132
"2018-07-25 10:41:19",132
"2018-07-25 11:41:19",132
"2018-07-25 12:41:20",132
"2018-07-25 13:41:24",132
"2018-07-25 14:41:22",131
"2018-07-25 15:41:22",131
"2018-07-25 16:41:22",131
"2018-07-25 17:41:27",131
"2018-07-25 18:41:21",131
"2018-07-25 19:41:22",130
"2018-07-25 20:41:22",129
"2018-07-25 21:41:21",129
"2018-07-25 22:41:21",129
"2018-07-25 23:41:21",129
"2018-07-26 00:41:21",129
"2018-07-26 01:41:21",129
"2018-07-26 02:41:22",129
"2018-07-26 03:41:22",129
"2018-07-26 04:41:22",129
"2018-07-26 05:41:21",129
"2018-07-26 06:41:21",129
"2018-07-26 07:41:21",129
"2018-07-26 08:41:21",129
"2018-07-26 09:41:21",129
"2018-07-26 10:41:21",129
"2018-07-26 11:41:21",129
"2018-07-26 12:41:21",129
"2018-07-26 14:41:23",129
"2018-07-26 15:41:21",129
"2018-07-26 16:41:22",130
"2018-07-26 17:41:22",130
"2018-07-26 18:41:22",130
"2018-07-26 19:41:22",130
"2018-07-26 20:41:22",130
"2018-07-26 21:41:20",130
"2018-07-26 22:41:21",130
"2018-07-26 23:41:21",130
"2018-07-27 00:41:21",130
"2018-07-27 01:41:21",130
"2018-07-27 02:41:20",130
"2018-07-27 03:41:22",130
"2018-07-27 04:41:22",130
"2018-07-27 05:41:21",130
"2018-07-27 06:41:22",130
"2018-07-27 07:41:22",130
"2018-07-27 08:41:21",130
"2018-07-27 09:41:21",130
"2018-07-27 10:41:21",130
"2018-07-27 11:41:20",130
"2018-07-27 12:41:21",130
"2018-07-27 13:41:25",130
"2018-07-27 14:41:22",130
"2018-07-27 15:41:21",130
"2018-07-27 16:41:22",130
"2018-07-27 17:41:21",130
"2018-07-27 18:41:22",130
"2018-07-27 19:41:21",130
"2018-07-27 20:41:21",130
"2018-07-27 21:41:21",130
"2018-07-27 22:41:20",130
"2018-07-27 23:41:21",130
"2018-07-28 00:41:21",130
"2018-07-28 01:41:21",130
"2018-07-28 02:41:21",130
"2018-07-28 03:41:21",130
"2018-07-28 04:41:20",130
"2018-07-28 05:41:21",130
"2018-07-28 06:41:21",130
"2018-07-28 07:41:20",130
"2018-07-28 08:41:21",130
"2018-07-28 09:41:21",130
"2018-07-28 10:41:20",130
"2018-07-28 11:41:21",130
"2018-07-28 12:41:20",130
"2018-07-28 13:41:21",130
"2018-07-28 14:41:20",130
"2018-07-28 15:41:22",130
"2018-07-28 16:41:21",130
"2018-07-28 17:41:21",130
"2018-07-28 18:41:22",130
"2018-07-28 19:41:29",130
"2018-07-28 20:41:23",130
"2018-07-28 21:41:21",130
"2018-07-28 22:41:21",130
"2018-07-28 23:41:22",130
"2018-07-29 00:41:21",130
"2018-07-29 01:41:22",130
"2018-07-29 02:41:21",130
"2018-07-29 03:41:20",130
"2018-07-29 04:41:22",130
"2018-07-29 05:41:22",130
"2018-07-29 06:41:21",130
"2018-07-29 07:41:21",130
"2018-07-29 08:41:21",130
"2018-07-29 09:41:21",130
"2018-07-29 10:41:21",130
"2018-07-29 11:41:21",130
"2018-07-29 12:41:21",130
"2018-07-29 13:41:21",130
"2018-07-29 14:41:21",130
"2018-07-29 15:41:20",130
"2018-07-29 16:41:22",130
"2018-07-29 17:41:21",130
"2018-07-29 18:41:21",130
"2018-07-29 19:41:21",130
"2018-07-29 20:41:21",130
"2018-07-29 21:41:22",130
"2018-07-29 22:41:22",130
"2018-07-29 23:41:22",130
"2018-07-30 00:41:21",130
"2018-07-30 01:41:21",130
"2018-07-30 02:41:20",130
"2018-07-30 03:41:22",130
"2018-07-30 04:41:21",130
"2018-07-30 05:41:21",130
"2018-07-30 06:41:20",130
"2018-07-30 07:41:21",130
"2018-07-30 08:41:21",130
"2018-07-30 09:41:21",130
"2018-07-30 10:41:20",130
"2018-07-30 11:41:21",130
"2018-07-30 12:41:21",130
"2018-07-30 13:41:26",130
"2018-07-30 14:41:24",130
"2018-07-30 15:41:22",131
"2018-07-30 16:41:22",131
"2018-07-30 17:41:23",131
"2018-07-30 18:41:21",131
"2018-07-30 19:41:23",131
"2018-07-30 20:41:21",131
"2018-07-30 21:41:22",131
"2018-07-30 22:41:23",131
"2018-07-30 23:41:22",131
"2018-07-31 00:41:23",131
"2018-07-31 01:41:22",131
"2018-07-31 02:41:22",131
"2018-07-31 03:41:22",131
"2018-07-31 04:41:22",131
"2018-07-31 05:41:23",131
"2018-07-31 06:41:22",131
"2018-07-31 07:41:23",131
"2018-07-31 08:41:34",131
"2018-07-31 09:48:18",131
"2018-07-31 10:41:22",131
"2018-07-31 11:41:22",131
"2018-07-31 12:41:21",131
"2018-07-31 13:41:25",131
"2018-07-31 14:41:23",131
"2018-07-31 15:41:22",131
"2018-07-31 16:41:22",131
"2018-07-31 17:41:22",131
"2018-07-31 18:41:22",131
"2018-07-31 19:41:23",132
"2018-07-31 20:41:22",133
"2018-07-31 21:41:22",133
"2018-07-31 22:41:22",133
"2018-07-31 23:41:23",133
"2018-08-01 00:41:23",133
"2018-08-01 01:41:22",133
"2018-08-01 02:41:22",133
"2018-08-01 03:41:22",133
"2018-08-01 04:41:22",133
"2018-08-01 05:41:22",133
"2018-08-01 06:41:22",133
"2018-08-01 07:41:22",133
"2018-08-01 08:41:22",133
"2018-08-01 09:41:22",133
"2018-08-01 10:41:21",133
"2018-08-01 11:41:22",133
"2018-08-01 12:41:22",133
"2018-08-01 14:06:27",133
"2018-08-01 14:41:22",133
"2018-08-01 15:41:23",133
"2018-08-01 16:41:23",134
"2018-08-01 17:41:23",134
"2018-08-01 18:41:22",134
"2018-08-01 19:41:24",134
"2018-08-01 20:41:22",134
"2018-08-01 21:41:22",134
"2018-08-01 22:41:22",134
"2018-08-01 23:41:22",134
"2018-08-02 00:41:23",134
"2018-08-02 01:41:22",134
"2018-08-02 02:41:22",134
"2018-08-02 03:41:22",134
"2018-08-02 04:41:23",134
"2018-08-02 05:41:22",134
"2018-08-02 06:41:22",134
"2018-08-02 07:41:22",134
"2018-08-02 08:41:22",134
"2018-08-02 09:41:22",134
"2018-08-02 10:41:22",134
"2018-08-02 11:41:22",134
"2018-08-02 12:41:22",134
"2018-08-02 13:41:23",134
"2018-08-02 14:41:23",135
"2018-08-02 15:41:24",136
"2018-08-02 16:41:22",135
"2018-08-02 17:41:22",135
"2018-08-02 18:41:22",135
"2018-08-02 19:41:23",136
"2018-08-02 20:41:23",137
"2018-08-02 21:41:22",137
"2018-08-02 22:41:22",137
"2018-08-02 23:41:22",137
"2018-08-03 00:41:22",137
"2018-08-03 01:41:23",137
"2018-08-03 02:41:23",137
"2018-08-03 03:41:22",137
"2018-08-03 04:41:22",137
"2018-08-03 05:41:22",137
"2018-08-03 06:41:23",137
"2018-08-03 07:41:22",137
"2018-08-03 08:41:22",137
"2018-08-03 09:41:22",137
"2018-08-03 10:41:22",137
"2018-08-03 11:42:23",137
"2018-08-03 13:06:21",137
"2018-08-03 13:41:23",137
"2018-08-03 14:41:23",135
"2018-08-03 15:41:22",134
"2018-08-03 16:41:23",134
"2018-08-03 17:41:22",133
"2018-08-03 18:41:22",133
"2018-08-03 19:41:22",134
"2018-08-03 20:41:22",135
"2018-08-03 21:41:23",135
"2018-08-03 22:41:23",135
"2018-08-03 23:41:23",135
"2018-08-04 00:41:23",135
"2018-08-04 01:41:22",135
"2018-08-04 02:41:23",135
"2018-08-04 03:41:23",135
"2018-08-04 04:41:23",135
"2018-08-04 05:41:23",135
"2018-08-04 06:41:23",135
"2018-08-04 07:41:24",135
"2018-08-04 08:41:23",135
"2018-08-04 09:41:23",135
"2018-08-04 10:41:23",135
"2018-08-04 11:41:23",135
"2018-08-04 12:41:23",135
"2018-08-04 13:41:24",135
"2018-08-04 14:41:23",135
"2018-08-04 15:41:23",135
"2018-08-04 16:41:23",135
"2018-08-04 17:41:23",135
"2018-08-04 18:41:23",135
"2018-08-04 19:41:24",135
"2018-08-04 20:41:23",135
"2018-08-04 21:41:23",135
"2018-08-04 22:41:22",135
"2018-08-04 23:41:24",135
"2018-08-05 00:41:22",135
"2018-08-05 01:41:23",135
"2018-08-05 02:41:23",135
"2018-08-05 03:41:23",135
"2018-08-05 04:41:22",135
"2018-08-05 05:41:23",135
"2018-08-05 06:41:23",135
"2018-08-05 07:41:23",135
"2018-08-05 08:41:23",135
"2018-08-05 09:41:22",135
"2018-08-05 10:41:23",135
"2018-08-05 11:41:23",135
"2018-08-05 12:41:23",135
"2018-08-05 13:41:22",135
"2018-08-05 14:41:23",135
"2018-08-05 15:41:23",135
"2018-08-05 16:41:24",135
"2018-08-05 17:41:23",135
"2018-08-05 18:41:23",135
"2018-08-05 19:41:23",135
"2018-08-05 20:41:23",135
"2018-08-05 21:41:23",135
"2018-08-05 22:41:22",135
"2018-08-05 23:41:23",135
"2018-08-06 00:41:23",135
"2018-08-06 01:41:22",135
"2018-08-06 02:41:23",135
"2018-08-06 03:41:23",135
"2018-08-06 04:41:23",135
"2018-08-06 05:41:23",135
"2018-08-06 06:41:23",135
"2018-08-06 07:41:23",135
"2018-08-06 08:41:23",135
"2018-08-06 09:41:23",135
"2018-08-06 10:41:22",135
"2018-08-06 11:41:21",135
"2018-08-06 12:41:23",135
"2018-08-06 13:41:24",135
"2018-08-06 14:41:24",138
"2018-08-06 15:41:23",137
"2018-08-06 16:41:38",138
"2018-08-06 17:41:25",138
"2018-08-06 18:41:24",139
"2018-08-06 19:41:23",139
"2018-08-06 20:41:23",139
"2018-08-06 21:41:25",139
"2018-08-06 22:41:23",139
"2018-08-06 23:41:24",139
"2018-08-07 00:41:24",139
"2018-08-07 01:41:24",139
"2018-08-07 02:41:24",139
"2018-08-07 03:41:24",139
"2018-08-07 04:41:24",139
"2018-08-07 05:41:24",139
"2018-08-07 06:41:23",139
"2018-08-07 07:41:23",139
"2018-08-07 08:41:23",139
"2018-08-07 09:41:23",139
"2018-08-07 10:41:23",139
"2018-08-07 11:41:23",139
"2018-08-07 12:41:24",139
"2018-08-07 13:41:26",139
"2018-08-07 14:41:23",138
"2018-08-07 15:41:23",137
"2018-08-07 16:41:23",137
"2018-08-07 17:41:24",137
"2018-08-07 18:41:24",137
"2018-08-07 19:41:24",136
"2018-08-07 20:41:23",136
"2018-08-07 21:41:23",136
"2018-08-07 22:41:24",136
"2018-08-07 23:41:23",136
"2018-08-08 00:41:23",136
"2018-08-08 01:41:25",136
"2018-08-08 02:41:24",136
"2018-08-08 03:41:24",136
"2018-08-08 04:41:23",136
"2018-08-08 05:41:24",136
"2018-08-08 06:41:23",136
"2018-08-08 07:41:24",136
"2018-08-08 08:41:24",136
"2018-08-08 09:41:24",136
"2018-08-08 10:41:23",136
"2018-08-08 11:41:23",136
"2018-08-08 12:41:24",136
"2018-08-08 13:41:24",136
"2018-08-08 14:41:24",134
"2018-08-08 15:41:25",135
"2018-08-08 16:41:24",136
"2018-08-08 17:41:23",136
"2018-08-08 18:41:23",136
"2018-08-08 19:41:23",136
"2018-08-08 20:41:23",136
"2018-08-08 21:41:23",136
"2018-08-08 22:41:23",136
"2018-08-08 23:41:23",136
"2018-08-10 00:19:40",133
"2018-08-10 00:41:25",133
"2018-08-10 01:41:25",133
"2018-08-10 02:41:25",133
"2018-08-10 03:41:23",133
"2018-08-10 04:41:24",133
"2018-08-10 05:41:28",133
"2018-08-10 06:41:27",133
"2018-08-10 07:41:28",133
"2018-08-10 08:41:28",133
"2018-08-10 09:41:27",133
"2018-08-10 10:41:27",133
"2018-08-10 11:41:27",133
"2018-08-10 12:41:26",133
"2018-08-10 13:41:29",133
"2018-08-10 14:41:28",133
"2018-08-10 15:41:28",133
"2018-08-10 16:41:28",132
"2018-08-10 17:41:27",132
"2018-08-10 18:41:27",132
"2018-08-10 19:41:27",131
"2018-08-10 20:41:27",133
"2018-08-10 21:41:28",133
"2018-08-10 22:41:26",133
"2018-08-10 23:41:28",133
"2018-08-11 00:41:27",133
"2018-08-11 01:41:27",133
"2018-08-11 02:41:28",133
"2018-08-11 03:41:27",133
"2018-08-11 04:41:27",133
"2018-08-11 05:41:28",133
"2018-08-11 06:41:27",133
"2018-08-11 07:41:27",133
"2018-08-11 08:41:26",133
"2018-08-11 09:41:27",133
"2018-08-11 10:41:27",133
"2018-08-11 11:41:27",133
"2018-08-11 12:41:27",133
"2018-08-11 13:41:27",133
"2018-08-11 14:41:27",133
"2018-08-11 15:41:27",133
"2018-08-11 16:41:27",133
"2018-08-11 17:41:27",133
"2018-08-11 18:41:27",133
"2018-08-11 19:41:27",133
"2018-08-11 20:41:27",133
"2018-08-11 21:41:27",133
"2018-08-11 22:41:27",133
"2018-08-11 23:41:28",133
"2018-08-12 00:41:27",133
"2018-08-12 01:41:27",133
"2018-08-12 02:41:27",133
"2018-08-12 03:41:27",133
"2018-08-12 04:41:27",133
"2018-08-12 05:41:27",133
"2018-08-12 06:41:26",133
"2018-08-12 07:41:26",133
"2018-08-12 08:41:27",133
"2018-08-12 09:41:26",133
"2018-08-12 10:41:26",133
"2018-08-12 11:41:27",133
"2018-08-12 12:41:27",133
"2018-08-12 13:41:28",133
"2018-08-12 14:41:28",133
"2018-08-12 15:41:28",133
"2018-08-12 16:41:28",133
"2018-08-12 17:41:27",133
"2018-08-12 18:41:27",133
"2018-08-12 19:41:28",133
"2018-08-12 20:41:28",133
"2018-08-12 21:41:27",133
"2018-08-12 22:41:27",133
"2018-08-12 23:41:27",133
"2018-08-13 00:41:27",133
"2018-08-13 01:41:27",133
"2018-08-13 02:41:28",133
"2018-08-13 03:41:27",133
"2018-08-13 04:41:28",133
"2018-08-13 05:41:27",133
"2018-08-13 06:41:27",133
"2018-08-13 07:41:27",133
"2018-08-13 08:41:28",133
"2018-08-13 09:41:28",133
"2018-08-13 10:41:27",133
"2018-08-13 11:41:27",133
"2018-08-13 12:41:27",133
"2018-08-13 13:41:30",132
"2018-08-13 14:41:29",147
"2018-08-13 15:41:30",160
"2018-08-13 16:41:29",168
"2018-08-13 17:41:28",171
"2018-08-13 18:41:29",173
"2018-08-13 19:41:29",176
"2018-08-13 20:41:28",177
"2018-08-13 21:41:29",177
"2018-08-13 22:41:28",178
"2018-08-13 23:41:29",178
"2018-08-14 00:41:28",178
"2018-08-14 01:41:29",178
"2018-08-14 02:41:28",178
"2018-08-14 03:41:28",178
"2018-08-14 04:41:29",178
"2018-08-14 05:41:28",178
"2018-08-14 06:41:29",178
"2018-08-14 07:41:29",178
"2018-08-14 08:41:28",178
"2018-08-14 09:41:28",178
"2018-08-14 10:41:28",178
"2018-08-14 11:41:27",178
"2018-08-14 12:41:28",178
"2018-08-14 13:41:30",178
"2018-08-14 14:41:29",181
"2018-08-14 15:41:29",179
"2018-08-14 16:41:28",174
"2018-08-14 17:41:28",170
"2018-08-14 18:41:29",168
"2018-08-14 19:41:29",168
"2018-08-14 20:41:29",165
"2018-08-14 21:41:28",163
"2018-08-14 22:41:29",163
"2018-08-14 23:41:28",163
"2018-08-15 00:41:28",163
"2018-08-15 01:41:29",163
"2018-08-15 02:41:29",163
"2018-08-15 03:41:29",163
"2018-08-15 04:41:29",163
"2018-08-15 05:41:28",163
"2018-08-15 06:41:29",163
"2018-08-15 07:41:28",163
"2018-08-15 08:41:28",163
"2018-08-15 09:41:28",163
"2018-08-15 10:41:29",163
"2018-08-15 11:41:28",163
"2018-08-15 12:41:28",163
"2018-08-15 14:07:02",158
"2018-08-15 14:41:29",158
"2018-08-15 15:41:29",158
"2018-08-15 16:41:30",157
"2018-08-15 17:41:28",157
"2018-08-15 18:41:27",158
"2018-08-15 19:41:28",158
"2018-08-15 20:41:28",158
"2018-08-15 21:41:28",158
"2018-08-15 22:41:28",158
"2018-08-15 23:41:29",158
"2018-08-16 00:41:29",158
"2018-08-16 01:41:28",158
"2018-08-16 02:41:29",158
"2018-08-16 03:41:30",158
"2018-08-16 04:41:29",158
"2018-08-16 05:41:28",158
"2018-08-16 06:41:28",158
"2018-08-16 07:41:29",158
"2018-08-16 08:41:28",158
"2018-08-16 09:41:28",158
"2018-08-16 10:41:28",158
"2018-08-16 11:41:27",158
"2018-08-16 12:41:27",158
"2018-08-16 13:41:29",158
"2018-08-16 14:41:28",158
"2018-08-16 15:41:29",158
"2018-08-16 16:41:28",160
"2018-08-16 17:41:28",160
"2018-08-16 18:41:27",159
"2018-08-16 19:41:28",159
"2018-08-16 20:41:28",160
"2018-08-16 21:41:28",160
"2018-08-16 22:41:27",160
"2018-08-16 23:41:27",160
"2018-08-17 00:41:27",160
"2018-08-17 01:41:27",160
"2018-08-17 02:41:28",160
"2018-08-17 03:41:28",160
"2018-08-17 04:41:28",160
"2018-08-17 05:41:27",160
"2018-08-17 06:41:27",160
"2018-08-17 07:41:27",160
"2018-08-17 08:41:28",160
"2018-08-17 09:41:27",160
"2018-08-17 10:41:27",160
"2018-08-17 11:41:27",160
"2018-08-17 12:41:27",160
"2018-08-17 13:41:28",160
"2018-08-17 14:41:28",161
"2018-08-17 15:41:29",161
"2018-08-17 16:41:27",161
"2018-08-17 17:41:27",160
"2018-08-17 18:41:27",160
"2018-08-17 19:41:28",161
"2018-08-17 20:41:27",158
"2018-08-17 21:41:27",158
"2018-08-17 22:41:28",158
"2018-08-17 23:41:27",158
"2018-08-18 00:41:28",158
"2018-08-18 01:41:28",158
"2018-08-18 02:41:28",158
"2018-08-18 03:41:28",158
"2018-08-18 04:41:28",158
"2018-08-18 05:41:27",158
"2018-08-18 06:41:28",158
"2018-08-18 07:41:27",158
"2018-08-18 08:41:27",158
"2018-08-18 09:41:27",158
"2018-08-18 10:41:26",158
"2018-08-18 11:41:27",158
"2018-08-18 12:41:28",158
"2018-08-18 13:41:28",158
"2018-08-18 14:41:28",158
"2018-08-18 15:41:28",158
"2018-08-18 16:41:28",158
"2018-08-18 17:41:28",158
"2018-08-18 18:41:27",158
"2018-08-18 19:41:27",158
"2018-08-18 20:41:28",158
"2018-08-18 21:41:27",158
"2018-08-18 22:41:27",158
"2018-08-18 23:41:27",158
"2018-08-19 00:41:27",158
"2018-08-19 01:41:27",158
"2018-08-19 02:41:27",158
"2018-08-19 03:41:27",158
"2018-08-19 04:41:28",158
"2018-08-19 05:41:27",158
"2018-08-19 06:41:27",158
"2018-08-19 07:41:27",158
"2018-08-19 08:41:28",158
"2018-08-19 09:41:27",158
"2018-08-19 10:41:27",158
"2018-08-19 11:41:27",158
"2018-08-19 12:41:28",158
"2018-08-19 13:41:27",158
"2018-08-19 14:41:27",158
"2018-08-19 15:41:28",158
"2018-08-19 16:41:27",158
"2018-08-19 17:41:28",158
"2018-08-19 18:41:28",158
"2018-08-19 19:41:27",158
"2018-08-19 20:41:27",158
"2018-08-19 21:41:28",158
"2018-08-19 22:41:27",158
"2018-08-19 23:41:27",158
"2018-08-20 00:41:28",158
"2018-08-20 01:41:28",158
"2018-08-20 02:41:27",158
"2018-08-20 03:41:27",158
"2018-08-20 04:41:27",158
"2018-08-20 05:41:27",158
"2018-08-20 06:41:28",158
"2018-08-20 07:41:27",158
"2018-08-20 08:41:31",158
"2018-08-20 09:41:27",158
"2018-08-20 10:41:27",158
"2018-08-20 11:41:28",158
"2018-08-20 12:41:27",158
"2018-08-20 13:41:29",158
"2018-08-20 14:41:30",156
"2018-08-20 15:41:28",155
"2018-08-20 16:41:28",154
"2018-08-20 17:41:27",154
"2018-08-20 18:41:28",156
"2018-08-20 19:41:28",156
"2018-08-20 20:41:27",156
"2018-08-20 21:41:27",156
"2018-08-20 22:41:28",156
"2018-08-20 23:41:27",156
"2018-08-21 00:41:27",156
"2018-08-21 01:41:28",156
"2018-08-21 02:41:28",156
"2018-08-21 03:41:28",156
"2018-08-21 04:41:27",156
"2018-08-21 05:41:27",156
"2018-08-21 06:41:28",156
"2018-08-21 07:41:26",156
"2018-08-21 08:41:28",156
"2018-08-21 09:41:27",156
"2018-08-21 10:41:28",156
"2018-08-21 11:41:27",156
"2018-08-21 12:41:28",156
"2018-08-21 13:41:29",156
"2018-08-21 14:41:28",154
"2018-08-21 15:41:28",153
"2018-08-21 16:41:27",152
"2018-08-21 17:41:26",152
"2018-08-21 18:41:27",151
"2018-08-21 19:41:27",151
"2018-08-21 20:41:27",152
"2018-08-21 21:41:26",152
"2018-08-21 22:41:27",152
"2018-08-21 23:41:27",152
"2018-08-22 00:41:26",152
"2018-08-22 01:41:27",152
"2018-08-22 02:41:27",152
"2018-08-22 03:41:27",152
"2018-08-22 04:41:27",152
"2018-08-22 05:41:26",152
"2018-08-22 06:41:27",152
"2018-08-22 07:41:27",152
"2018-08-22 08:41:26",152
"2018-08-22 09:41:27",152
"2018-08-22 10:41:27",152
"2018-08-22 11:41:27",152
"2018-08-22 12:41:26",152
"2018-08-22 13:41:30",152
"2018-08-22 14:41:26",154
"2018-08-22 15:41:27",154
"2018-08-22 16:41:27",153
"2018-08-22 17:41:26",153
"2018-08-22 18:41:27",153
"2018-08-22 19:41:27",152
"2018-08-22 20:41:25",151
"2018-08-22 21:41:26",151
"2018-08-22 22:41:27",151
"2018-08-22 23:41:27",151
"2018-08-23 00:41:26",151
"2018-08-23 01:41:27",151
"2018-08-23 02:41:27",151
"2018-08-23 03:41:27",151
"2018-08-23 04:41:27",151
"2018-08-23 05:41:26",151
"2018-08-23 06:41:26",151
"2018-08-23 07:41:27",151
"2018-08-23 08:41:26",151
"2018-08-23 09:41:26",151
"2018-08-23 10:41:26",151
"2018-08-23 11:41:26",151
"2018-08-23 12:41:27",151
"2018-08-23 13:41:29",151
"2018-08-23 14:41:27",150
"2018-08-23 15:41:28",152
"2018-08-23 16:41:28",152
"2018-08-23 17:41:26",152
"2018-08-23 18:41:27",152
"2018-08-23 19:41:28",152
"2018-08-23 20:41:28",152
"2018-08-23 21:41:27",152
"2018-08-23 22:41:27",152
"2018-08-23 23:41:28",152
"2018-08-24 00:41:28",152
"2018-08-24 01:41:28",152
"2018-08-24 02:41:27",152
"2018-08-24 03:41:27",152
"2018-08-24 19:59:46",143
"2018-08-24 20:41:28",143
"2018-08-24 21:41:28",143
"2018-08-24 22:41:28",143
"2018-08-24 23:41:27",143
"2018-08-25 00:41:28",143
"2018-08-25 01:41:28",143
"2018-08-25 02:41:28",143
"2018-08-25 03:41:28",143
"2018-08-25 04:41:28",143
"2018-08-25 05:41:28",143
"2018-08-25 06:41:28",143
"2018-08-25 07:41:27",143
"2018-08-25 08:41:28",143
"2018-08-25 09:41:27",143
"2018-08-25 10:41:28",143
"2018-08-25 11:41:27",143
"2018-08-25 12:41:28",143
"2018-08-25 13:41:28",143
"2018-08-25 14:41:28",143
"2018-08-25 15:41:28",143
"2018-08-25 16:41:28",143
"2018-08-25 17:41:29",143
"2018-08-25 18:41:28",143
"2018-08-25 19:41:28",143
"2018-08-25 20:41:28",143
"2018-08-25 21:41:28",143
"2018-08-25 22:41:28",143
"2018-08-25 23:41:28",143
"2018-08-26 00:41:28",143
"2018-08-26 01:41:28",143
"2018-08-26 02:41:28",143
"2018-08-26 03:41:28",143
"2018-08-26 04:41:27",143
"2018-08-26 05:41:27",143
"2018-08-26 06:41:28",143
"2018-08-26 07:41:28",143
"2018-08-26 08:41:27",143
"2018-08-26 09:41:27",143
"2018-08-26 10:41:28",143
"2018-08-26 11:41:28",143
"2018-08-26 12:41:28",143
"2018-08-26 13:41:28",143
"2018-08-26 14:41:27",143
"2018-08-26 15:41:27",143
"2018-08-26 16:41:28",143
"2018-08-26 17:41:27",143
"2018-08-26 18:41:27",143
"2018-08-26 19:41:27",143
"2018-08-26 20:41:28",143
"2018-08-26 21:41:27",143
"2018-08-26 22:41:27",143
"2018-08-26 23:41:28",143
"2018-08-27 00:41:28",143
"2018-08-27 01:41:28",143
"2018-08-27 02:41:28",143
"2018-08-27 03:41:28",143
"2018-08-27 04:41:28",143
"2018-08-27 05:41:28",143
"2018-08-27 06:41:28",143
"2018-08-27 07:41:27",143
"2018-08-27 08:41:28",143
"2018-08-27 09:41:27",143
"2018-08-27 10:41:28",143
"2018-08-27 11:41:27",143
"2018-08-27 12:41:28",143
"2018-08-27 14:05:30",146
"2018-08-27 14:41:28",146
"2018-08-27 15:41:28",146
"2018-08-27 16:41:28",146
"2018-08-27 17:41:28",147
"2018-08-27 18:41:28",147
"2018-08-27 19:41:29",147
"2018-08-27 20:41:28",147
"2018-08-27 21:41:28",147
"2018-08-27 22:41:28",147
"2018-08-27 23:41:28",147
"2018-08-28 00:41:28",147
"2018-08-28 01:41:28",147
"2018-08-28 02:41:27",147
"2018-08-28 03:41:27",147
"2018-08-28 04:41:28",147
"2018-08-28 05:41:27",147
"2018-08-28 06:41:28",147
"2018-08-28 07:41:27",147
"2018-08-28 08:41:27",147
"2018-08-28 09:41:28",147
"2018-08-28 10:41:28",147
"2018-08-28 11:41:28",147
"2018-08-28 12:41:28",147
"2018-08-28 13:41:41",147
"2018-08-28 14:41:39",147
"2018-08-28 15:41:40",146
"2018-08-28 16:41:40",147
"2018-08-28 17:41:40",147
"2018-08-28 18:41:41",147
"2018-08-28 19:41:39",147
"2018-08-28 20:41:39",147
"2018-08-28 21:41:39",147
"2018-08-28 22:41:40",147
"2018-08-28 23:41:39",147
"2018-08-29 00:41:40",147
"2018-08-29 01:41:40",147
"2018-08-29 02:41:39",147
"2018-08-29 03:41:39",147
"2018-08-29 04:41:39",147
"2018-08-29 05:41:39",147
"2018-08-29 06:41:38",147
"2018-08-29 07:41:39",147
"2018-08-29 08:41:39",147
"2018-08-29 09:41:38",147
"2018-08-29 10:41:39",147
"2018-08-29 11:41:39",147
"2018-08-29 12:41:39",147
"2018-08-29 14:05:15",148
"2018-08-29 14:41:40",148
"2018-08-29 15:41:39",149
"2018-08-29 16:41:39",150
"2018-08-29 17:41:40",150
"2018-08-29 18:41:41",148
"2018-08-29 19:41:40",148
"2018-08-29 20:41:39",147
"2018-08-29 21:41:39",147
"2018-08-29 22:41:39",147
"2018-08-29 23:41:39",147
"2018-08-30 00:42:25",147
"2018-08-30 01:41:39",147
"2018-08-30 02:41:39",147
"2018-08-30 03:41:40",147
"2018-08-30 04:41:39",147
"2018-08-30 05:41:39",147
"2018-08-30 06:41:39",147
"2018-08-30 07:41:39",147
"2018-08-30 08:41:43",147
"2018-08-30 09:41:39",147
"2018-08-30 10:41:40",147
"2018-08-30 11:41:39",147
"2018-08-30 12:41:39",147
"2018-08-30 13:41:42",147
"2018-08-30 14:41:40",145
"2018-08-30 15:41:39",145
"2018-08-30 16:41:39",146
"2018-08-30 17:41:39",145
"2018-08-30 18:41:40",144
"2018-08-30 19:41:40",143
"2018-08-30 20:41:38",145
"2018-08-30 21:41:39",145
"2018-08-30 22:41:39",145
"2018-08-30 23:41:39",145
"2018-08-31 00:41:40",145
"2018-08-31 01:41:39",145
"2018-08-31 02:41:39",145
"2018-08-31 03:41:39",145
"2018-08-31 04:41:39",145
"2018-08-31 05:41:39",145
"2018-08-31 06:41:40",145
"2018-08-31 07:41:39",145
"2018-08-31 08:41:39",145
"2018-08-31 09:41:40",145
"2018-08-31 10:41:39",145
"2018-08-31 11:41:40",145
"2018-08-31 12:41:40",145
"2018-08-31 13:41:41",145
"2018-08-31 14:41:39",148
"2018-08-31 15:41:40",150
"2018-08-31 16:41:39",150
"2018-08-31 17:41:39",148
"2018-08-31 18:41:40",148
"2018-08-31 19:41:40",149
"2018-08-31 20:41:41",150
"2018-08-31 21:41:39",150
"2018-08-31 22:41:39",150
"2018-08-31 23:41:39",150
"2018-09-01 00:41:39",150
"2018-09-01 01:41:39",150
"2018-09-01 02:41:39",150
"2018-09-01 03:41:39",150
"2018-09-01 04:41:40",150
"2018-09-01 05:41:40",150
"2018-09-01 06:41:39",150
"2018-09-01 07:41:39",150
"2018-09-01 08:41:39",150
"2018-09-01 09:41:39",150
"2018-09-01 10:41:39",150
"2018-09-01 11:41:39",150
"2018-09-01 12:41:39",150
"2018-09-01 13:41:40",150
"2018-09-01 14:41:40",150
"2018-09-01 15:41:39",150
"2018-09-01 16:41:39",150
"2018-09-01 17:41:38",150
"2018-09-01 18:41:40",150
"2018-09-01 19:41:39",150
"2018-09-01 20:41:39",150
"2018-09-01 21:41:39",150
"2018-09-01 22:41:40",150
"2018-09-01 23:41:39",150
"2018-09-02 00:41:39",150
"2018-09-02 01:41:39",150
"2018-09-02 02:41:39",150
"2018-09-02 03:41:40",150
"2018-09-02 04:41:39",150
"2018-09-02 05:41:40",150
"2018-09-02 06:41:39",150
"2018-09-02 07:41:39",150
"2018-09-02 08:41:39",150
"2018-09-02 09:41:38",150
"2018-09-02 10:41:38",150
"2018-09-02 11:41:40",150
"2018-09-02 12:41:39",150
"2018-09-02 13:41:40",150
"2018-09-02 14:41:40",150
"2018-09-02 15:41:40",150
"2018-09-02 16:41:40",150
"2018-09-02 17:41:40",150
"2018-09-02 18:41:39",150
"2018-09-02 19:41:39",150
"2018-09-02 20:41:39",150
"2018-09-02 21:41:39",150
"2018-09-02 22:41:40",150
"2018-09-02 23:41:40",150
"2018-09-03 00:41:39",150
"2018-09-03 01:41:40",150
"2018-09-03 02:41:40",150
"2018-09-03 03:41:39",150
"2018-09-03 04:41:40",150
"2018-09-03 05:41:39",150
"2018-09-03 06:41:39",150
"2018-09-03 07:41:39",150
"2018-09-03 08:41:43",150
"2018-09-03 09:41:40",150
"2018-09-03 10:41:39",150
"2018-09-03 11:41:40",150
"2018-09-03 12:41:38",150
"2018-09-03 13:41:39",150
"2018-09-03 14:41:39",150
"2018-09-03 15:41:38",150
"2018-09-03 16:41:39",150
"2018-09-03 17:41:39",150
"2018-09-03 18:41:40",150
"2018-09-03 19:41:38",150
"2018-09-03 20:41:40",150
"2018-09-03 21:41:38",150
"2018-09-03 22:41:39",150
"2018-09-03 23:41:38",150
"2018-09-04 00:41:39",150
"2018-09-04 01:41:40",150
"2018-09-04 02:41:39",150
"2018-09-04 03:41:39",150
"2018-09-04 04:41:39",150
"2018-09-04 05:41:39",150
"2018-09-04 06:41:39",150
"2018-09-04 07:41:40",150
"2018-09-04 08:41:40",150
"2018-09-04 09:41:39",150
"2018-09-04 10:41:40",150
"2018-09-04 11:41:38",150
"2018-09-04 12:41:39",150
"2018-09-04 13:41:42",150
"2018-09-04 14:41:40",151
"2018-09-04 15:41:40",151
"2018-09-04 16:41:40",151
"2018-09-04 17:41:40",151
"2018-09-04 18:41:40",150
"2018-09-04 19:41:41",149
"2018-09-04 20:41:40",149
"2018-09-04 21:41:39",149
"2018-09-04 22:41:40",149
"2018-09-04 23:41:39",149
"2018-09-05 00:41:39",149
"2018-09-05 01:41:40",149
"2018-09-05 02:41:40",149
"2018-09-05 03:41:38",149
"2018-09-05 04:41:39",149
"2018-09-05 05:41:39",149
"2018-09-05 06:41:39",149
"2018-09-05 07:41:40",149
"2018-09-05 08:41:39",149
"2018-09-05 09:41:39",149
"2018-09-05 10:41:39",149
"2018-09-05 11:41:43",149
"2018-09-05 12:41:38",149
"2018-09-05 13:41:45",149
"2018-09-05 14:41:41",147
"2018-09-05 15:41:40",147
"2018-09-05 16:41:40",147
"2018-09-05 17:41:40",148
"2018-09-05 18:41:41",148
"2018-09-05 19:41:40",148
"2018-09-05 20:41:39",149
"2018-09-05 21:41:39",149
"2018-09-05 22:41:39",149
"2018-09-05 23:41:40",149
"2018-09-06 00:41:39",149
"2018-09-06 01:41:39",149
"2018-09-06 02:41:39",149
"2018-09-06 03:41:40",149
"2018-09-06 04:41:40",149
"2018-09-06 05:41:40",149
"2018-09-06 06:41:39",149
"2018-09-06 07:41:38",149
"2018-09-06 08:41:40",149
"2018-09-06 09:41:39",149
"2018-09-06 10:41:39",149
"2018-09-06 11:41:39",149
"2018-09-06 13:06:42",149
"2018-09-06 13:41:44",149
"2018-09-06 14:41:39",146
"2018-09-06 15:41:40",146
"2018-09-06 16:41:40",146
"2018-09-06 17:41:40",147
"2018-09-06 18:41:39",147
"2018-09-06 19:41:40",147
"2018-09-06 20:41:39",147
"2018-09-06 21:41:38",147
"2018-09-06 22:41:39",147
"2018-09-06 23:41:40",147
"2018-09-07 00:41:39",147
"2018-09-07 01:41:39",147
"2018-09-07 02:41:40",147
"2018-09-07 03:41:39",147
"2018-09-07 04:41:39",147
"2018-09-07 05:41:41",147
"2018-09-07 06:41:41",147
"2018-09-07 08:41:40",147
"2018-09-07 09:41:40",147
"2018-09-07 10:41:41",147
"2018-09-07 11:41:40",147
"2018-09-07 12:41:39",147
"2018-09-07 13:41:42",147
"2018-09-07 14:41:39",146
"2018-09-07 15:41:40",147
"2018-09-07 16:41:41",148
"2018-09-07 17:41:40",148
"2018-09-07 18:41:39",149
"2018-09-07 19:41:39",148
"2018-09-07 20:41:39",147
"2018-09-07 21:41:39",147
"2018-09-07 22:41:39",147
"2018-09-07 23:41:39",147
"2018-09-08 00:41:40",147
"2018-09-08 01:41:39",147
"2018-09-08 02:41:40",147
"2018-09-08 03:41:39",147
"2018-09-08 04:41:39",147
"2018-09-08 05:41:39",147
"2018-09-08 06:41:40",147
"2018-09-08 07:41:39",147
"2018-09-08 08:41:38",147
"2018-09-08 09:41:38",147
"2018-09-08 10:41:38",147
"2018-09-08 11:41:38",147
"2018-09-08 12:41:40",147
"2018-09-08 13:41:40",147
"2018-09-08 14:41:39",147
"2018-09-08 15:41:39",147
"2018-09-08 16:41:39",147
"2018-09-08 17:41:39",147
"2018-09-08 18:41:39",147
"2018-09-08 19:41:39",147
"2018-09-08 20:41:39",147
"2018-09-08 21:41:39",147
"2018-09-08 22:41:39",147
"2018-09-08 23:41:40",147
"2018-09-09 00:41:39",147
"2018-09-09 01:41:40",147
"2018-09-09 02:41:40",147
"2018-09-09 03:41:39",147
"2018-09-09 04:41:39",147
"2018-09-09 05:41:39",147
"2018-09-09 06:41:39",147
"2018-09-09 07:41:39",147
"2018-09-09 08:41:40",147
"2018-09-09 09:41:39",147
"2018-09-09 10:41:39",147
"2018-09-09 11:41:40",147
"2018-09-09 12:41:39",147
"2018-09-09 13:41:40",147
"2018-09-09 14:41:40",147
"2018-09-09 15:41:39",147
"2018-09-09 16:41:39",147
"2018-09-09 17:41:39",147
"2018-09-09 18:41:39",147
"2018-09-09 19:41:39",147
"2018-09-09 20:41:39",147
"2018-09-09 21:41:39",147
"2018-09-09 22:41:38",147
"2018-09-09 23:41:39",147
"2018-09-10 00:41:39",147
"2018-09-10 01:41:41",147
"2018-09-10 02:41:40",147
"2018-09-10 03:41:40",147
"2018-09-10 04:41:40",147
"2018-09-10 05:41:39",147
"2018-09-10 06:41:39",147
"2018-09-10 07:41:38",147
"2018-09-10 08:41:38",147
"2018-09-10 09:41:39",147
"2018-09-10 10:41:39",147
"2018-09-10 11:41:39",147
"2018-09-10 12:41:40",147
"2018-09-10 13:41:43",147
"2018-09-10 14:41:41",145
"2018-09-10 15:41:41",145
"2018-09-10 16:41:42",145
"2018-09-10 17:41:41",145
"2018-09-10 18:41:41",145
"2018-09-10 19:41:40",145
"2018-09-10 20:41:41",146
"2018-09-10 21:41:39",146
"2018-09-10 22:41:41",146
"2018-09-10 23:41:40",146
"2018-09-11 00:41:41",146
"2018-09-11 01:41:41",146
"2018-09-11 02:41:41",146
"2018-09-11 03:41:41",146
"2018-09-11 04:41:40",146
"2018-09-11 05:41:41",146
"2018-09-11 06:41:41",146
"2018-09-11 07:41:41",146
"2018-09-11 08:41:40",146
"2018-09-11 09:41:40",146
"2018-09-11 10:41:40",146
"2018-09-11 11:41:40",146
"2018-09-11 12:41:40",146
"2018-09-11 13:41:43",146
"2018-09-11 14:41:41",147
"2018-09-11 15:41:40",147
"2018-09-11 16:41:40",145
"2018-09-11 17:41:41",144
"2018-09-11 18:41:41",144
"2018-09-11 19:41:41",144
"2018-09-11 20:41:40",144
"2018-09-11 21:41:40",144
"2018-09-11 22:41:39",144
"2018-09-11 23:41:41",144
"2018-09-12 00:41:41",144
"2018-09-12 01:41:41",144
"2018-09-12 20:41:41",143
"2018-09-12 21:41:40",143
"2018-09-12 22:41:40",143
"2018-09-12 23:41:40",143
"2018-09-13 00:41:40",143
"2018-09-13 01:41:40",143
"2018-09-13 02:41:44",143
"2018-09-13 03:41:40",143
"2018-09-13 04:41:40",143
"2018-09-13 05:41:40",143
"2018-09-13 06:41:40",143
"2018-09-13 07:41:40",143
"2018-09-13 08:41:40",143
"2018-09-13 09:41:39",143
"2018-09-13 10:41:40",143
"2018-09-13 11:41:39",143
"2018-09-13 12:41:40",143
"2018-09-13 14:41:41",144
"2018-09-13 15:41:41",143
"2018-09-13 16:41:41",142
"2018-09-13 17:41:40",142
"2018-09-13 18:41:41",142
"2018-09-13 19:41:41",141
"2018-09-13 20:41:40",141
"2018-09-13 21:41:39",141
"2018-09-13 22:41:40",140
"2018-09-13 23:41:40",140
"2018-09-14 00:41:41",140
"2018-09-14 01:41:40",140
"2018-09-14 02:41:40",140
"2018-09-14 03:41:40",140
"2018-09-14 04:41:41",140
"2018-09-14 05:41:41",140
"2018-09-14 06:41:40",140
"2018-09-14 07:41:40",140
"2018-09-14 08:41:40",140
"2018-09-14 09:41:41",140
"2018-09-14 10:41:41",140
"2018-09-14 11:41:40",140
"2018-09-14 12:41:41",140
"2018-09-14 13:41:45",140
"2018-09-14 14:41:44",139
"2018-09-14 15:41:44",139
"2018-09-14 16:41:41",140
"2018-09-14 17:41:42",140
"2018-09-14 18:41:42",140
"2018-09-14 19:41:41",138
"2018-09-14 20:41:41",138
"2018-09-14 21:41:41",138
"2018-09-14 22:41:41",138
"2018-09-14 23:41:41",138
"2018-09-15 00:41:42",138
"2018-09-15 01:41:42",138
"2018-09-15 02:41:42",138
"2018-09-15 03:41:41",138
"2018-09-15 04:41:41",138
"2018-09-15 05:41:41",138
"2018-09-15 06:41:40",138
"2018-09-15 07:41:42",138
"2018-09-15 08:41:40",138
"2018-09-15 09:41:41",138
"2018-09-15 10:41:41",138
"2018-09-15 11:41:41",138
"2018-09-15 12:41:42",138
"2018-09-15 13:41:42",138
"2018-09-15 14:41:41",138
"2018-09-15 15:41:41",138
"2018-09-15 16:41:41",138
"2018-09-15 17:41:40",138
"2018-09-15 18:41:40",138
"2018-09-15 19:41:41",138
"2018-09-15 20:41:42",138
"2018-09-15 21:41:41",138
"2018-09-15 22:41:41",138
"2018-09-15 23:41:40",138
"2018-09-16 00:41:41",138
"2018-09-16 01:41:41",138
"2018-09-16 02:41:42",138
"2018-09-16 03:41:41",138
"2018-09-16 04:41:42",138
"2018-09-16 05:41:41",138
"2018-09-16 06:41:42",138
"2018-09-16 07:41:41",138
"2018-09-16 08:41:41",138
"2018-09-16 09:41:41",138
"2018-09-16 10:41:41",138
"2018-09-16 11:41:41",138
"2018-09-16 12:41:41",138
"2018-09-16 13:41:41",138
"2018-09-16 14:41:41",138
"2018-09-16 15:41:42",138
"2018-09-16 16:41:42",138
"2018-09-16 17:41:41",138
"2018-09-16 18:41:42",138
"2018-09-16 19:41:40",138
"2018-09-16 20:41:41",138
"2018-09-16 21:41:41",138
"2018-09-16 22:41:41",138
"2018-09-16 23:41:41",138
"2018-09-17 00:41:42",138
"2018-09-17 01:41:41",138
"2018-09-17 02:41:41",138
"2018-09-17 03:41:41",138
"2018-09-17 04:41:41",138
"2018-09-17 05:41:41",138
"2018-09-17 06:41:41",138
"2018-09-17 07:41:41",138
"2018-09-17 08:41:42",138
"2018-09-17 09:41:41",138
"2018-09-17 10:41:42",138
"2018-09-17 11:41:41",138
"2018-09-17 12:41:40",138
"2018-09-17 13:41:45",138
"2018-09-17 14:41:42",139
"2018-09-17 15:41:47",139
"2018-09-17 16:41:42",140
"2018-09-17 17:41:41",140
"2018-09-17 18:41:41",140
"2018-09-17 19:41:41",139
"2018-09-17 20:41:41",140
"2018-09-17 21:41:41",140
"2018-09-17 22:41:41",140
"2018-09-17 23:41:41",140
"2018-09-18 00:41:41",140
"2018-09-18 01:41:41",140
"2018-09-18 02:41:41",140
"2018-09-18 03:41:41",140
"2018-09-18 04:41:42",140
"2018-09-18 05:41:41",140
"2018-09-18 06:41:42",140
"2018-09-18 07:41:41",140
"2018-09-18 08:41:41",140
"2018-09-18 09:41:40",140
"2018-09-18 10:41:40",140
"2018-09-18 11:41:40",140
"2018-09-18 12:41:41",140
"2018-09-18 13:41:43",140
"2018-09-18 14:41:42",140
"2018-09-18 15:41:41",139
"2018-09-18 16:41:43",139
"2018-09-18 17:41:43",139
"2018-09-18 18:41:42",139
"2018-09-18 19:41:43",139
"2018-09-18 20:41:41",139
"2018-09-18 21:41:41",139
"2018-09-18 22:41:41",139
"2018-09-18 23:41:42",139
"2018-09-19 00:41:42",139
"2018-09-19 01:41:41",139
"2018-09-19 02:41:42",139
"2018-09-19 03:41:41",139
"2018-09-19 04:41:41",139
"2018-09-19 05:41:41",139
"2018-09-19 06:41:42",139
"2018-09-19 07:41:41",139
"2018-09-19 08:41:41",139
"2018-09-19 09:41:41",139
"2018-09-19 10:41:41",139
"2018-09-19 11:41:40",139
"2018-09-19 12:41:41",139
"2018-09-19 13:42:21",139
"2018-09-19 14:41:45",139
"2018-09-19 15:41:44",139
"2018-09-19 16:41:42",140
"2018-09-19 17:41:42",140
"2018-09-19 18:41:42",140
"2018-09-19 19:41:48",138
"2018-09-19 20:41:41",138
"2018-09-19 21:41:41",138
"2018-09-19 22:41:41",138
"2018-09-19 23:41:41",138
"2018-09-20 00:41:42",138
"2018-09-20 01:41:43",138
"2018-09-20 02:41:42",138
"2018-09-20 03:41:46",138
"2018-09-20 04:41:42",138
"2018-09-20 05:41:42",138
"2018-09-20 06:41:42",138
"2018-09-20 07:41:40",138
"2018-09-20 08:41:43",138
"2018-09-20 09:41:41",138
"2018-09-20 10:41:42",138
"2018-09-20 11:41:41",138
"2018-09-20 13:07:46",138
"2018-09-20 14:41:45",138
"2018-09-20 15:41:43",138
"2018-09-20 16:41:43",138
"2018-09-20 17:41:41",138
"2018-09-20 18:41:42",138
"2018-09-20 19:41:42",138
"2018-09-20 20:41:42",138
"2018-09-20 21:41:41",138
"2018-09-20 22:41:41",138
"2018-09-20 23:41:42",138
"2018-09-21 00:41:43",138
"2018-09-21 01:41:42",138
"2018-09-21 02:41:42",138
"2018-09-21 03:41:42",138
"2018-09-21 04:41:44",138
"2018-09-21 05:41:42",138
"2018-09-21 06:41:41",138
"2018-09-21 07:41:42",138
"2018-09-21 08:41:41",138
"2018-09-21 09:41:41",138
"2018-09-21 10:41:41",138
"2018-09-21 11:41:41",138
"2018-09-21 13:09:16",138
"2018-09-21 13:41:46",138
"2018-09-21 14:41:43",138
"2018-09-21 15:41:45",140
"2018-09-21 16:41:44",139
"2018-09-21 17:41:43",139
"2018-09-21 18:41:43",139
"2018-09-21 19:41:44",138
"2018-09-21 20:41:42",138
"2018-09-21 21:41:42",138
"2018-09-21 22:41:41",138
"2018-09-21 23:41:43",138
"2018-09-22 00:41:42",138
"2018-09-22 01:41:42",138
"2018-09-22 02:41:42",138
"2018-09-22 03:41:42",138
"2018-09-22 04:41:43",138
"2018-09-22 05:41:43",138
"2018-09-22 06:41:42",138
"2018-09-22 07:41:42",138
"2018-09-22 08:41:41",138
"2018-09-22 09:41:42",138
"2018-09-22 10:41:42",138
"2018-09-22 11:41:42",138
"2018-09-22 12:41:42",138
"2018-09-22 13:41:43",138
"2018-09-22 14:41:42",138
"2018-09-22 15:41:43",138
"2018-09-22 16:41:42",138
"2018-09-22 17:41:43",138
"2018-09-22 18:41:43",138
"2018-09-22 19:41:43",138
"2018-09-22 20:41:42",138
"2018-09-22 21:41:42",138
"2018-09-22 22:41:42",138
"2018-09-22 23:41:42",138
"2018-09-23 00:41:43",138
"2018-09-23 01:41:43",138
"2018-09-23 02:41:42",138
"2018-09-23 03:41:43",138
"2018-09-23 04:41:43",138
"2018-09-23 05:41:42",138
"2018-09-23 06:41:42",138
"2018-09-23 07:41:43",138
"2018-09-23 08:41:42",138
"2018-09-23 09:41:42",138
"2018-09-23 10:41:42",138
"2018-09-23 11:41:43",138
"2018-09-23 12:41:42",138
"2018-09-23 13:41:43",138
"2018-09-23 14:41:43",138
"2018-09-23 15:41:43",138
"2018-09-23 16:41:43",138
"2018-09-23 17:41:42",138
"2018-09-23 18:41:42",138
"2018-09-23 19:41:42",138
"2018-09-23 20:41:42",138
"2018-09-23 21:41:43",138
"2018-09-23 22:41:43",138
"2018-09-23 23:41:43",138
"2018-09-24 00:41:42",138
"2018-09-24 01:41:43",138
"2018-09-24 02:41:42",138
"2018-09-24 03:41:42",138
"2018-09-24 04:41:43",138
"2018-09-24 05:41:42",138
"2018-09-24 06:41:42",138
"2018-09-24 07:41:43",138
"2018-09-24 08:41:42",138
"2018-09-24 09:41:42",138
"2018-09-24 10:41:41",138
"2018-09-24 11:41:43",138
"2018-09-24 12:41:42",138
"2018-09-24 13:41:46",138
"2018-09-24 14:41:43",138
"2018-09-24 15:41:42",138
"2018-09-24 16:41:42",138
"2018-09-24 17:41:43",138
"2018-09-24 18:41:42",138
"2018-09-24 19:41:44",138
"2018-09-24 20:41:43",138
"2018-09-24 21:41:42",138
"2018-09-24 22:41:43",138
"2018-09-24 23:41:43",138
"2018-09-25 00:41:43",138
"2018-09-25 01:41:42",138
"2018-09-25 02:41:41",138
"2018-09-25 03:41:42",138
"2018-09-25 04:41:43",138
"2018-09-25 05:41:42",138
"2018-09-25 06:41:42",138
"2018-09-25 07:41:42",138
"2018-09-25 08:41:43",138
"2018-09-25 09:41:42",138
"2018-09-25 10:41:42",138
"2018-09-25 11:41:43",138
"2018-09-25 12:41:43",138
"2018-09-25 13:41:45",138
"2018-09-25 14:41:44",138
"2018-09-25 15:41:43",139
"2018-09-25 16:41:44",139
"2018-09-25 17:41:42",140
"2018-09-25 18:41:43",140
"2018-09-25 19:41:42",139
"2018-09-25 20:41:43",139
"2018-09-25 21:41:43",139
"2018-09-25 22:41:43",139
"2018-09-25 23:41:43",139
"2018-09-26 00:41:43",139
"2018-09-26 01:41:44",139
"2018-09-26 02:41:44",139
"2018-09-26 03:41:44",139
"2018-09-26 04:41:43",139
"2018-09-26 05:41:43",139
"2018-09-26 06:41:43",139
"2018-09-26 07:41:43",139
"2018-09-26 08:41:43",139
"2018-09-26 09:41:43",139
"2018-09-26 10:41:42",139
"2018-09-26 11:41:42",139
"2018-09-26 13:08:17",139
"2018-09-26 13:41:47",139
"2018-09-26 14:41:43",142
"2018-09-26 15:41:44",143
"2018-09-26 16:41:44",143
"2018-09-26 17:41:42",143
"2018-09-26 18:41:45",145
"2018-09-26 19:41:44",145
"2018-09-26 20:41:43",146
"2018-09-26 21:41:43",146
"2018-09-26 22:41:42",146
"2018-09-26 23:41:43",146
"2018-09-27 00:41:43",146
"2018-09-27 01:41:42",146
"2018-09-27 02:41:43",146
"2018-09-27 03:41:43",146
"2018-09-27 04:41:42",146
"2018-09-27 05:41:42",146
"2018-09-27 06:41:43",146
"2018-09-27 07:41:43",146
"2018-09-27 08:41:42",146
"2018-09-27 09:41:43",146
"2018-09-27 10:41:43",146
"2018-09-27 11:41:43",146
"2018-09-27 12:41:42",146
"2018-09-27 13:41:45",146
"2018-09-27 14:41:43",144
"2018-09-27 15:41:44",144
"2018-09-27 17:07:22",142
"2018-09-27 17:41:44",142
"2018-09-27 18:41:45",141
"2018-09-27 19:41:43",141
"2018-09-27 20:41:43",140
"2018-09-27 21:41:43",140
"2018-09-27 22:41:43",140
"2018-09-27 23:41:44",140
"2018-09-28 00:41:44",140
"2018-09-28 01:41:43",140
"2018-09-28 02:41:42",140
"2018-09-28 03:41:43",140
"2018-09-28 04:41:43",140
"2018-09-28 05:41:43",140
"2018-09-28 06:41:43",140
"2018-09-28 07:41:43",140
"2018-09-28 08:41:43",140
"2018-09-28 09:41:44",140
"2018-09-28 10:41:44",140
"2018-09-28 11:41:43",140
"2018-09-28 12:41:44",140
"2018-09-28 13:41:47",140
"2018-09-28 14:41:44",139
"2018-09-28 15:41:46",143
"2018-09-28 16:41:45",146
"2018-09-28 17:41:44",146
"2018-09-28 18:41:45",146
"2018-09-28 19:41:45",146
"2018-09-28 20:41:44",156
"2018-09-28 21:41:43",156
"2018-09-28 22:41:44",156
"2018-09-28 23:41:43",156
"2018-09-29 00:41:43",156
"2018-09-29 01:41:43",156
"2018-09-29 02:41:49",156
"2018-09-29 03:41:44",156
"2018-09-29 04:41:43",156
"2018-09-29 05:41:43",156
"2018-09-29 06:41:42",156
"2018-09-29 07:41:43",156
"2018-09-29 08:41:42",156
"2018-09-29 09:41:43",156
"2018-09-29 10:41:43",156
"2018-09-29 11:41:44",156
"2018-09-29 12:41:43",156
"2018-09-29 13:41:43",156
"2018-09-29 14:41:44",156
"2018-09-29 15:41:44",156
"2018-09-29 16:41:42",156
"2018-09-29 17:41:43",156
"2018-09-29 18:41:44",156
"2018-09-29 19:41:42",156
"2018-09-29 20:41:43",156
"2018-09-29 21:41:43",156
"2018-09-29 22:41:43",156
"2018-09-29 23:41:43",156
"2018-09-30 00:41:43",156
"2018-09-30 01:41:43",156
"2018-09-30 02:41:42",156
"2018-09-30 03:41:43",156
"2018-09-30 04:41:43",156
"2018-09-30 05:41:42",156
"2018-09-30 06:41:42",156
"2018-09-30 07:41:42",156
"2018-09-30 08:41:42",156
"2018-09-30 09:41:42",156
"2018-09-30 10:41:42",156
"2018-09-30 11:41:42",156
"2018-09-30 12:41:43",156
"2018-09-30 13:41:43",156
"2018-09-30 14:41:42",156
"2018-09-30 15:41:42",156
"2018-09-30 16:41:43",156
"2018-09-30 17:41:42",156
"2018-09-30 18:41:42",156
"2018-09-30 19:41:43",156
"2018-09-30 20:41:42",156
"2018-09-30 21:41:42",156
"2018-09-30 22:41:43",156
"2018-09-30 23:41:44",156
"2018-10-01 00:41:44",156
"2018-10-01 01:41:43",156
"2018-10-01 02:41:44",156
"2018-10-01 03:41:43",156
"2018-10-01 04:41:43",156
"2018-10-01 05:41:44",156
"2018-10-01 06:41:43",156
"2018-10-01 07:41:42",156
"2018-10-01 08:41:43",156
"2018-10-01 09:41:42",156
"2018-10-01 10:41:41",156
"2018-10-01 11:41:43",156
"2018-10-01 12:41:44",156
"2018-10-01 14:06:57",147
"2018-10-01 14:41:45",147
"2018-10-01 15:41:44",147
"2018-10-01 16:41:44",150
"2018-10-01 17:41:46",148
"2018-10-01 18:41:44",148
"2018-10-01 19:41:44",149
"2018-10-01 20:41:44",151
"2018-10-01 21:41:44",151
"2018-10-01 22:41:43",151
"2018-10-01 23:41:44",151
"2018-10-02 00:41:45",151
"2018-10-02 01:41:44",151
"2018-10-02 02:41:44",151
"2018-10-02 03:41:44",151
"2018-10-02 04:41:44",151
"2018-10-02 05:41:43",151
"2018-10-02 06:41:44",151
"2018-10-02 07:41:44",151
"2018-10-02 08:41:44",151
"2018-10-02 09:41:44",151
"2018-10-02 10:41:43",151
"2018-10-02 11:41:44",151
"2018-10-02 12:41:43",151
"2018-10-02 13:41:46",151
"2018-10-02 14:41:46",151
"2018-10-02 15:41:44",151
"2018-10-02 16:41:45",151
"2018-10-02 17:41:44",150
"2018-10-02 18:41:44",149
"2018-10-02 19:41:44",151
"2018-10-02 20:41:44",151
"2018-10-02 21:41:44",151
"2018-10-02 22:41:44",151
"2018-10-02 23:41:44",151
"2018-10-03 00:41:44",151
"2018-10-03 01:41:43",151
"2018-10-03 02:41:44",151
"2018-10-03 03:41:45",151
"2018-10-03 04:41:46",151
"2018-10-03 05:41:45",151
"2018-10-03 06:41:44",151
"2018-10-03 07:41:45",151
"2018-10-03 08:41:44",151
"2018-10-03 09:41:44",151
"2018-10-03 10:41:45",151
"2018-10-03 11:41:45",151
"2018-10-03 12:41:44",151
"2018-10-03 13:42:53",151
"2018-10-03 15:06:49",149
"2018-10-03 15:41:45",149
"2018-10-03 16:41:45",150
"2018-10-03 17:41:45",149
"2018-10-03 18:41:44",149
"2018-10-03 19:41:44",149
"2018-10-03 20:41:43",146
"2018-10-03 21:41:43",146
"2018-10-03 22:41:45",146
"2018-10-03 23:41:43",146
"2018-10-04 00:41:44",146
"2018-10-04 01:41:45",146
"2018-10-04 02:41:44",146
"2018-10-04 03:41:43",146
"2018-10-04 04:41:44",146
"2018-10-04 05:41:44",146
"2018-10-04 06:41:43",146
"2018-10-04 07:41:44",146
"2018-10-04 08:41:43",146
"2018-10-04 09:41:44",146
"2018-10-04 10:41:44",146
"2018-10-04 11:41:43",146
"2018-10-04 12:41:44",146
"2018-10-04 14:07:52",145
"2018-10-04 14:41:45",145
"2018-10-04 15:41:45",143
"2018-10-04 16:41:47",143
"2018-10-04 17:41:46",142
"2018-10-04 18:41:45",142
"2018-10-04 19:41:46",142
"2018-10-04 20:41:45",142
"2018-10-04 21:41:45",142
"2018-10-04 22:41:45",142
"2018-10-04 23:41:45",142
"2018-10-05 00:41:45",142
"2018-10-05 01:41:45",142
"2018-10-05 02:41:45",142
"2018-10-05 03:41:45",142
"2018-10-05 04:41:45",142
"2018-10-05 05:41:45",142
"2018-10-05 06:41:45",142
"2018-10-05 07:41:45",142
"2018-10-05 08:41:44",142
"2018-10-05 09:41:45",142
"2018-10-05 10:41:44",142
"2018-10-05 11:41:43",142
"2018-10-05 12:41:45",142
"2018-10-05 13:41:48",142
"2018-10-05 14:41:46",142
"2018-10-05 15:41:47",142
"2018-10-05 16:41:46",142
"2018-10-05 17:41:47",142
"2018-10-05 18:41:47",143
"2018-10-05 19:41:45",143
"2018-10-05 20:41:44",143
"2018-10-05 21:41:44",143
"2018-10-05 22:41:45",143
"2018-10-05 23:41:44",143
"2018-10-06 00:41:45",143
"2018-10-06 01:41:45",143
"2018-10-06 02:41:46",143
"2018-10-06 03:41:45",143
"2018-10-06 04:41:45",143
"2018-10-06 05:41:45",143
"2018-10-06 06:41:45",143
"2018-10-06 07:41:45",143
"2018-10-06 08:41:45",143
"2018-10-06 09:41:44",143
"2018-10-06 10:41:45",143
"2018-10-06 11:41:44",143
"2018-10-06 12:41:45",143
"2018-10-06 13:41:44",143
"2018-10-06 14:41:45",143
"2018-10-06 15:41:45",143
"2018-10-06 16:41:45",143
"2018-10-06 17:41:45",143
"2018-10-06 18:41:45",143
"2018-10-06 19:41:45",143
"2018-10-06 20:41:45",143
"2018-10-06 21:41:45",143
"2018-10-06 22:41:45",143
"2018-10-06 23:41:45",143
"2018-10-07 00:41:45",143
"2018-10-07 01:41:45",143
"2018-10-07 02:41:45",143
"2018-10-07 03:41:45",143
"2018-10-07 04:41:45",143
"2018-10-07 05:41:45",143
"2018-10-07 06:41:45",143
"2018-10-07 07:41:45",143
"2018-10-07 08:41:44",143
"2018-10-07 09:41:44",143
"2018-10-07 10:41:44",143
"2018-10-07 11:41:44",143
"2018-10-07 12:41:44",143
"2018-10-07 13:41:45",143
"2018-10-07 14:41:45",143
"2018-10-07 15:41:45",143
"2018-10-07 16:41:45",143
"2018-10-07 17:41:45",143
"2018-10-07 18:41:45",143
"2018-10-07 19:41:45",143
"2018-10-07 20:41:45",143
"2018-10-07 21:41:45",143
"2018-10-07 22:41:45",143
"2018-10-07 23:41:45",143
"2018-10-08 00:41:45",143
"2018-10-08 01:41:45",143
"2018-10-08 02:41:46",143
"2018-10-08 03:41:44",143
"2018-10-08 04:41:44",143
"2018-10-08 05:41:44",143
"2018-10-08 06:41:45",143
"2018-10-08 07:41:44",143
"2018-10-08 08:41:44",143
"2018-10-08 09:41:44",143
"2018-10-08 10:41:44",143
"2018-10-08 11:41:44",143
"2018-10-08 12:41:44",143
"2018-10-08 13:41:50",143
"2018-10-08 14:41:46",144
"2018-10-08 15:41:47",144
"2018-10-08 16:41:46",144
"2018-10-08 17:41:46",143
"2018-10-08 18:41:46",143
"2018-10-08 19:41:46",142
"2018-10-08 20:41:45",141
"2018-10-08 21:41:45",141
"2018-10-08 22:41:44",141
"2018-10-08 23:41:45",141
"2018-10-09 00:41:44",141
"2018-10-09 01:42:14",141
"2018-10-09 02:41:43",141
"2018-10-09 03:41:49",141
"2018-10-09 04:41:44",141
"2018-10-09 05:41:44",141
"2018-10-09 06:41:43",141
"2018-10-09 07:41:43",141
"2018-10-09 08:41:43",141
"2018-10-09 09:41:43",141
"2018-10-09 10:41:44",141
"2018-10-09 11:41:44",141
"2018-10-09 12:41:44",141
"2018-10-09 13:41:48",141
"2018-10-09 14:41:45",141
"2018-10-09 15:41:45",141
"2018-10-09 16:41:44",141
"2018-10-09 17:41:43",141
"2018-10-09 18:41:44",141
"2018-10-09 19:41:43",141
"2018-10-09 21:41:42",140
"2018-10-09 22:41:44",140
"2018-10-09 23:41:43",140
"2018-10-10 00:41:43",140
"2018-10-10 01:41:44",140
"2018-10-10 02:41:44",140
"2018-10-10 03:41:46",140
"2018-10-10 04:41:44",140
"2018-10-10 05:41:43",140
"2018-10-10 06:41:43",140
"2018-10-10 07:41:44",140
"2018-10-10 08:41:44",140
"2018-10-10 09:41:43",140
"2018-10-10 10:41:44",140
"2018-10-10 11:41:44",140
"2018-10-10 12:41:43",140
"2018-10-10 13:41:47",140
"2018-10-10 14:41:45",140
"2018-10-10 15:41:45",140
"2018-10-10 16:41:44",139
"2018-10-10 17:41:44",139
"2018-10-10 18:41:44",139
"2018-10-10 19:41:48",139
"2018-10-10 20:41:45",139
"2018-10-10 21:41:44",139
"2018-10-10 22:41:44",139
"2018-10-10 23:41:44",139
"2018-10-11 00:41:45",139
"2018-10-11 01:41:44",139
"2018-10-11 02:41:43",139
"2018-10-11 03:41:43",139
"2018-10-11 04:41:43",139
"2018-10-11 05:41:43",139
"2018-10-11 06:41:44",139
"2018-10-11 07:41:43",139
"2018-10-11 08:41:44",139
"2018-10-11 09:41:43",139
"2018-10-11 10:41:44",139
"2018-10-11 11:41:44",139
"2018-10-11 12:41:43",139
"2018-10-11 13:41:46",139
"2018-10-11 14:41:43",140
"2018-10-11 15:41:45",139
"2018-10-11 16:41:46",139
"2018-10-11 17:41:45",139
"2018-10-11 18:41:46",139
"2018-10-11 19:41:44",139
"2018-10-11 20:41:44",139
"2018-10-11 21:41:44",139
"2018-10-11 22:41:43",139
"2018-10-11 23:41:44",139
"2018-10-12 00:41:43",139
"2018-10-12 01:41:43",139
"2018-10-12 02:41:44",139
"2018-10-12 03:41:43",139
"2018-10-12 04:41:44",139
"2018-10-12 05:41:43",139
"2018-10-12 06:41:43",139
"2018-10-12 07:41:43",139
"2018-10-12 08:41:43",139
"2018-10-12 09:41:44",139
"2018-10-12 10:41:44",139
"2018-10-12 11:41:44",139
"2018-10-12 12:41:43",139
"2018-10-12 13:41:47",139
"2018-10-12 14:41:44",139
"2018-10-12 15:41:45",139
"2018-10-12 16:41:45",139
"2018-10-12 17:41:44",139
"2018-10-12 18:41:44",139
"2018-10-12 19:41:44",140
"2018-10-12 20:41:43",140
"2018-10-12 21:41:43",140
"2018-10-12 22:41:44",140
"2018-10-12 23:41:44",140
"2018-10-13 00:41:43",140
"2018-10-13 01:41:43",140
"2018-10-13 02:41:44",140
"2018-10-13 03:41:44",140
"2018-10-13 04:41:44",140
"2018-10-13 05:41:43",140
"2018-10-13 06:41:43",140
"2018-10-13 07:41:44",140
"2018-10-13 08:41:44",140
"2018-10-13 09:41:44",140
"2018-10-13 10:41:43",140
"2018-10-13 11:41:43",140
"2018-10-13 12:41:43",140
"2018-10-13 13:41:44",140
"2018-10-13 14:41:44",140
"2018-10-13 15:41:44",140
"2018-10-13 16:41:43",140
"2018-10-13 17:41:44",140
"2018-10-13 18:41:44",140
"2018-10-13 19:41:44",140
"2018-10-13 20:41:44",140
"2018-10-13 21:41:44",140
"2018-10-13 22:41:45",140
"2018-10-13 23:41:44",140
"2018-10-14 00:41:43",140
"2018-10-14 01:41:43",140
"2018-10-14 02:41:43",140
"2018-10-14 03:41:43",140
"2018-10-14 04:41:44",140
"2018-10-14 05:41:43",140
"2018-10-14 06:41:43",140
"2018-10-14 07:41:44",140
"2018-10-14 08:41:43",140
"2018-10-14 09:41:43",140
"2018-10-14 10:41:43",140
"2018-10-14 11:41:44",140
"2018-10-14 12:41:43",140
"2018-10-14 13:41:43",140
"2018-10-14 14:41:43",140
"2018-10-14 15:41:44",140
"2018-10-14 16:41:43",140
"2018-10-14 17:41:43",140
"2018-10-14 18:41:43",140
"2018-10-14 19:41:44",140
"2018-10-14 20:41:43",140
"2018-10-14 21:41:44",140
"2018-10-14 22:41:43",140
"2018-10-14 23:41:44",140
"2018-10-15 00:41:45",140
"2018-10-15 01:41:43",140
"2018-10-15 02:41:43",140
"2018-10-15 03:41:44",140
"2018-10-15 04:41:43",140
"2018-10-15 05:41:44",140
"2018-10-15 06:41:44",140
"2018-10-15 07:41:44",140
"2018-10-15 08:41:56",140
"2018-10-15 09:41:43",140
"2018-10-15 10:41:44",140
"2018-10-15 11:41:43",140
"2018-10-15 12:41:43",140
"2018-10-15 13:41:47",140
"2018-10-15 14:41:45",141
"2018-10-15 15:41:45",142
"2018-10-15 16:41:46",142
"2018-10-15 17:41:44",142
"2018-10-15 18:41:44",142
"2018-10-15 19:41:44",143
"2018-10-15 20:41:46",143
"2018-10-15 21:41:46",143
"2018-10-15 22:41:44",143
"2018-10-15 23:41:44",143
"2018-10-16 00:41:45",143
"2018-10-16 01:41:46",143
"2018-10-16 02:41:44",143
"2018-10-16 03:41:44",143
"2018-10-16 04:41:45",143
"2018-10-16 09:41:43",143
"2018-10-16 10:41:44",143
"2018-10-16 11:41:43",143
"2018-10-16 12:41:44",143
"2018-10-16 13:41:47",143
"2018-10-16 14:41:45",142
"2018-10-16 15:41:44",142
"2018-10-16 16:41:44",142
"2018-10-16 17:41:45",142
"2018-10-16 18:41:47",141
"2018-10-16 19:41:47",141
"2018-10-16 20:41:46",141
"2018-10-16 21:41:45",141
"2018-10-16 22:41:45",141
"2018-10-16 23:41:46",141
"2018-10-17 00:41:45",141
"2018-10-17 01:41:45",141
"2018-10-17 02:41:45",141
"2018-10-17 03:41:45",141
"2018-10-17 04:41:45",141
"2018-10-17 05:41:45",141
"2018-10-17 06:41:45",141
"2018-10-17 07:41:45",141
"2018-10-17 08:41:45",141
"2018-10-17 09:41:45",141
"2018-10-17 10:41:43",141
"2018-10-17 11:41:43",141
"2018-10-17 12:41:45",141
"2018-10-17 14:07:49",140
"2018-10-17 14:41:45",140
"2018-10-17 15:41:46",139
"2018-10-17 16:41:46",140
"2018-10-17 17:41:46",140
"2018-10-17 18:41:46",140
"2018-10-17 19:41:46",140
"2018-10-17 20:41:45",140
"2018-10-17 21:41:45",140
"2018-10-17 22:41:45",140
"2018-10-17 23:41:45",140
"2018-10-18 00:41:45",140
"2018-10-18 01:41:45",140
"2018-10-18 02:41:45",140
"2018-10-18 03:41:47",140
"2018-10-18 04:41:44",140
"2018-10-18 05:41:45",140
"2018-10-18 06:41:44",140
"2018-10-18 07:41:44",140
"2018-10-18 08:41:44",140
"2018-10-18 09:41:44",140
"2018-10-18 10:41:44",140
"2018-10-18 11:41:43",140
"2018-10-18 13:06:47",140
"2018-10-18 13:41:46",140
"2018-10-18 14:41:46",139
"2018-10-18 15:41:46",139
"2018-10-18 16:41:46",138
"2018-10-18 17:41:45",138
"2018-10-18 18:41:44",138
"2018-10-18 19:41:45",138
"2018-10-18 20:41:45",138
"2018-10-18 21:41:45",138
"2018-10-18 22:41:44",138
"2018-10-18 23:41:44",138
"2018-10-19 00:41:45",138
"2018-10-19 01:41:45",138
"2018-10-19 02:41:45",138
"2018-10-19 03:41:45",138
"2018-10-19 04:41:44",138
"2018-10-19 05:41:44",138
"2018-10-19 06:41:44",138
"2018-10-19 07:41:45",138
"2018-10-19 08:41:44",138
"2018-10-19 09:41:44",138
"2018-10-19 10:41:44",138
"2018-10-19 11:41:44",138
"2018-10-19 13:06:18",138
"2018-10-19 13:41:50",138
"2018-10-19 14:41:45",138
"2018-10-19 15:41:46",137
"2018-10-19 16:41:45",137
"2018-10-19 17:41:44",137
"2018-10-19 18:41:45",137
"2018-10-19 19:41:45",137
"2018-10-19 20:41:45",137
"2018-10-19 21:41:44",137
"2018-10-19 22:41:44",137
"2018-10-19 23:42:14",137
"2018-10-20 00:41:45",137
"2018-10-20 01:41:45",137
"2018-10-20 02:41:44",137
"2018-10-20 03:41:44",137
"2018-10-20 04:41:44",137
"2018-10-20 05:41:45",137
"2018-10-20 06:41:45",137
"2018-10-20 07:41:44",137
"2018-10-20 08:41:44",137
"2018-10-20 09:41:44",137
"2018-10-20 10:41:44",137
"2018-10-20 11:41:45",137
"2018-10-20 12:41:44",137
"2018-10-20 13:41:46",137
"2018-10-20 14:41:45",137
"2018-10-20 15:41:45",137
"2018-10-20 16:41:45",137
"2018-10-20 17:41:45",137
"2018-10-20 18:41:45",137
"2018-10-20 19:41:45",137
"2018-10-20 20:41:45",137
"2018-10-20 21:41:45",137
"2018-10-20 22:41:45",137
"2018-10-20 23:41:45",137
"2018-10-21 00:41:45",137
"2018-10-21 01:41:45",137
"2018-10-21 02:41:45",137
"2018-10-21 03:41:45",137
"2018-10-21 04:41:44",137
"2018-10-21 05:41:45",137
"2018-10-21 06:41:44",137
"2018-10-21 07:41:50",137
"2018-10-21 08:41:44",137
"2018-10-21 09:41:44",137
"2018-10-21 10:41:44",137
"2018-10-21 11:41:44",137
"2018-10-21 12:41:44",137
"2018-10-21 13:41:47",137
"2018-10-21 14:41:46",137
"2018-10-21 15:41:45",137
"2018-10-21 16:41:44",137
"2018-10-21 17:41:45",137
"2018-10-21 18:41:45",137
"2018-10-21 19:41:44",137
"2018-10-21 20:41:45",137
"2018-10-21 21:41:45",137
"2018-10-21 22:41:45",137
"2018-10-21 23:41:45",137
"2018-10-22 00:41:46",137
"2018-10-22 01:41:46",137
"2018-10-22 02:41:46",137
"2018-10-22 03:41:46",137
"2018-10-22 04:41:46",137
"2018-10-22 05:41:44",137
"2018-10-22 06:41:45",137
"2018-10-22 07:41:46",137
"2018-10-22 08:41:45",137
"2018-10-22 09:41:45",137
"2018-10-22 10:41:45",137
"2018-10-22 11:41:45",137
"2018-10-22 12:41:45",137
"2018-10-22 13:41:47",137
"2018-10-22 14:41:47",137
"2018-10-22 15:41:46",137
"2018-10-22 16:41:44",137
"2018-10-22 17:41:45",137
"2018-10-22 18:41:44",137
"2018-10-22 19:41:46",137
"2018-10-22 20:41:45",137
"2018-10-22 21:41:45",137
"2018-10-22 22:41:45",137
"2018-10-22 23:41:45",137
"2018-10-23 00:41:46",137
"2018-10-23 01:41:45",137
"2018-10-23 02:41:45",137
"2018-10-23 03:41:45",137
"2018-10-23 04:41:45",137
"2018-10-23 05:41:45",137
"2018-10-23 06:41:45",137
"2018-10-23 07:41:48",137
"2018-10-23 08:41:44",137
"2018-10-23 09:41:45",137
"2018-10-23 10:41:45",137
"2018-10-23 11:41:45",137
"2018-10-23 12:41:44",137
"2018-10-23 13:41:47",137
"2018-10-23 14:41:45",138
"2018-10-23 15:41:44",138
"2018-10-23 16:41:45",138
"2018-10-23 17:41:45",138
"2018-10-23 18:41:46",137
"2018-10-23 19:41:45",137
"2018-10-23 20:41:45",137
"2018-10-23 21:41:45",137
"2018-10-23 22:41:45",137
"2018-10-23 23:41:44",137
"2018-10-24 00:41:44",137
"2018-10-24 01:41:45",137
"2018-10-24 02:41:46",137
"2018-10-24 03:41:45",137
"2018-10-24 04:41:45",137
"2018-10-24 05:41:45",137
"2018-10-24 06:41:46",137
"2018-10-24 07:41:45",137
"2018-10-24 08:41:45",137
"2018-10-24 09:41:44",137
"2018-10-24 10:41:45",137
"2018-10-24 11:41:44",137
"2018-10-24 12:41:45",137
"2018-10-24 13:41:47",137
"2018-10-24 14:41:46",137
"2018-10-24 15:41:47",138
"2018-10-24 16:41:46",141
"2018-10-24 17:41:46",141
"2018-10-24 18:41:47",141
"2018-10-24 19:41:46",141
"2018-10-24 20:41:47",141
"2018-10-24 21:41:46",141
"2018-10-24 22:41:46",141
"2018-10-24 23:41:46",141
"2018-10-25 00:41:46",141
"2018-10-25 01:41:46",141
"2018-10-25 02:41:46",141
"2018-10-25 03:41:45",141
"2018-10-25 04:41:46",141
"2018-10-25 05:41:46",141
"2018-10-25 06:41:46",141
"2018-10-25 07:41:46",141
"2018-10-25 08:41:46",141
"2018-10-25 09:41:45",141
"2018-10-25 10:41:45",141
"2018-10-25 11:41:47",141
"2018-10-25 14:07:52",141
"2018-10-25 14:41:47",141
"2018-10-25 15:41:47",141
"2018-10-25 16:41:47",141
"2018-10-25 17:41:47",140
"2018-10-25 18:41:47",140
"2018-10-25 19:41:46",140
"2018-10-25 20:41:46",140
"2018-10-25 21:41:46",140
"2018-10-25 22:41:46",140
"2018-10-25 23:41:47",140
"2018-10-26 00:41:46",140
"2018-10-26 01:41:46",140
"2018-10-26 02:41:47",140
"2018-10-26 03:41:47",140
"2018-10-26 04:41:47",140
"2018-10-26 05:41:46",140
"2018-10-26 06:41:46",140
"2018-10-26 07:41:45",140
"2018-10-26 08:41:45",140
"2018-10-26 09:41:45",140
"2018-10-26 10:41:45",140
"2018-10-26 11:41:46",140
"2018-10-26 12:41:46",140
"2018-10-26 13:41:46",140
"2018-10-26 14:41:46",140
"2018-10-26 15:41:45",140
"2018-10-26 16:41:46",140
"2018-10-26 17:41:46",140
"2018-10-26 18:41:45",140
"2018-10-26 19:41:46",138
"2018-10-26 20:41:46",138
"2018-10-26 21:41:45",138
"2018-10-26 22:41:45",138
"2018-10-26 23:41:45",138
"2018-10-27 00:41:45",138
"2018-10-27 01:41:46",138
"2018-10-27 02:41:45",138
"2018-10-27 03:41:45",138
"2018-10-27 04:41:45",138
"2018-10-27 05:41:46",138
"2018-10-27 06:41:46",138
"2018-10-27 07:41:45",138
"2018-10-27 08:41:46",138
"2018-10-27 09:41:46",138
"2018-10-27 10:41:46",138
"2018-10-27 11:41:45",138
"2018-10-27 12:41:45",138
"2018-10-27 13:41:45",138
"2018-10-27 14:41:45",138
"2018-10-27 15:41:46",138
"2018-10-27 16:41:46",138
"2018-10-27 17:41:46",138
"2018-10-27 18:41:45",138
"2018-10-27 19:41:46",138
"2018-10-27 20:41:45",138
"2018-10-27 21:41:46",138
"2018-10-27 22:41:45",138
"2018-10-27 23:41:45",138
"2018-10-28 00:41:46",138
"2018-10-28 01:41:45",138
"2018-10-28 02:41:45",138
"2018-10-28 03:41:46",138
"2018-10-28 04:41:45",138
"2018-10-28 05:41:45",138
"2018-10-28 06:41:45",138
"2018-10-28 07:41:45",138
"2018-10-28 08:41:45",138
"2018-10-28 09:41:46",138
"2018-10-28 10:41:45",138
"2018-10-28 11:41:45",138
"2018-10-28 12:41:45",138
"2018-10-28 13:41:46",138
"2018-10-28 14:41:45",138
"2018-10-28 15:41:45",138
"2018-10-28 16:41:46",138
"2018-10-28 17:41:45",138
"2018-10-28 18:41:45",138
"2018-10-28 19:41:45",138
"2018-10-28 20:41:45",138
"2018-10-28 21:41:45",138
"2018-10-28 22:41:45",138
"2018-10-28 23:41:45",138
"2018-10-29 00:41:45",138
"2018-10-29 01:41:46",138
"2018-10-29 02:41:46",138
"2018-10-29 03:41:44",138
"2018-10-29 04:41:46",138
"2018-10-29 05:41:45",138
"2018-10-29 06:41:46",138
"2018-10-29 07:41:45",138
"2018-10-29 08:41:45",138
"2018-10-29 09:41:45",138
"2018-10-29 10:41:45",138
"2018-10-29 11:41:45",138
"2018-10-29 12:41:45",138
"2018-10-29 13:41:48",138
"2018-10-29 14:41:46",138
"2018-10-29 15:41:45",138
"2018-10-29 16:41:47",138
"2018-10-29 17:41:45",138
"2018-10-29 18:41:46",138
"2018-10-29 19:41:47",138
"2018-10-29 20:41:46",136
"2018-10-29 21:41:46",136
"2018-10-29 22:41:46",136
"2018-10-29 23:41:46",136
"2018-10-30 00:41:46",136
"2018-10-30 01:41:45",136
"2018-10-30 02:41:46",136
"2018-10-30 03:41:46",136
"2018-10-30 04:41:46",136
"2018-10-30 05:41:45",136
"2018-10-30 06:41:45",136
"2018-10-30 07:41:45",136
"2018-10-30 08:41:45",136
"2018-10-30 09:41:46",136
"2018-10-30 10:41:46",136
"2018-10-30 11:41:45",136
"2018-10-30 12:41:45",136
"2018-10-30 13:41:47",136
"2018-10-30 14:41:48",135
"2018-10-30 15:41:47",135
"2018-10-30 16:41:46",134
"2018-10-30 17:41:45",133
"2018-10-30 18:41:46",133
"2018-10-30 19:41:46",133
"2018-10-30 20:41:46",133
"2018-10-30 21:41:46",133
"2018-10-30 22:41:45",133
"2018-10-30 23:41:45",133
"2018-10-31 00:41:46",133
"2018-10-31 01:41:46",133
"2018-10-31 02:41:46",133
"2018-10-31 03:41:45",133
"2018-10-31 04:41:46",133
"2018-10-31 05:41:46",133
"2018-10-31 06:41:45",133
"2018-10-31 07:41:44",133
"2018-10-31 08:41:46",133
"2018-10-31 09:41:45",133
"2018-10-31 10:41:45",133
"2018-10-31 11:41:46",133
"2018-10-31 12:41:46",133
"2018-10-31 14:08:22",133
"2018-10-31 14:41:47",133
"2018-10-31 15:41:47",133
"2018-10-31 16:41:47",133
"2018-10-31 17:41:46",132
"2018-10-31 18:41:46",132
"2018-10-31 19:41:46",133
"2018-10-31 20:41:46",133
"2018-10-31 21:41:46",133
"2018-10-31 22:41:46",133
"2018-10-31 23:41:47",133
"2018-11-01 00:41:46",133
"2018-11-01 01:41:46",133
"2018-11-01 02:41:46",133
"2018-11-01 03:41:46",133
"2018-11-01 04:41:46",133
"2018-11-01 05:41:46",133
"2018-11-01 06:41:47",133
"2018-11-01 07:41:46",133
"2018-11-01 08:41:47",133
"2018-11-01 09:41:46",133
"2018-11-01 10:41:47",133
"2018-11-01 11:41:46",133
"2018-11-01 12:41:46",133
"2018-11-01 13:41:47",133
"2018-11-01 14:41:50",132
"2018-11-01 15:41:48",132
"2018-11-01 16:41:48",131
"2018-11-01 17:41:47",131
"2018-11-01 18:41:47",131
"2018-11-01 19:41:48",131
"2018-11-01 20:41:49",131
"2018-11-01 21:41:47",131
"2018-11-01 22:41:48",131
"2018-11-01 23:41:47",131
"2018-11-02 00:41:46",131
"2018-11-02 01:41:47",131
"2018-11-02 02:41:47",131
"2018-11-02 03:41:49",131
"2018-11-02 04:41:47",131
"2018-11-02 05:41:46",131
"2018-11-02 06:41:47",131
"2018-11-02 07:41:46",131
"2018-11-02 08:41:46",131
"2018-11-02 09:41:47",131
"2018-11-02 10:41:46",131
"2018-11-02 11:41:46",131
"2018-11-02 12:41:47",131
"2018-11-02 14:06:21",131
"2018-11-02 14:41:47",131
"2018-11-02 15:41:47",131
"2018-11-02 16:41:48",131
"2018-11-02 17:41:47",131
"2018-11-02 18:41:46",131
"2018-11-02 19:41:47",131
"2018-11-02 20:41:48",131
"2018-11-02 21:41:47",131
"2018-11-02 22:41:47",131
"2018-11-02 23:41:47",131
"2018-11-03 00:41:48",131
"2018-11-03 01:41:47",131
"2018-11-03 02:41:49",131
"2018-11-03 03:41:46",131
"2018-11-03 04:41:47",131
"2018-11-03 05:41:47",131
"2018-11-03 06:41:46",131
"2018-11-03 07:41:46",131
"2018-11-03 08:41:47",131
"2018-11-03 09:41:48",131
"2018-11-03 10:41:46",131
"2018-11-03 11:41:47",131
"2018-11-03 12:41:47",131
"2018-11-03 13:41:46",131
"2018-11-03 14:41:47",131
"2018-11-03 15:41:47",131
"2018-11-03 16:41:46",131
"2018-11-03 17:41:49",131
"2018-11-03 18:41:48",131
"2018-11-03 19:41:47",131
"2018-11-03 20:41:46",131
"2018-11-03 21:42:50",131
"2018-11-03 22:41:47",131
"2018-11-03 23:41:47",131
"2018-11-04 00:41:47",131
"2018-11-04 01:41:47",131
"2018-11-04 02:41:47",131
"2018-11-04 03:41:47",131
"2018-11-04 04:41:48",131
"2018-11-04 05:41:47",131
"2018-11-04 06:41:47",131
"2018-11-04 07:41:47",131
"2018-11-04 08:41:47",131
"2018-11-04 09:41:46",131
"2018-11-04 10:41:46",131
"2018-11-04 11:41:47",131
"2018-11-04 12:41:47",131
"2018-11-04 13:41:46",131
"2018-11-04 14:41:46",131
"2018-11-04 15:41:46",131
"2018-11-04 16:41:46",131
"2018-11-04 17:41:47",131
"2018-11-04 18:41:47",131
"2018-11-04 19:41:47",131
"2018-11-04 20:41:46",131
"2018-11-04 21:41:46",131
"2018-11-04 22:41:47",131
"2018-11-04 23:41:47",131
"2018-11-05 00:41:46",131
"2018-11-05 01:41:46",131
"2018-11-05 02:41:46",131
"2018-11-05 03:41:48",131
"2018-11-05 04:41:48",131
"2018-11-05 05:41:48",131
"2018-11-05 06:41:46",131
"2018-11-05 07:41:47",131
"2018-11-05 08:41:47",131
"2018-11-05 09:41:47",131
"2018-11-05 10:41:46",131
"2018-11-05 11:41:46",131
"2018-11-05 12:41:46",131
"2018-11-05 13:41:47",131
"2018-11-05 14:41:50",131
"2018-11-05 15:41:47",132
"2018-11-05 16:41:48",132
"2018-11-05 17:41:46",132
"2018-11-05 18:41:46",132
"2018-11-05 19:41:46",132
"2018-11-05 20:41:47",132
"2018-11-05 21:41:48",131
"2018-11-05 22:41:48",131
"2018-11-05 23:41:47",131
"2018-11-06 00:41:46",131
"2018-11-06 01:41:47",131
"2018-11-06 02:41:47",131
"2018-11-06 03:41:48",131
"2018-11-06 04:41:47",131
"2018-11-06 05:41:48",131
"2018-11-06 06:41:47",131
"2018-11-06 07:41:49",131
"2018-11-06 08:41:48",131
"2018-11-06 09:41:48",131
"2018-11-06 10:41:48",131
"2018-11-06 11:41:48",131
"2018-11-06 12:41:48",131
"2018-11-06 13:41:48",131
"2018-11-06 14:41:52",131
"2018-11-06 15:41:51",132
"2018-11-06 16:41:51",132
"2018-11-06 17:41:53",131
"2018-11-06 18:41:51",131
"2018-11-06 19:41:49",131
"2018-11-06 20:41:50",131
"2018-11-06 21:41:49",131
"2018-11-06 22:41:50",131
"2018-11-06 23:41:49",131
"2018-11-07 00:41:50",131
"2018-11-07 01:41:49",131
"2018-11-07 02:41:50",131
"2018-11-07 03:41:49",131
"2018-11-07 04:41:48",131
"2018-11-07 05:41:49",131
"2018-11-07 06:41:49",131
"2018-11-07 07:41:49",131
"2018-11-07 08:41:49",131
"2018-11-07 09:41:48",131
"2018-11-07 10:41:49",131
"2018-11-07 11:41:49",131
"2018-11-07 12:41:49",131
"2018-11-07 13:41:48",131
"2018-11-07 14:41:53",131
"2018-11-07 15:41:50",132
"2018-11-07 16:41:49",132
"2018-11-07 17:41:50",131
"2018-11-07 18:41:51",131
"2018-11-07 19:41:51",131
"2018-11-07 20:41:51",131
"2018-11-07 21:41:49",131
"2018-11-07 22:41:50",131
"2018-11-07 23:41:49",131
"2018-11-08 00:41:49",131
"2018-11-08 01:41:50",131
"2018-11-08 02:41:49",131
"2018-11-08 03:41:49",131
"2018-11-08 04:41:49",131
"2018-11-08 05:41:49",131
"2018-11-08 06:41:49",131
"2018-11-08 07:41:49",131
"2018-11-08 08:41:50",131
"2018-11-08 09:41:49",131
"2018-11-08 10:41:49",131
"2018-11-08 11:41:48",131
"2018-11-08 12:41:49",131
"2018-11-08 13:41:48",131
"2018-11-08 14:41:51",131
"2018-11-08 15:41:50",131
"2018-11-08 16:41:50",131
"2018-11-08 17:41:49",131
"2018-11-08 18:41:49",131
"2018-11-08 19:41:49",131
"2018-11-08 20:41:52",131
"2018-11-08 21:41:51",131
"2018-11-08 22:41:49",130
"2018-11-08 23:41:49",130
"2018-11-09 00:41:50",130
"2018-11-09 01:41:50",130
"2018-11-09 02:41:50",130
"2018-11-09 03:41:50",130
"2018-11-09 04:41:50",130
"2018-11-09 05:41:50",130
"2018-11-09 06:41:48",130
"2018-11-09 07:41:49",130
"2018-11-09 08:41:49",130
"2018-11-09 09:41:49",130
"2018-11-09 10:41:48",130
"2018-11-09 11:41:49",130
"2018-11-09 12:41:49",130
"2018-11-09 13:41:48",130
"2018-11-09 15:05:53",130
"2018-11-09 15:41:51",130
"2018-11-09 16:41:50",130
"2018-11-09 17:41:50",130
"2018-11-09 18:41:50",130
"2018-11-09 19:41:52",130
"2018-11-09 20:41:51",130
"2018-11-09 21:41:50",130
"2018-11-09 22:41:50",130
"2018-11-09 23:41:49",130
"2018-11-10 00:41:49",130
"2018-11-10 01:41:50",130
"2018-11-10 02:41:49",130
"2018-11-10 03:41:49",130
"2018-11-10 04:41:50",130
"2018-11-10 05:41:49",130
"2018-11-10 06:41:49",130
"2018-11-10 07:41:49",130
"2018-11-10 08:41:49",130
"2018-11-10 09:41:49",130
"2018-11-10 10:41:48",130
"2018-11-10 11:41:49",130
"2018-11-10 12:41:48",130
"2018-11-10 13:41:49",130
"2018-11-10 14:41:49",130
"2018-11-10 15:41:51",130
"2018-11-10 16:41:49",130
"2018-11-10 17:41:50",130
"2018-11-10 18:41:50",130
"2018-11-10 19:41:51",130
"2018-11-10 20:41:49",130
"2018-11-10 21:41:50",130
"2018-11-10 22:41:49",130
"2018-11-10 23:41:50",130
"2018-11-11 00:41:50",130
"2018-11-11 01:41:50",130
"2018-11-11 02:41:48",130
"2018-11-11 03:41:50",130
"2018-11-11 04:41:49",130
"2018-11-11 05:41:50",130
"2018-11-11 06:41:49",130
"2018-11-11 07:41:50",130
"2018-11-11 08:41:49",130
"2018-11-11 09:41:50",130
"2018-11-11 10:41:50",130
"2018-11-11 11:41:49",130
"2018-11-11 12:41:50",130
"2018-11-11 13:41:49",130
"2018-11-11 14:41:50",130
"2018-11-11 15:41:50",130
"2018-11-11 16:41:49",130
"2018-11-11 17:41:49",130
"2018-11-11 18:41:49",130
"2018-11-11 19:41:48",130
"2018-11-11 20:41:50",130
"2018-11-11 21:41:49",130
"2018-11-11 22:41:50",130
"2018-11-11 23:41:49",130
"2018-11-12 00:41:50",130
"2018-11-12 01:41:48",130
"2018-11-12 02:41:49",130
"2018-11-12 03:41:50",130
"2018-11-12 04:41:49",130
"2018-11-12 05:41:50",130
"2018-11-12 06:41:50",130
"2018-11-12 07:41:49",130
"2018-11-12 08:41:50",130
"2018-11-12 09:41:49",130
"2018-11-12 10:41:49",130
"2018-11-12 11:41:50",130
"2018-11-12 12:41:48",130
"2018-11-12 13:41:49",130
"2018-11-12 14:41:51",130
"2018-11-12 15:41:49",130
"2018-11-12 16:41:51",130
"2018-11-12 17:41:48",130
"2018-11-12 18:41:49",130
"2018-11-12 19:41:50",129
"2018-11-12 20:41:50",129
"2018-11-12 21:41:49",129
"2018-11-12 22:41:49",129
"2018-11-12 23:41:49",129
"2018-11-13 00:41:49",129
"2018-11-13 01:41:49",129
"2018-11-13 02:41:50",129
"2018-11-13 03:41:50",129
"2018-11-13 04:41:49",129
"2018-11-13 05:41:49",129
"2018-11-13 06:41:49",129
"2018-11-13 07:41:50",129
"2018-11-13 08:41:51",129
"2018-11-13 09:41:49",129
"2018-11-13 10:41:50",129
"2018-11-13 11:41:50",129
"2018-11-13 12:41:49",129
"2018-11-13 13:41:49",129
"2018-11-13 14:41:52",129
"2018-11-13 15:41:50",129
"2018-11-13 16:41:49",129
"2018-11-13 17:41:50",129
"2018-11-13 18:41:48",129
"2018-11-13 19:41:49",129
"2018-11-13 20:41:49",129
"2018-11-13 21:41:49",129
"2018-11-13 22:41:49",129
"2018-11-13 23:41:50",129
"2018-11-14 00:41:49",129
"2018-11-14 01:41:50",129
"2018-11-14 02:41:49",129
"2018-11-14 03:41:49",129
"2018-11-14 04:41:49",129
"2018-11-14 05:41:49",129
"2018-11-14 06:41:50",129
"2018-11-14 07:41:49",129
"2018-11-14 08:41:49",129
"2018-11-14 09:41:50",129
"2018-11-14 10:41:49",129
"2018-11-14 11:41:50",129
"2018-11-14 12:41:49",129
"2018-11-14 13:41:50",129
"2018-11-14 14:41:50",129
"2018-11-14 15:41:50",130
"2018-11-14 16:41:51",130
"2018-11-14 17:41:50",130
"2018-11-14 18:41:51",129
"2018-11-14 19:41:51",129
"2018-11-14 20:41:50",129
"2018-11-14 21:41:51",129
"2018-11-14 22:41:50",129
"2018-11-14 23:41:49",129
"2018-11-15 00:41:49",129
"2018-11-15 01:41:50",129
"2018-11-15 02:41:49",129
"2018-11-15 03:41:49",129
"2018-11-15 04:41:49",129
"2018-11-15 05:41:50",129
"2018-11-15 06:41:49",129
"2018-11-15 07:41:49",129
"2018-11-15 08:41:49",129
"2018-11-15 09:41:50",129
"2018-11-15 10:41:50",129
"2018-11-15 11:41:49",129
"2018-11-15 12:41:49",129
"2018-11-15 13:41:50",129
"2018-11-15 14:41:50",129
"2018-11-15 15:41:50",129
"2018-11-15 16:41:49",129
"2018-11-15 17:41:51",129
"2018-11-15 18:41:50",129
"2018-11-15 19:41:49",129
"2018-11-15 20:41:51",129
"2018-11-15 21:41:52",129
"2018-11-15 22:41:50",129
"2018-11-15 23:41:49",129
"2018-11-16 00:41:49",129
"2018-11-16 01:41:49",129
"2018-11-16 02:41:49",129
"2018-11-16 03:41:49",129
"2018-11-16 04:41:49",129
"2018-11-16 05:41:49",129
"2018-11-16 06:41:49",129
"2018-11-16 07:41:50",129
"2018-11-16 08:41:49",129
"2018-11-16 09:41:49",129
"2018-11-16 10:41:49",129
"2018-11-16 11:41:49",129
"2018-11-16 12:41:48",129
"2018-11-16 13:41:49",129
"2018-11-16 14:41:50",129
"2018-11-16 15:41:50",129
"2018-11-16 16:41:50",129
"2018-11-16 17:41:50",129
"2018-11-16 18:41:49",129
"2018-11-16 19:41:49",129
"2018-11-16 20:41:52",129
"2018-11-16 21:41:51",129
"2018-11-16 22:41:50",129
"2018-11-16 23:41:50",129
"2018-11-17 00:41:50",129
"2018-11-17 01:41:50",129
"2018-11-17 02:41:48",129
"2018-11-17 03:41:53",129
"2018-11-17 04:41:49",129
"2018-11-17 05:41:50",129
"2018-11-17 06:41:51",129
"2018-11-17 07:41:48",129
"2018-11-17 08:41:50",129
"2018-11-17 09:41:49",129
"2018-11-17 10:41:50",129
"2018-11-17 11:41:50",129
"2018-11-17 12:41:49",129
"2018-11-17 13:41:49",129
"2018-11-17 14:41:50",129
"2018-11-17 15:41:50",129
"2018-11-17 16:41:49",129
"2018-11-17 17:41:50",129
"2018-11-17 18:41:50",129
"2018-11-17 19:41:50",129
"2018-11-17 20:41:49",129
"2018-11-17 21:41:49",129
"2018-11-17 22:41:49",129
"2018-11-17 23:41:49",129
"2018-11-18 00:41:49",129
"2018-11-18 01:41:49",129
"2018-11-18 02:41:49",129
"2018-11-18 03:41:50",129
"2018-11-18 04:41:49",129
"2018-11-18 05:41:49",129
"2018-11-18 06:41:50",129
"2018-11-18 07:41:49",129
"2018-11-18 08:41:49",129
"2018-11-18 09:41:49",129
"2018-11-18 10:41:49",129
"2018-11-18 11:41:49",129
"2018-11-18 12:41:49",129
"2018-11-18 13:41:49",129
"2018-11-18 14:41:50",129
"2018-11-18 15:41:50",129
"2018-11-18 16:41:49",129
"2018-11-18 17:41:49",129
"2018-11-18 18:41:50",129
"2018-11-18 19:41:49",129
"2018-11-18 20:41:50",129
"2018-11-18 21:41:49",129
"2018-11-18 22:41:49",129
"2018-11-18 23:41:50",129
"2018-11-19 00:41:49",129
"2018-11-19 01:41:50",129
"2018-11-19 02:41:49",129
"2018-11-19 03:41:49",129
"2018-11-19 04:41:49",129
"2018-11-19 05:41:49",129
"2018-11-19 06:41:49",129
"2018-11-19 07:41:49",129
"2018-11-19 08:41:49",129
"2018-11-19 09:41:48",129
"2018-11-19 10:41:50",129
"2018-11-19 11:41:49",129
"2018-11-19 12:41:50",129
"2018-11-19 13:41:49",129
"2018-11-19 14:41:50",129
"2018-11-19 15:41:49",129
"2018-11-19 16:41:51",129
"2018-11-19 17:41:51",129
"2018-11-19 18:41:50",127
"2018-11-19 19:41:50",127
"2018-11-19 20:41:50",128
"2018-11-19 21:41:49",128
"2018-11-19 22:41:50",128
"2018-11-19 23:41:49",128
"2018-11-20 00:41:50",128
"2018-11-20 01:41:50",128
"2018-11-20 02:41:50",128
"2018-11-20 03:41:50",128
"2018-11-20 04:41:49",128
"2018-11-20 05:41:49",128
"2018-11-20 06:41:50",128
"2018-11-20 07:41:49",128
"2018-11-20 08:41:50",128
"2018-11-20 09:41:50",128
"2018-11-20 10:41:49",128
"2018-11-20 11:41:49",128
"2018-11-20 12:41:49",128
"2018-11-20 13:41:50",128
"2018-11-20 14:41:51",128
"2018-11-20 15:41:50",128
"2018-11-20 16:41:49",128
"2018-11-20 17:41:49",128
"2018-11-20 18:41:51",128
"2018-11-20 19:41:49",128
"2018-11-20 20:41:50",128
"2018-11-20 21:41:51",128
"2018-11-20 22:41:49",128
"2018-11-20 23:41:49",128
"2018-11-21 00:41:48",128
"2018-11-21 01:41:48",128
"2018-11-21 02:41:48",128
"2018-11-21 03:41:49",128
"2018-11-21 04:41:49",128
"2018-11-21 05:41:49",128
"2018-11-21 06:41:50",128
"2018-11-21 07:41:50",128
"2018-11-21 08:41:49",128
"2018-11-21 09:41:49",128
"2018-11-21 10:41:48",128
"2018-11-21 11:41:48",128
"2018-11-21 12:41:48",128
"2018-11-21 13:41:48",128
"2018-11-21 14:41:51",128
"2018-11-21 16:41:49",128
"2018-11-21 17:41:51",128
"2018-11-21 18:41:50",128
"2018-11-21 19:41:50",128
"2018-11-21 20:41:51",128
"2018-11-21 21:41:51",128
"2018-11-21 22:41:50",128
"2018-11-21 23:41:50",128
"2018-11-22 00:41:49",128
"2018-11-22 01:41:50",128
"2018-11-22 02:41:50",128
"2018-11-22 03:41:50",128
"2018-11-22 04:41:51",128
"2018-11-22 05:41:50",128
"2018-11-22 06:41:50",128
"2018-11-22 07:41:50",128
"2018-11-22 08:41:50",128
"2018-11-22 09:41:50",128
"2018-11-22 10:41:50",128
"2018-11-22 11:41:50",128
"2018-11-22 12:41:50",128
"2018-11-22 13:41:50",128
"2018-11-22 14:41:49",128
"2018-11-22 15:41:51",128
"2018-11-22 16:41:49",128
"2018-11-22 17:41:51",128
"2018-11-22 18:41:49",128
"2018-11-22 19:41:49",128
"2018-11-22 20:41:50",128
"2018-11-22 21:41:50",128
"2018-11-22 22:41:50",128
"2018-11-22 23:41:50",128
"2018-11-23 00:41:50",128
"2018-11-23 01:41:49",128
"2018-11-23 02:41:50",128
"2018-11-23 03:41:50",128
"2018-11-23 04:41:50",128
"2018-11-23 05:41:50",128
"2018-11-23 06:41:49",128
"2018-11-23 07:41:50",128
"2018-11-23 08:41:50",128
"2018-11-23 09:41:50",128
"2018-11-23 10:41:50",128
"2018-11-23 11:41:51",128
"2018-11-23 12:41:51",128
"2018-11-23 13:41:49",128
"2018-11-23 14:41:50",128
"2018-11-23 15:41:51",126
"2018-11-23 16:41:49",126
"2018-11-23 17:41:50",126
"2018-11-23 18:41:49",126
"2018-11-23 19:41:50",125
"2018-11-23 20:41:51",125
"2018-11-23 21:41:51",125
"2018-11-23 22:41:50",125
"2018-11-23 23:41:51",125
"2018-11-24 00:41:50",125
"2018-11-24 01:41:51",125
"2018-11-24 02:41:52",125
"2018-11-24 03:41:51",125
"2018-11-24 04:41:51",125
"2018-11-24 05:41:52",125
"2018-11-24 06:41:51",125
"2018-11-24 07:41:50",125
"2018-11-24 08:41:51",125
"2018-11-24 09:41:50",125
"2018-11-24 10:41:50",125
"2018-11-24 11:41:51",125
"2018-11-24 12:41:51",125
"2018-11-24 13:41:50",125
"2018-11-24 14:41:51",125
"2018-11-24 15:41:51",125
"2018-11-24 16:41:50",125
"2018-11-24 17:41:51",125
"2018-11-24 18:41:50",125
"2018-11-24 19:41:50",125
"2018-11-24 20:41:51",125
"2018-11-24 21:41:50",125
"2018-11-24 22:41:50",125
"2018-11-24 23:41:51",125
"2018-11-25 00:41:51",125
"2018-11-25 01:41:51",125
"2018-11-25 02:41:51",125
"2018-11-25 03:41:50",125
"2018-11-25 04:41:51",125
"2018-11-25 05:41:51",125
"2018-11-25 06:41:50",125
"2018-11-25 07:41:50",125
"2018-11-25 08:41:50",125
"2018-11-25 09:41:51",125
"2018-11-25 10:41:50",125
"2018-11-25 11:41:51",125
"2018-11-25 12:41:50",125
"2018-11-25 13:41:51",125
"2018-11-25 14:41:50",125
"2018-11-25 15:41:50",125
"2018-11-25 16:41:51",125
"2018-11-25 17:41:51",125
"2018-11-25 18:41:51",125
"2018-11-25 19:41:51",125
"2018-11-25 20:41:51",125
"2018-11-25 21:41:50",125
"2018-11-25 22:41:51",125
"2018-11-25 23:41:50",125
"2018-11-26 00:41:50",125
"2018-11-26 01:41:51",125
"2018-11-26 02:41:52",125
"2018-11-26 03:41:50",125
"2018-11-26 04:41:50",125
"2018-11-26 05:41:51",125
"2018-11-26 06:41:50",125
"2018-11-26 07:41:50",125
"2018-11-26 08:41:50",125
"2018-11-26 09:41:51",125
"2018-11-26 10:41:51",125
"2018-11-26 11:41:51",125
"2018-11-26 12:41:50",125
"2018-11-26 13:41:49",125
"2018-11-26 14:41:52",125
"2018-11-26 15:41:50",126
"2018-11-26 16:41:50",125
"2018-11-26 17:41:51",125
"2018-11-26 18:41:51",125
"2018-11-26 19:41:50",125
"2018-11-26 20:41:51",125
"2018-11-26 21:41:49",125
"2018-11-26 22:41:51",125
"2018-11-26 23:41:52",125
"2018-11-27 00:41:51",125
"2018-11-27 01:41:50",125
"2018-11-27 02:41:50",125
"2018-11-27 03:41:50",125
"2018-11-27 04:41:50",125
"2018-11-27 05:41:50",125
"2018-11-27 06:41:50",125
"2018-11-27 07:41:50",125
"2018-11-27 08:41:50",125
"2018-11-27 09:41:50",125
"2018-11-27 10:42:36",125
"2018-11-27 11:41:50",125
"2018-11-27 12:41:50",125
"2018-11-27 13:41:51",125
"2018-11-27 14:41:52",125
"2018-11-27 15:41:52",125
"2018-11-27 16:41:53",125
"2018-11-27 17:41:52",124
"2018-11-27 18:41:51",124
"2018-11-27 19:41:52",124
"2018-11-27 20:41:51",124
"2018-11-27 21:41:52",124
"2018-11-27 22:41:52",124
"2018-11-27 23:41:52",124
"2018-11-28 00:41:51",124
"2018-11-28 01:41:51",124
"2018-11-28 02:41:51",124
"2018-11-28 03:41:52",124
"2018-11-28 04:41:52",124
"2018-11-28 05:41:52",124
"2018-11-28 06:41:51",124
"2018-11-28 07:41:50",124
"2018-11-28 08:41:51",124
"2018-11-28 09:41:53",124
"2018-11-28 10:41:51",124
"2018-11-28 11:41:51",124
"2018-11-28 12:41:51",124
"2018-11-28 14:06:53",124
"2018-11-28 14:41:51",124
"2018-11-28 15:41:53",123
"2018-11-28 16:41:51",123
"2018-11-28 17:41:53",123
"2018-11-28 18:41:50",122
"2018-11-28 19:41:51",122
"2018-11-28 20:41:51",121
"2018-11-28 21:41:50",122
"2018-11-28 22:41:50",122
"2018-11-28 23:41:49",122
"2018-11-29 00:41:50",122
"2018-11-29 01:41:51",122
"2018-11-29 02:41:50",122
"2018-11-29 03:41:50",122
"2018-11-29 04:41:50",122
"2018-11-29 05:41:50",122
"2018-11-29 06:41:50",122
"2018-11-29 07:41:49",122
"2018-11-29 08:41:49",122
"2018-11-29 09:41:50",122
"2018-11-29 10:41:50",122
"2018-11-29 11:41:49",122
"2018-11-29 12:41:50",122
"2018-11-29 13:41:50",122
"2018-11-29 15:06:54",122
"2018-11-29 15:41:51",122
"2018-11-29 16:41:51",122
"2018-11-29 17:41:52",122
"2018-11-29 18:41:52",122
"2018-11-29 19:41:50",122
"2018-11-29 20:41:49",122
"2018-11-29 21:41:51",122
"2018-11-29 22:41:51",122
"2018-11-29 23:41:51",122
"2018-11-30 00:41:51",122
"2018-11-30 01:41:51",122
"2018-11-30 02:41:49",122
"2018-11-30 03:41:51",122
"2018-11-30 04:41:50",122
"2018-11-30 05:41:51",122
"2018-11-30 06:41:50",122
"2018-11-30 07:41:50",122
"2018-11-30 08:41:49",122
"2018-11-30 09:41:50",122
"2018-11-30 10:41:50",122
"2018-11-30 11:41:49",122
"2018-11-30 12:41:50",122
"2018-11-30 13:41:50",122
"2018-11-30 14:41:52",122
"2018-11-30 15:41:51",122
"2018-11-30 16:41:51",122
"2018-11-30 17:41:51",122
"2018-11-30 18:41:50",122
"2018-11-30 19:41:50",122
"2018-11-30 20:41:50",122
"2018-11-30 21:41:50",122
"2018-11-30 22:41:52",122
"2018-11-30 23:41:50",122
"2018-12-01 00:41:50",122
"2018-12-01 01:41:50",122
"2018-12-01 02:41:50",122
"2018-12-01 03:41:50",122
"2018-12-01 04:41:50",122
"2018-12-01 05:41:50",122
"2018-12-01 06:41:49",122
"2018-12-01 07:41:49",122
"2018-12-01 08:41:50",122
"2018-12-01 09:41:50",122
"2018-12-01 10:41:50",122
"2018-12-01 11:41:50",122
"2018-12-01 12:41:50",122
"2018-12-01 13:41:50",122
"2018-12-01 14:41:49",122
"2018-12-01 15:41:50",122
"2018-12-01 16:41:50",122
"2018-12-01 17:41:50",122
"2018-12-01 18:41:49",122
"2018-12-01 19:41:49",122
"2018-12-01 20:41:50",122
"2018-12-01 21:41:49",122
"2018-12-01 22:41:52",122
"2018-12-01 23:41:50",122
"2018-12-02 00:41:49",122
"2018-12-02 01:41:50",122
"2018-12-02 02:41:50",122
"2018-12-02 03:41:50",122
"2018-12-02 04:41:50",122
"2018-12-02 05:41:50",122
"2018-12-02 06:41:49",122
"2018-12-02 07:41:51",122
"2018-12-02 08:41:51",122
"2018-12-02 09:41:49",122
"2018-12-02 10:41:51",122
"2018-12-02 11:41:50",122
"2018-12-02 12:41:49",122
"2018-12-02 13:41:50",122
"2018-12-02 14:41:49",122
"2018-12-02 15:41:50",122
"2018-12-02 16:41:50",122
"2018-12-02 17:41:49",122
"2018-12-02 18:41:49",122
"2018-12-02 19:41:50",122
"2018-12-02 20:41:49",122
"2018-12-02 21:41:49",122
"2018-12-02 22:41:49",122
"2018-12-02 23:41:50",122
"2018-12-03 00:41:50",122
"2018-12-03 01:41:49",122
"2018-12-03 02:41:50",122
"2018-12-03 03:41:50",122
"2018-12-03 04:41:51",122
"2018-12-03 05:41:49",122
"2018-12-03 06:41:50",122
"2018-12-03 07:41:50",122
"2018-12-03 08:41:50",122
"2018-12-03 09:41:51",122
"2018-12-03 10:41:50",122
"2018-12-03 11:41:50",122
"2018-12-03 12:41:49",122
"2018-12-03 13:41:49",122
"2018-12-03 14:41:54",122
"2018-12-03 15:41:50",122
"2018-12-03 16:41:51",122
"2018-12-03 17:41:51",123
"2018-12-03 18:41:50",123
"2018-12-03 19:41:49",123
"2018-12-03 20:41:50",123
"2018-12-03 21:41:50",123
"2018-12-03 22:41:51",123
"2018-12-03 23:41:52",123
"2018-12-04 00:41:51",123
"2018-12-04 01:41:50",123
"2018-12-04 02:41:51",123
"2018-12-04 03:41:50",123
"2018-12-04 04:41:50",123
"2018-12-04 05:41:52",123
"2018-12-04 06:41:51",123
"2018-12-04 07:41:50",123
"2018-12-04 08:41:51",123
"2018-12-04 09:41:50",123
"2018-12-04 10:41:49",123
"2018-12-04 11:41:49",123
"2018-12-04 12:41:50",123
"2018-12-04 13:41:50",123
"2018-12-04 15:08:24",122
"2018-12-04 15:41:51",122
"2018-12-04 16:41:50",122
"2018-12-04 17:41:51",122
"2018-12-04 18:41:51",122
"2018-12-04 19:41:51",122
"2018-12-04 20:41:50",122
"2018-12-04 21:41:51",122
"2018-12-04 22:41:52",122
"2018-12-04 23:41:51",122
"2018-12-05 00:41:51",122
"2018-12-05 01:41:51",122
"2018-12-05 02:41:51",122
"2018-12-05 03:41:50",122
"2018-12-05 04:41:53",122
"2018-12-05 05:41:53",122
"2018-12-05 06:41:50",122
"2018-12-05 07:41:50",122
"2018-12-05 08:41:49",122
"2018-12-05 09:41:49",122
"2018-12-05 10:41:50",122
"2018-12-05 11:41:50",122
"2018-12-05 12:41:50",122
"2018-12-05 13:41:49",122
"2018-12-05 14:41:50",122
"2018-12-05 15:41:51",122
"2018-12-05 16:41:50",122
"2018-12-05 17:41:50",122
"2018-12-05 18:41:50",122
"2018-12-05 19:41:51",122
"2018-12-05 20:41:50",122
"2018-12-05 21:41:51",122
"2018-12-05 22:41:50",122
"2018-12-05 23:41:51",122
"2018-12-06 00:41:51",122
"2018-12-06 01:41:51",122
"2018-12-06 02:41:50",122
"2018-12-06 03:41:51",122
"2018-12-06 04:41:49",122
"2018-12-06 05:41:50",122
"2018-12-06 06:41:50",122
"2018-12-06 07:41:49",122
"2018-12-06 08:41:51",122
"2018-12-06 09:41:51",122
"2018-12-06 10:41:50",122
"2018-12-06 11:41:51",122
"2018-12-06 12:41:50",122
"2018-12-06 13:41:51",122
"2018-12-06 14:41:51",122
"2018-12-06 15:41:51",123
"2018-12-06 16:41:51",123
"2018-12-06 17:41:52",123
"2018-12-06 18:41:50",123
"2018-12-06 19:41:50",123
"2018-12-06 20:41:50",124
"2018-12-06 21:41:50",124
"2018-12-06 22:41:50",124
"2018-12-06 23:41:52",124
"2018-12-07 00:41:54",124
"2018-12-07 01:41:54",124
"2018-12-07 02:41:53",124
"2018-12-07 03:41:54",124
"2018-12-07 04:41:54",124
"2018-12-07 05:41:54",124
"2018-12-07 06:41:54",124
"2018-12-07 07:41:53",124
"2018-12-07 08:41:53",124
"2018-12-07 09:41:53",124
"2018-12-07 10:41:53",124
"2018-12-07 11:41:53",124
"2018-12-07 12:41:54",124
"2018-12-07 14:06:54",124
"2018-12-07 14:41:55",124
"2018-12-07 16:06:58",123
"2018-12-07 16:41:54",123
"2018-12-07 17:41:55",124
"2018-12-07 18:41:54",124
"2018-12-07 19:41:56",124
"2018-12-07 20:41:55",124
"2018-12-07 21:41:54",124
"2018-12-07 22:41:56",124
"2018-12-07 23:41:56",124
"2018-12-08 00:41:54",124
"2018-12-08 01:41:53",124
"2018-12-08 03:41:55",124
"2018-12-08 04:41:55",124
"2018-12-08 05:41:55",124
"2018-12-08 06:41:53",124
"2018-12-08 07:41:55",124
"2018-12-08 08:41:54",124
"2018-12-08 09:41:54",124
"2018-12-08 10:41:55",124
"2018-12-08 11:41:54",124
"2018-12-08 12:41:54",124
"2018-12-08 13:41:53",124
"2018-12-08 14:41:54",124
"2018-12-08 15:41:54",124
"2018-12-08 16:41:55",124
"2018-12-08 17:41:54",124
"2018-12-08 18:41:53",124
"2018-12-08 19:41:54",124
"2018-12-08 20:41:56",124
"2018-12-08 21:41:56",124
"2018-12-08 22:41:54",124
"2018-12-08 23:41:55",124
"2018-12-09 00:41:54",124
"2018-12-09 01:41:55",124
"2018-12-09 02:41:55",124
"2018-12-09 03:41:54",124
"2018-12-09 04:41:54",124
"2018-12-09 05:41:54",124
"2018-12-09 06:41:54",124
"2018-12-09 07:41:55",124
"2018-12-09 08:41:54",124
"2018-12-09 09:41:56",124
"2018-12-09 10:41:54",124
"2018-12-09 11:41:55",124
"2018-12-09 12:41:54",124
"2018-12-09 13:41:54",124
"2018-12-09 14:41:54",124
"2018-12-09 15:41:55",124
"2018-12-09 16:41:54",124
"2018-12-09 17:41:54",124
"2018-12-09 18:41:54",124
"2018-12-09 19:41:53",124
"2018-12-09 20:41:54",124
"2018-12-09 21:41:54",124
"2018-12-09 22:41:55",124
"2018-12-09 23:41:54",124
"2018-12-10 00:41:55",124
"2018-12-10 01:41:54",124
"2018-12-10 02:41:54",124
"2018-12-10 03:41:54",124
"2018-12-10 04:41:55",124
"2018-12-10 05:41:54",124
"2018-12-10 06:41:56",124
"2018-12-10 07:41:56",124
"2018-12-10 08:41:54",124
"2018-12-10 09:41:54",124
"2018-12-10 10:41:55",124
"2018-12-10 11:41:53",124
"2018-12-10 12:41:55",124
"2018-12-10 13:41:56",124
"2018-12-10 15:05:28",124
"2018-12-10 15:41:53",124
"2018-12-10 16:41:54",124
"2018-12-10 17:41:54",124
"2018-12-10 18:41:54",124
"2018-12-10 19:41:54",124
"2018-12-10 20:41:52",124
"2018-12-10 21:41:54",124
"2018-12-10 22:41:53",124
"2018-12-10 23:41:54",124
"2018-12-11 00:41:53",124
"2018-12-11 01:41:53",124
"2018-12-11 02:41:53",124
"2018-12-11 03:41:54",124
"2018-12-11 04:41:52",124
"2018-12-11 05:41:54",124
"2018-12-11 06:41:54",124
"2018-12-11 07:41:53",124
"2018-12-11 08:41:53",124
"2018-12-11 09:41:53",124
"2018-12-11 10:41:53",124
"2018-12-11 11:41:54",124
"2018-12-11 12:41:54",124
"2018-12-11 13:41:53",124
"2018-12-11 15:06:27",124
"2018-12-11 15:41:54",124
"2018-12-11 16:41:54",124
"2018-12-11 17:41:54",123
"2018-12-11 18:41:54",123
"2018-12-11 19:41:54",123
"2018-12-11 20:41:53",123
"2018-12-11 21:41:55",123
"2018-12-11 22:41:54",123
"2018-12-11 23:41:54",123
"2018-12-12 00:41:53",123
"2018-12-12 01:41:53",123
"2018-12-12 02:41:54",123
"2018-12-12 03:41:54",123
"2018-12-12 04:41:53",123
"2018-12-12 05:41:52",123
"2018-12-12 06:41:53",123
"2018-12-12 07:41:53",123
"2018-12-12 08:41:54",123
"2018-12-12 09:41:53",123
"2018-12-12 10:41:53",123
"2018-12-12 11:41:54",123
"2018-12-12 12:41:56",123
"2018-12-12 14:07:28",123
"2018-12-12 14:41:55",123
"2018-12-12 15:41:54",123
"2018-12-12 16:41:55",123
"2018-12-12 17:41:54",123
"2018-12-12 18:41:53",123
"2018-12-12 19:41:54",123
"2018-12-12 20:41:53",123
"2018-12-12 21:41:54",123
"2018-12-12 22:41:54",123
"2018-12-12 23:41:54",123
"2018-12-13 00:41:53",123
"2018-12-13 01:41:53",123
"2018-12-13 02:41:54",123
"2018-12-13 03:41:53",123
"2018-12-13 04:41:56",123
"2018-12-13 05:41:55",123
"2018-12-13 06:41:55",123
"2018-12-13 07:41:53",123
"2018-12-13 08:41:53",123
"2018-12-13 09:41:53",123
"2018-12-13 10:41:53",123
"2018-12-13 11:41:53",123
"2018-12-13 12:41:52",123
"2018-12-13 14:05:58",123
"2018-12-13 14:41:55",123
"2018-12-13 15:41:56",123
"2018-12-13 16:41:55",123
"2018-12-13 17:41:55",123
"2018-12-13 18:41:55",123
"2018-12-13 19:41:55",123
"2018-12-13 20:41:55",123
"2018-12-13 21:41:54",123
"2018-12-13 22:41:55",123
"2018-12-13 23:41:55",123
"2018-12-14 00:41:55",123
"2018-12-14 01:41:55",123
"2018-12-14 02:41:54",123
"2018-12-14 03:41:54",123
"2018-12-14 04:41:56",123
"2018-12-14 05:41:54",123
"2018-12-14 06:41:54",123
"2018-12-14 07:41:55",123
"2018-12-14 08:41:55",123
"2018-12-14 09:41:54",123
"2018-12-14 10:41:55",123
"2018-12-14 11:41:54",123
"2018-12-14 12:41:55",123
"2018-12-14 14:05:57",123
"2018-12-14 14:41:55",123
"2018-12-14 15:41:55",123
"2018-12-14 16:41:55",123
"2018-12-14 17:41:55",123
"2018-12-14 18:41:57",123
"2018-12-14 19:41:57",123
"2018-12-14 20:41:56",123
"2018-12-14 21:41:54",123
"2018-12-14 22:41:56",123
"2018-12-14 23:41:56",123
"2018-12-15 00:41:55",123
"2018-12-15 01:41:56",123
"2018-12-15 02:41:54",123
"2018-12-15 03:41:55",123
"2018-12-15 04:41:54",123
"2018-12-15 05:41:56",123
"2018-12-15 06:41:55",123
"2018-12-15 07:41:55",123
"2018-12-15 08:41:54",123
"2018-12-15 09:41:54",123
"2018-12-15 10:41:55",123
"2018-12-15 11:41:55",123
"2018-12-15 12:41:55",123
"2018-12-15 13:41:55",123
"2018-12-15 14:41:54",123
"2018-12-15 15:41:55",123
"2018-12-15 16:41:54",123
"2018-12-15 17:41:56",123
"2018-12-15 18:41:55",123
"2018-12-15 19:41:55",123
"2018-12-15 20:41:54",123
"2018-12-15 21:41:54",123
"2018-12-15 22:41:55",123
"2018-12-15 23:41:54",123
"2018-12-16 00:41:55",123
"2018-12-16 01:41:55",123
"2018-12-16 02:41:54",123
"2018-12-16 03:41:55",123
"2018-12-16 04:41:56",123
"2018-12-16 05:41:54",123
"2018-12-16 06:41:56",123
"2018-12-16 07:41:54",123
"2018-12-16 08:41:54",123
"2018-12-16 09:41:56",123
"2018-12-16 10:41:54",123
"2018-12-16 11:41:54",123
"2018-12-16 12:41:54",123
"2018-12-16 13:41:54",123
"2018-12-16 14:41:54",123
"2018-12-16 15:41:54",123
"2018-12-16 16:41:54",123
"2018-12-16 17:41:56",123
"2018-12-16 18:41:54",123
"2018-12-16 19:41:55",123
"2018-12-16 20:41:55",123
"2018-12-16 21:41:54",123
"2018-12-16 22:41:56",123
"2018-12-16 23:41:56",123
"2018-12-17 00:41:55",123
"2018-12-17 01:41:54",123
"2018-12-17 02:41:55",123
"2018-12-17 03:41:54",123
"2018-12-17 04:41:57",123
"2018-12-17 05:41:54",123
"2018-12-17 06:41:56",123
"2018-12-17 07:41:55",123
"2018-12-17 08:41:55",123
"2018-12-17 09:41:55",123
"2018-12-17 10:41:55",123
"2018-12-17 11:41:54",123
"2018-12-17 12:41:54",123
"2018-12-17 13:41:56",123
"2018-12-17 14:41:58",123
"2018-12-17 15:41:56",123
"2018-12-17 16:41:56",123
"2018-12-17 17:41:55",123
"2018-12-17 18:41:56",123
"2018-12-17 20:07:28",123
"2018-12-17 20:41:55",123
"2018-12-17 21:41:56",123
"2018-12-17 22:41:55",123
"2018-12-17 23:41:54",123
"2018-12-18 00:41:55",123
"2018-12-18 01:41:56",123
"2018-12-18 02:41:54",123
"2018-12-18 03:41:55",123
"2018-12-18 04:41:54",123
"2018-12-18 05:41:55",123
"2018-12-18 06:41:55",123
"2018-12-18 07:41:55",123
"2018-12-18 08:41:55",123
"2018-12-18 09:41:54",123
"2018-12-18 10:41:54",123
"2018-12-18 11:41:54",123
"2018-12-18 12:41:55",123
"2018-12-18 13:41:54",123
"2018-12-18 14:41:54",123
"2018-12-18 15:41:55",123
"2018-12-18 16:41:54",123
"2018-12-18 17:41:55",123
"2018-12-18 18:41:54",123
"2018-12-18 19:41:54",123
"2018-12-18 20:41:56",123
"2018-12-18 21:41:55",123
"2018-12-18 22:41:54",123
"2018-12-18 23:41:56",123
"2018-12-19 00:41:54",123
"2018-12-19 01:41:55",123
"2018-12-19 02:41:54",123
"2018-12-19 03:41:56",123
"2018-12-19 04:41:55",123
"2018-12-19 05:41:57",123
"2018-12-19 06:41:55",123
"2018-12-19 07:41:55",123
"2018-12-19 08:41:55",123
"2018-12-19 09:41:55",123
"2018-12-19 11:41:55",123
"2018-12-19 12:41:55",123
"2018-12-19 13:41:54",123
"2018-12-19 14:41:55",123
"2018-12-19 15:41:55",123
"2018-12-19 16:41:55",123
"2018-12-19 17:41:54",123
"2018-12-19 18:41:55",124
"2018-12-19 19:41:55",124
"2018-12-19 20:41:54",124
"2018-12-19 21:41:57",125
"2018-12-19 22:41:57",125
"2018-12-19 23:41:57",125
"2018-12-20 00:41:57",125
"2018-12-20 01:41:56",125
"2018-12-20 02:41:56",125
"2018-12-20 03:41:56",125
"2018-12-20 04:41:56",125
"2018-12-20 05:41:55",125
"2018-12-20 06:41:55",125
"2018-12-20 07:41:56",125
"2018-12-20 08:41:56",125
"2018-12-20 09:41:54",125
"2018-12-20 10:41:55",125
"2018-12-20 11:41:54",125
"2018-12-20 12:41:54",125
"2018-12-20 13:41:55",125
"2018-12-20 14:41:56",125
"2018-12-20 15:41:56",125
"2018-12-20 16:41:56",125
"2018-12-20 17:41:56",125
"2018-12-20 18:41:55",125
"2018-12-20 19:41:55",125
"2018-12-20 20:41:56",125
"2018-12-20 21:41:56",125
"2018-12-20 22:41:56",125
"2018-12-20 23:41:56",125
"2018-12-21 00:41:56",125
"2018-12-21 01:41:55",125
"2018-12-21 02:41:56",125
"2018-12-21 03:41:55",125
"2018-12-21 04:41:56",125
"2018-12-21 05:41:54",125
"2018-12-21 06:41:56",125
"2018-12-21 07:41:54",125
"2018-12-21 08:41:54",125
"2018-12-21 09:41:55",125
"2018-12-21 10:41:54",125
"2018-12-21 11:41:55",125
"2018-12-21 12:41:55",125
"2018-12-21 13:41:54",125
"2018-12-21 14:41:57",125
"2018-12-21 15:41:56",124
"2018-12-21 16:41:56",124
"2018-12-21 17:41:56",125
"2018-12-21 18:41:58",125
"2018-12-21 19:41:55",124
"2018-12-21 20:41:59",124
"2018-12-21 21:41:57",123
"2018-12-21 22:41:58",123
"2018-12-21 23:41:56",123
"2018-12-22 00:41:58",123
"2018-12-22 01:41:57",123
"2018-12-22 02:41:59",123
"2018-12-22 03:41:55",123
"2018-12-22 04:41:58",123
"2018-12-22 05:41:55",123
"2018-12-22 06:41:58",123
"2018-12-22 07:41:57",123
"2018-12-22 08:41:55",123
"2018-12-22 09:41:55",123
"2018-12-22 10:41:55",123
"2018-12-22 11:41:55",123
"2018-12-22 12:41:55",123
"2018-12-22 13:41:55",123
"2018-12-22 14:41:56",123
"2018-12-22 15:41:56",123
"2018-12-22 16:41:55",123
"2018-12-22 17:41:56",123
"2018-12-22 18:41:55",123
"2018-12-22 19:41:57",123
"2018-12-22 20:41:57",123
"2018-12-22 21:41:57",123
"2018-12-22 22:41:57",123
"2018-12-22 23:41:56",123
"2018-12-23 00:41:56",123
"2018-12-23 01:41:56",123
"2018-12-23 02:41:55",123
"2018-12-23 03:41:57",123
"2018-12-23 04:41:57",123
"2018-12-23 05:41:56",123
"2018-12-23 06:41:57",123
"2018-12-23 07:41:56",123
"2018-12-23 08:41:57",123
"2018-12-23 09:41:56",123
"2018-12-23 10:41:58",123
"2018-12-23 11:41:57",123
"2018-12-23 12:41:55",123
"2018-12-23 13:41:57",123
"2018-12-23 14:41:57",123
"2018-12-23 15:41:57",123
"2018-12-23 16:41:57",123
"2018-12-23 17:41:58",123
"2018-12-23 18:41:57",123
"2018-12-23 19:41:57",123
"2018-12-23 20:41:58",123
"2018-12-23 21:41:58",123
"2018-12-23 22:41:56",123
"2018-12-23 23:41:55",123
"2018-12-24 00:41:56",123
"2018-12-24 01:41:58",123
"2018-12-24 02:41:59",123
"2018-12-24 03:41:58",123
"2018-12-24 04:41:55",123
"2018-12-24 05:41:55",123
"2018-12-24 06:41:57",123
"2018-12-24 07:41:58",123
"2018-12-24 08:41:55",123
"2018-12-24 09:41:59",123
"2018-12-24 10:41:56",123
"2018-12-24 11:41:57",123
"2018-12-24 12:41:55",123
"2018-12-24 13:41:57",123
"2018-12-24 15:05:32",124
"2018-12-24 15:41:59",124
"2018-12-24 16:41:57",125
"2018-12-24 17:41:57",125
"2018-12-24 18:41:59",124
"2018-12-24 19:41:58",124
"2018-12-24 20:41:58",124
"2018-12-24 21:41:55",124
"2018-12-24 22:41:56",124
"2018-12-24 23:41:55",124
"2018-12-25 00:41:56",124
"2018-12-25 01:41:55",124
"2018-12-25 02:41:57",124
"2018-12-25 03:41:56",124
"2018-12-25 04:41:57",124
"2018-12-25 05:41:56",124
"2018-12-25 06:41:56",124
"2018-12-25 07:41:56",124
"2018-12-25 08:41:56",124
"2018-12-25 09:41:55",124
"2018-12-25 10:41:55",124
"2018-12-25 11:41:55",124
"2018-12-25 12:41:56",124
"2018-12-25 13:41:56",124
"2018-12-25 14:41:56",124
"2018-12-25 15:41:56",124
"2018-12-25 16:41:55",124
"2018-12-25 17:41:56",124
"2018-12-25 18:41:56",124
"2018-12-25 19:41:56",124
"2018-12-25 20:41:56",124
"2018-12-25 21:41:56",124
"2018-12-25 22:41:56",124
"2018-12-25 23:41:56",124
"2018-12-26 00:41:56",124
"2018-12-26 01:41:56",124
"2018-12-26 02:41:56",124
"2018-12-26 03:41:55",124
"2018-12-26 04:41:55",124
"2018-12-26 05:41:55",124
"2018-12-26 06:41:58",124
"2018-12-26 07:41:56",124
"2018-12-26 08:41:57",124
"2018-12-26 09:41:55",124
"2018-12-26 10:41:56",124
"2018-12-26 11:41:55",124
"2018-12-26 12:41:56",124
"2018-12-26 13:41:59",124
"2018-12-26 15:07:02",124
"2018-12-26 15:41:57",124
"2018-12-26 16:41:57",124
"2018-12-26 17:41:57",124
"2018-12-26 18:41:55",124
"2018-12-26 19:41:57",124
"2018-12-26 20:41:57",124
"2018-12-26 21:41:58",124
"2018-12-26 22:41:58",123
"2018-12-26 23:41:57",123
"2018-12-27 00:41:57",123
"2018-12-27 01:41:58",123
"2018-12-27 02:41:57",123
"2018-12-27 03:41:58",123
"2018-12-27 04:41:56",123
"2018-12-27 05:41:57",123
"2018-12-27 06:41:56",123
"2018-12-27 07:41:57",123
"2018-12-27 08:41:56",123
"2018-12-27 09:41:56",123
"2018-12-27 10:41:57",123
"2018-12-27 11:41:55",123
"2018-12-27 12:41:56",123
"2018-12-27 13:41:55",123
"2018-12-27 14:41:56",123
"2018-12-27 15:41:55",124
"2018-12-27 16:41:56",124
"2018-12-27 17:41:57",123
"2018-12-27 18:41:58",123
"2018-12-27 19:41:58",123
"2018-12-27 20:41:56",123
"2018-12-27 21:41:57",123
"2018-12-27 22:42:01",123
"2018-12-27 23:42:01",123
"2018-12-28 00:41:59",123
"2018-12-28 01:41:58",123
"2018-12-28 02:41:58",123
"2018-12-28 03:41:56",123
"2018-12-28 04:41:58",123
"2018-12-28 05:41:56",123
"2018-12-28 06:41:59",123
"2018-12-28 07:42:00",123
"2018-12-28 08:41:57",123
"2018-12-28 09:41:58",123
"2018-12-28 10:41:56",123
"2018-12-28 11:41:57",123
"2018-12-28 12:41:55",123
"2018-12-28 13:41:56",123
"2018-12-28 14:41:57",123
"2018-12-28 16:07:30",123
"2018-12-28 16:41:57",123
"2018-12-28 17:41:58",123
"2018-12-28 18:41:58",123
"2018-12-28 19:41:56",123
"2018-12-28 20:41:58",124
"2018-12-28 21:41:58",124
"2018-12-28 22:41:56",124
"2018-12-28 23:41:58",124
"2018-12-29 00:41:56",124
"2018-12-29 01:41:56",124
"2018-12-29 02:41:57",124
"2018-12-29 03:41:56",124
"2018-12-29 04:41:56",124
"2018-12-29 05:41:56",124
"2018-12-29 06:41:55",124
"2018-12-29 07:41:58",124
"2018-12-29 08:41:58",124
"2018-12-29 09:41:57",124
"2018-12-29 10:41:56",124
"2018-12-29 11:41:56",124
"2018-12-29 12:41:56",124
"2018-12-29 13:41:56",124
"2018-12-29 14:41:55",124
"2018-12-29 15:41:55",124
"2018-12-29 16:41:57",124
"2018-12-29 17:41:55",124
"2018-12-29 18:41:57",124
"2018-12-29 19:41:58",124
"2018-12-29 20:41:56",124
"2018-12-29 21:41:59",124
"2018-12-29 22:41:57",124
"2018-12-29 23:41:59",124
"2018-12-30 00:41:56",124
"2018-12-30 01:41:57",124
"2018-12-30 02:41:55",124
"2018-12-30 03:41:56",124
"2018-12-30 04:41:56",124
"2018-12-30 05:41:55",124
"2018-12-30 06:41:55",124
"2018-12-30 07:41:55",124
"2018-12-30 08:41:55",124
"2018-12-30 09:41:55",124
"2018-12-30 10:41:55",124
"2018-12-30 11:41:56",124
"2018-12-30 12:41:56",124
"2018-12-30 13:41:56",124
"2018-12-30 14:41:55",124
"2018-12-30 15:41:55",124
"2018-12-30 16:41:55",124
"2018-12-30 17:41:56",124
"2018-12-30 18:41:55",124
"2018-12-30 19:41:56",124
"2018-12-30 20:41:55",124
"2018-12-30 21:41:57",124
"2018-12-30 22:41:57",124
"2018-12-30 23:41:56",124
"2018-12-31 00:41:56",124
"2018-12-31 01:41:56",124
"2018-12-31 02:41:54",124
"2018-12-31 03:41:57",124
"2018-12-31 04:41:57",124
"2018-12-31 05:41:59",124
"2018-12-31 06:41:56",124
"2018-12-31 07:41:56",124
"2018-12-31 08:41:55",124
"2018-12-31 09:41:57",124
"2018-12-31 10:41:57",124
"2018-12-31 11:41:56",124
"2018-12-31 12:41:55",124
"2018-12-31 13:41:55",124
"2018-12-31 14:41:58",124
"2018-12-31 15:41:56",123
"2018-12-31 16:41:56",123
"2018-12-31 17:41:57",123
"2018-12-31 18:41:57",123
"2018-12-31 19:41:58",123
"2018-12-31 20:41:57",123
"2018-12-31 21:41:57",123
"2018-12-31 22:41:56",123
"2018-12-31 23:41:55",123
"2019-01-01 00:41:56",123
"2019-01-01 01:41:56",123
"2019-01-01 02:41:57",123
"2019-01-01 03:41:55",123
"2019-01-01 04:41:56",123
"2019-01-01 05:41:55",123
"2019-01-01 06:41:56",123
"2019-01-01 07:41:55",123
"2019-01-01 08:41:56",123
"2019-01-01 09:41:55",123
"2019-01-01 10:41:55",123
"2019-01-01 11:41:55",123
"2019-01-01 12:41:55",123
"2019-01-01 13:41:55",123
"2019-01-01 14:41:56",123
"2019-01-01 15:41:56",123
"2019-01-01 16:41:55",123
"2019-01-01 17:41:56",123
"2019-01-01 18:41:54",123
"2019-01-01 19:41:56",123
"2019-01-01 20:41:55",123
"2019-01-01 21:41:55",123
"2019-01-01 22:41:58",123
"2019-01-01 23:41:55",123
"2019-01-02 00:41:56",123
"2019-01-02 01:41:55",123
"2019-01-02 02:41:56",123
"2019-01-02 03:41:56",123
"2019-01-02 04:41:56",123
"2019-01-02 05:41:57",123
"2019-01-02 06:41:56",123
"2019-01-02 07:41:56",123
"2019-01-02 08:41:56",123
"2019-01-02 09:41:56",123
"2019-01-02 10:41:57",123
"2019-01-02 11:41:55",123
"2019-01-02 12:41:55",123
"2019-01-02 13:41:56",123
"2019-01-02 15:07:02",123
"2019-01-02 15:41:57",123
"2019-01-02 16:41:56",122
"2019-01-02 17:41:57",122
"2019-01-02 18:41:58",122
"2019-01-02 19:41:58",123
"2019-01-02 20:41:58",123
"2019-01-02 21:41:56",123
"2019-01-02 22:41:57",123
"2019-01-02 23:41:58",123
"2019-01-03 00:41:58",123
"2019-01-03 01:41:56",123
"2019-01-03 02:41:57",123
"2019-01-03 03:41:57",123
"2019-01-03 05:41:58",123
"2019-01-03 06:41:57",123
"2019-01-03 07:41:57",123
"2019-01-03 08:41:57",123
"2019-01-03 09:41:57",123
"2019-01-03 10:41:57",123
"2019-01-03 11:41:56",123
"2019-01-03 12:41:57",123
"2019-01-03 13:41:55",123
"2019-01-03 14:41:59",123
"2019-01-03 15:41:59",124
"2019-01-03 16:42:00",124
"2019-01-03 17:42:01",124
"2019-01-03 18:41:58",124
"2019-01-03 19:41:59",124
"2019-01-03 20:41:57",123
"2019-01-03 21:41:58",123
"2019-01-03 22:41:59",123
"2019-01-03 23:41:56",123
"2019-01-04 00:41:58",123
"2019-01-04 01:41:58",123
"2019-01-04 02:42:00",123
"2019-01-04 03:41:57",123
"2019-01-04 04:41:57",123
"2019-01-04 05:41:58",123
"2019-01-04 06:41:58",123
"2019-01-04 07:41:57",123
"2019-01-04 08:41:57",123
"2019-01-04 09:41:58",123
"2019-01-04 10:41:57",123
"2019-01-04 11:41:57",123
"2019-01-04 12:41:57",123
"2019-01-04 13:41:57",123
"2019-01-04 15:06:33",123
"2019-01-04 15:41:59",123
"2019-01-04 16:41:58",123
"2019-01-04 17:41:57",123
"2019-01-04 18:41:59",123
"2019-01-04 19:41:59",123
"2019-01-04 20:41:58",123
"2019-01-04 21:41:58",123
"2019-01-04 22:41:56",123
"2019-01-04 23:41:58",123
"2019-01-05 00:41:59",123
"2019-01-05 01:41:57",123
"2019-01-05 02:41:58",123
"2019-01-05 03:41:57",123
"2019-01-05 04:41:57",123
"2019-01-05 05:41:57",123
"2019-01-05 06:41:56",123
"2019-01-05 07:41:56",123
"2019-01-05 08:41:58",123
"2019-01-05 09:41:57",123
"2019-01-05 10:41:57",123
"2019-01-05 11:41:56",123
"2019-01-05 12:41:56",123
"2019-01-05 13:41:57",123
"2019-01-05 14:41:56",123
"2019-01-05 15:41:56",123
"2019-01-05 16:41:56",123
"2019-01-05 17:41:56",123
"2019-01-05 18:41:57",123
"2019-01-05 19:41:59",123
"2019-01-05 20:41:56",123
"2019-01-05 21:41:59",123
"2019-01-05 22:41:57",123
"2019-01-05 23:41:57",123
"2019-01-06 00:41:57",123
"2019-01-06 01:41:56",123
"2019-01-06 02:41:56",123
"2019-01-06 03:41:57",123
"2019-01-06 04:41:57",123
"2019-01-06 05:41:57",123
"2019-01-06 06:41:56",123
"2019-01-06 07:41:58",123
"2019-01-06 08:41:55",123
"2019-01-06 09:41:55",123
"2019-01-06 10:41:56",123
"2019-01-06 11:41:56",123
"2019-01-06 12:41:56",123
"2019-01-06 13:41:56",123
"2019-01-06 14:41:56",123
"2019-01-06 15:41:57",123
"2019-01-06 16:41:57",123
"2019-01-06 17:41:57",123
"2019-01-06 18:41:56",123
"2019-01-06 19:41:56",123
"2019-01-06 20:41:56",123
"2019-01-06 21:41:56",123
"2019-01-06 22:41:56",123
"2019-01-06 23:41:56",123
"2019-01-07 00:41:56",123
"2019-01-07 01:41:56",123
"2019-01-07 02:41:57",123
"2019-01-07 03:41:57",123
"2019-01-07 04:41:57",123
"2019-01-07 05:41:56",123
"2019-01-07 06:41:57",123
"2019-01-07 07:41:56",123
"2019-01-07 08:41:56",123
"2019-01-07 09:41:57",123
"2019-01-07 10:41:58",123
"2019-01-07 11:41:57",123
"2019-01-07 12:41:58",123
"2019-01-07 14:07:29",123
"2019-01-07 14:41:58",123
"2019-01-07 15:41:58",123
"2019-01-07 16:41:58",121
"2019-01-07 17:42:00",121
"2019-01-07 18:41:58",121
"2019-01-07 19:41:56",121
"2019-01-07 20:41:59",121
"2019-01-07 21:41:58",121
"2019-01-07 22:41:57",121
"2019-01-07 23:41:59",121
"2019-01-08 00:41:56",121
"2019-01-08 01:41:57",121
"2019-01-08 02:41:58",121
"2019-01-08 03:41:57",121
"2019-01-08 04:41:57",121
"2019-01-08 05:41:57",121
"2019-01-08 06:41:57",121
"2019-01-08 07:41:57",121
"2019-01-08 08:41:57",121
"2019-01-08 09:41:56",121
"2019-01-08 10:41:58",121
"2019-01-08 11:41:57",121
"2019-01-08 12:41:57",121
"2019-01-08 13:41:58",121
"2019-01-08 14:42:00",121
"2019-01-08 15:41:59",121
"2019-01-08 16:41:57",120
"2019-01-08 17:41:58",121
"2019-01-08 18:41:57",121
"2019-01-08 19:41:57",121
"2019-01-08 20:41:58",122
"2019-01-08 21:41:59",123
"2019-01-08 22:41:58",123
"2019-01-08 23:41:59",123
"2019-01-09 00:41:58",123
"2019-01-09 01:41:58",123
"2019-01-09 02:42:01",123
"2019-01-09 04:41:59",123
"2019-01-09 05:41:59",123
"2019-01-09 06:41:58",123
"2019-01-09 07:42:00",123
"2019-01-09 08:42:00",123
"2019-01-09 09:41:58",123
"2019-01-09 10:41:59",123
"2019-01-09 11:41:58",123
"2019-01-09 12:41:57",123
"2019-01-09 14:07:31",123
"2019-01-09 14:42:00",123
"2019-01-09 15:41:59",121
"2019-01-09 16:42:00",121
"2019-01-09 17:41:58",121
"2019-01-09 18:42:00",121
"2019-01-09 19:41:59",121
"2019-01-09 20:42:01",121
"2019-01-09 21:41:59",121
"2019-01-09 22:41:59",121
"2019-01-09 23:41:58",121
"2019-01-10 00:41:57",121
"2019-01-10 01:41:57",121
"2019-01-10 02:41:58",121
"2019-01-10 03:41:57",121
"2019-01-10 04:41:57",121
"2019-01-10 05:41:58",121
"2019-01-10 06:41:56",121
"2019-01-10 07:41:58",121
"2019-01-10 08:41:58",121
"2019-01-10 09:41:57",121
"2019-01-10 10:41:57",121
"2019-01-10 11:41:57",121
"2019-01-10 12:41:57",121
"2019-01-10 13:41:58",121
"2019-01-10 15:06:33",122
"2019-01-10 15:42:00",122
"2019-01-10 16:41:59",122
"2019-01-10 17:41:59",122
"2019-01-10 18:41:58",122
"2019-01-10 19:41:57",122
"2019-01-10 20:41:59",122
"2019-01-10 21:41:59",122
"2019-01-10 22:41:57",122
"2019-01-10 23:41:58",122
"2019-01-11 00:41:58",122
"2019-01-11 01:41:57",122
"2019-01-11 02:41:58",122
"2019-01-11 03:41:58",122
"2019-01-11 04:41:58",122
"2019-01-11 05:41:59",122
"2019-01-11 06:41:57",122
"2019-01-11 07:42:01",122
"2019-01-11 08:41:58",122
"2019-01-11 09:41:58",122
"2019-01-11 10:41:57",122
"2019-01-11 11:41:58",122
"2019-01-11 12:41:59",122
"2019-01-11 13:41:57",122
"2019-01-11 14:42:00",122
"2019-01-11 15:42:01",123
"2019-01-11 16:41:57",123
"2019-01-11 17:41:58",123
"2019-01-11 18:41:58",123
"2019-01-11 19:42:01",123
"2019-01-11 20:41:59",122
"2019-01-11 21:41:57",122
"2019-01-11 22:41:58",122
"2019-01-11 23:41:57",122
"2019-01-12 00:41:58",122
"2019-01-12 01:41:59",122
"2019-01-12 02:41:57",122
"2019-01-12 03:41:58",122
"2019-01-12 04:41:57",122
"2019-01-12 05:41:57",122
"2019-01-12 06:41:58",122
"2019-01-12 07:41:56",122
"2019-01-12 08:41:57",122
"2019-01-12 09:41:57",122
"2019-01-12 10:41:58",122
"2019-01-12 11:41:57",122
"2019-01-12 12:41:57",122
"2019-01-12 13:41:57",122
"2019-01-12 14:41:57",122
"2019-01-12 15:41:56",122
"2019-01-12 16:41:58",122
"2019-01-12 17:41:58",122
"2019-01-12 18:41:56",122
"2019-01-12 19:41:59",122
"2019-01-12 20:41:58",122
"2019-01-12 21:41:57",122
"2019-01-12 22:41:57",122
"2019-01-12 23:42:00",122
"2019-01-13 00:41:58",122
"2019-01-13 01:41:57",122
"2019-01-13 02:41:57",122
"2019-01-13 03:41:57",122
"2019-01-13 04:41:59",122
"2019-01-13 05:41:58",122
"2019-01-13 06:41:57",122
"2019-01-13 07:41:57",122
"2019-01-13 08:41:57",122
"2019-01-13 09:41:58",122
"2019-01-13 10:42:00",122
"2019-01-13 11:41:59",122
"2019-01-13 12:41:57",122
"2019-01-13 13:41:58",122
"2019-01-13 14:41:56",122
"2019-01-13 15:41:58",122
"2019-01-13 16:41:57",122
"2019-01-13 17:41:57",122
"2019-01-13 18:41:57",122
"2019-01-13 19:41:57",122
"2019-01-13 20:41:58",122
"2019-01-13 21:41:57",122
"2019-01-13 22:41:58",122
"2019-01-13 23:41:58",122
"2019-01-14 00:41:57",122
"2019-01-14 01:41:57",122
"2019-01-14 02:41:57",122
"2019-01-14 03:41:57",122
"2019-01-14 04:41:58",122
"2019-01-14 05:41:59",122
"2019-01-14 06:41:57",122
"2019-01-14 07:41:57",122
"2019-01-14 08:41:57",122
"2019-01-14 09:41:57",122
"2019-01-14 10:41:58",122
"2019-01-14 11:41:57",122
"2019-01-14 12:41:57",122
"2019-01-14 13:41:58",122
"2019-01-14 14:41:58",122
"2019-01-14 15:41:59",122
"2019-01-14 16:41:58",122
"2019-01-14 17:41:57",122
"2019-01-14 18:41:58",122
"2019-01-14 19:41:59",122
"2019-01-14 20:41:57",122
"2019-01-14 21:41:58",122
"2019-01-14 22:41:57",122
"2019-01-14 23:41:57",122
"2019-01-15 00:41:57",122
"2019-01-15 01:41:57",122
"2019-01-15 02:41:57",122
"2019-01-15 03:41:57",122
"2019-01-15 04:42:00",122
"2019-01-15 05:41:57",122
"2019-01-15 06:41:57",122
"2019-01-15 07:41:57",122
"2019-01-15 08:41:57",122
"2019-01-15 09:41:56",122
"2019-01-15 10:41:57",122
"2019-01-15 11:41:57",122
"2019-01-15 12:41:57",122
"2019-01-15 13:41:57",122
"2019-01-15 14:42:01",122
"2019-01-15 15:41:58",122
"2019-01-15 16:41:58",122
"2019-01-15 17:41:57",122
"2019-01-15 18:41:58",122
"2019-01-15 19:41:58",122
"2019-01-15 20:41:59",122
"2019-01-15 21:41:58",122
"2019-01-15 22:41:58",122
"2019-01-15 23:41:59",122
"2019-01-16 00:41:57",122
"2019-01-16 01:42:01",122
"2019-01-16 02:41:58",122
"2019-01-16 03:41:57",122
"2019-01-16 04:41:57",122
"2019-01-16 05:41:57",122
"2019-01-16 06:41:57",122
"2019-01-16 07:41:57",122
"2019-01-16 08:41:56",122
"2019-01-16 09:41:57",122
"2019-01-16 10:41:57",122
"2019-01-16 11:41:56",122
"2019-01-16 12:41:56",122
"2019-01-16 14:08:31",122
"2019-01-16 15:07:31",122
"2019-01-16 15:41:57",122
"2019-01-16 16:41:58",122
"2019-01-16 17:41:57",122
"2019-01-16 18:41:59",122
"2019-01-16 19:41:58",122
"2019-01-16 20:41:57",121
"2019-01-16 21:41:58",121
"2019-01-16 22:41:57",121
"2019-01-16 23:41:56",121
"2019-01-17 00:41:57",121
"2019-01-17 01:41:57",121
"2019-01-17 02:41:58",121
"2019-01-17 03:41:57",121
"2019-01-17 04:41:58",121
"2019-01-17 05:41:57",121
"2019-01-17 06:41:57",121
"2019-01-17 07:41:56",121
"2019-01-17 08:41:56",121
"2019-01-17 09:41:58",121
"2019-01-17 10:41:57",121
"2019-01-17 11:41:57",121
"2019-01-17 12:41:57",121
"2019-01-17 13:41:56",121
"2019-01-17 15:08:04",121
"2019-01-17 15:42:00",121
"2019-01-17 16:41:58",121
"2019-01-17 17:41:57",121
"2019-01-17 18:41:58",121
"2019-01-17 19:41:59",121
"2019-01-17 20:41:59",121
"2019-01-17 21:41:58",121
"2019-01-17 22:41:58",121
"2019-01-17 23:41:57",121
"2019-01-18 00:41:58",121
"2019-01-18 01:41:58",121
"2019-01-18 02:41:57",121
"2019-01-18 03:42:00",121
"2019-01-18 04:41:59",121
"2019-01-18 05:41:58",121
"2019-01-18 06:41:57",121
"2019-01-18 07:41:58",121
"2019-01-18 08:41:57",121
"2019-01-18 09:41:58",121
"2019-01-18 10:41:58",121
"2019-01-18 11:41:57",121
"2019-01-18 12:41:58",121
"2019-01-18 13:41:58",121
"2019-01-18 14:42:01",121
"2019-01-18 15:41:59",121
"2019-01-18 16:42:00",121
"2019-01-18 17:42:00",119
"2019-01-18 18:41:59",119
"2019-01-18 19:41:57",119
"2019-01-18 20:42:00",119
"2019-01-18 21:41:58",119
"2019-01-18 22:41:57",119
"2019-01-18 23:41:58",119
"2019-01-19 00:41:58",119
"2019-01-19 01:41:58",119
"2019-01-19 02:41:58",119
"2019-01-19 03:41:58",119
"2019-01-19 04:41:59",119
"2019-01-19 05:41:58",119
"2019-01-19 06:41:57",119
"2019-01-19 07:41:57",119
"2019-01-19 08:41:58",119
"2019-01-19 09:41:58",119
"2019-01-19 10:41:59",119
"2019-01-19 11:41:57",119
"2019-01-19 12:41:57",119
"2019-01-19 13:41:58",119
"2019-01-19 14:41:57",119
"2019-01-19 15:41:59",119
"2019-01-19 16:41:58",119
"2019-01-19 17:41:58",119
"2019-01-19 18:41:57",119
"2019-01-19 19:41:57",119
"2019-01-19 20:41:57",119
"2019-01-19 21:41:58",119
"2019-01-19 22:41:58",119
"2019-01-19 23:41:58",119
"2019-01-20 00:41:59",119
"2019-01-20 01:41:58",119
"2019-01-20 02:41:59",119
"2019-01-20 03:41:58",119
"2019-01-20 04:41:59",119
"2019-01-20 05:41:58",119
"2019-01-20 06:41:58",119
"2019-01-20 07:41:58",119
"2019-01-20 08:41:58",119
"2019-01-20 09:41:58",119
"2019-01-20 10:41:57",119
"2019-01-20 11:41:58",119
"2019-01-20 12:41:58",119
"2019-01-20 13:41:58",119
"2019-01-20 14:41:58",119
"2019-01-20 15:41:58",119
"2019-01-20 16:41:58",119
"2019-01-20 17:41:58",119
"2019-01-20 18:41:58",119
"2019-01-20 19:41:58",119
"2019-01-20 20:41:58",119
"2019-01-20 21:41:58",119
"2019-01-20 22:41:58",119
"2019-01-20 23:41:59",119
"2019-01-21 00:41:58",119
"2019-01-21 01:41:58",119
"2019-01-21 02:41:58",119
"2019-01-21 03:41:58",119
"2019-01-21 04:41:59",119
"2019-01-21 05:41:58",119
"2019-01-21 06:41:57",119
"2019-01-21 07:41:57",119
"2019-01-21 08:41:58",119
"2019-01-21 09:41:58",119
"2019-01-21 10:41:58",119
"2019-01-21 11:41:57",119
"2019-01-21 12:41:58",119
"2019-01-21 13:41:57",119
"2019-01-21 14:41:57",119
"2019-01-21 15:41:57",119
"2019-01-21 16:41:58",119
"2019-01-21 17:41:58",119
"2019-01-21 18:41:57",119
"2019-01-21 19:41:57",119
"2019-01-21 20:41:58",119
"2019-01-21 21:41:57",119
"2019-01-21 22:41:58",119
"2019-01-21 23:41:57",119
"2019-01-22 00:41:58",119
"2019-01-22 01:41:57",119
"2019-01-22 02:41:58",119
"2019-01-22 03:41:58",119
"2019-01-22 04:41:59",119
"2019-01-22 05:41:59",119
"2019-01-22 06:41:57",119
"2019-01-22 07:41:58",119
"2019-01-22 08:41:58",119
"2019-01-22 09:41:57",119
"2019-01-22 10:41:57",119
"2019-01-22 11:41:57",119
"2019-01-22 12:41:57",119
"2019-01-22 13:41:58",119
"2019-01-22 14:41:58",119
"2019-01-22 15:41:58",119
"2019-01-22 16:41:57",123
"2019-01-22 17:41:57",124
"2019-01-22 18:41:58",124
"2019-01-22 19:41:59",125
"2019-01-22 20:41:58",126
"2019-01-22 21:41:59",124
"2019-01-22 22:41:57",124
"2019-01-22 23:41:58",124
"2019-01-23 00:41:58",124
"2019-01-23 01:41:58",124
"2019-01-23 02:41:57",124
"2019-01-23 03:41:58",124
"2019-01-23 04:41:58",124
"2019-01-23 05:41:58",124
"2019-01-23 06:41:59",124
"2019-01-23 07:41:58",124
"2019-01-23 08:41:59",124
"2019-01-23 09:41:59",124
"2019-01-23 10:41:58",124
"2019-01-23 11:41:57",124
"2019-01-23 12:41:58",124
"2019-01-23 13:41:58",124
"2019-01-23 15:06:01",124
"2019-01-23 15:41:57",124
"2019-01-23 16:41:57",123
"2019-01-23 17:41:58",123
"2019-01-23 18:41:58",123
"2019-01-23 19:41:58",125
"2019-01-23 20:41:57",125
"2019-01-23 21:41:58",124
"2019-01-23 22:41:58",124
"2019-01-23 23:41:57",124
"2019-01-30 08:08:25",120
"2019-01-30 08:13:57",120
"2019-01-30 08:20:02",120
"2019-01-30 08:44:00",120
"2019-01-30 08:44:03",120
"2019-01-30 09:43:57",120
"2019-01-30 09:44:01",120
"2019-01-30 10:43:59",120
"2019-01-30 10:44:02",120
"2019-01-30 11:43:59",120
"2019-01-30 11:44:02",120
"2019-01-30 12:44:01",120
"2019-01-30 12:44:04",120
"2019-01-30 13:43:58",120
"2019-01-30 13:44:02",120
"2019-01-30 14:44:00",120
"2019-01-30 14:44:03",120
"2019-01-30 15:43:59",121
"2019-01-30 15:44:03",121
"2019-01-30 16:43:59",121
"2019-01-30 16:44:02",121
"2019-01-30 17:44:00",121
"2019-01-30 17:44:04",121
"2019-01-30 18:43:58",121
"2019-01-30 18:44:01",121
"2019-01-30 19:44:02",121
"2019-01-30 19:44:05",121
"2019-01-30 20:43:03",121
"2019-01-30 21:44:00",121
"2019-01-30 21:44:03",121
"2019-01-30 22:43:58",121
"2019-01-30 22:44:02",121
"2019-01-30 23:44:01",121
"2019-01-30 23:44:04",121
"2019-01-31 00:44:03",121
"2019-01-31 00:44:06",121
"2019-01-31 01:43:58",121
"2019-01-31 01:44:01",121
"2019-01-31 02:44:00",121
"2019-01-31 02:44:04",121
"2019-01-31 03:44:00",121
"2019-01-31 03:44:03",121
"2019-01-31 04:43:58",121
"2019-01-31 04:44:01",121
"2019-01-31 05:43:59",121
"2019-01-31 05:44:02",121
"2019-01-31 06:44:01",121
"2019-01-31 06:44:04",121
"2019-01-31 08:10:52",121
"2019-01-31 08:15:27",121
"2019-01-31 08:42:03",121
"2019-01-31 10:05:36",121
"2019-01-31 10:42:03",121
"2019-01-31 11:42:02",121
"2019-01-31 12:42:01",121
"2019-01-31 13:42:03",121
"2019-01-31 15:42:03",121
"2019-01-31 16:42:07",122
"2019-01-31 17:42:04",123
"2019-01-31 18:42:03",123
"2019-01-31 19:42:06",123
"2019-01-31 20:42:04",122
"2019-01-31 21:42:03",122
"2019-01-31 22:42:02",122
"2019-01-31 23:42:02",122
"2019-02-01 00:42:03",122
"2019-02-01 01:42:03",122
"2019-02-01 02:42:05",122
"2019-02-01 03:42:04",122
"2019-02-01 04:42:03",122
"2019-02-01 05:42:03",122
"2019-02-01 06:42:03",122
"2019-02-01 07:42:04",122
"2019-02-01 08:42:03",122
"2019-02-01 09:42:03",122
"2019-02-01 10:42:03",122
"2019-02-01 11:42:03",122
"2019-02-01 12:42:02",122
"2019-02-01 13:42:03",122
"2019-02-01 14:42:04",122
"2019-02-01 15:42:03",120
"2019-02-01 16:42:03",119
"2019-02-01 17:42:03",118
"2019-02-01 18:42:06",118
"2019-02-01 19:42:05",117
"2019-02-01 20:42:02",117
"2019-02-01 21:42:05",118
"2019-02-01 22:42:04",119
"2019-02-02 00:07:06",119
"2019-02-02 00:42:04",119
"2019-02-02 01:42:03",119
"2019-02-02 02:42:04",119
"2019-02-02 03:42:02",119
"2019-02-02 04:42:03",119
"2019-02-02 05:42:02",119
"2019-02-02 06:42:03",119
"2019-02-02 07:42:02",119
"2019-02-02 08:42:02",119
"2019-02-02 09:42:03",119
"2019-02-02 10:42:02",119
"2019-02-02 11:42:02",119
"2019-02-02 12:42:03",119
"2019-02-02 13:42:04",119
"2019-02-02 14:42:04",119
"2019-02-02 15:42:02",119
"2019-02-02 16:42:06",119
"2019-02-02 17:42:04",119
"2019-02-02 18:42:04",119
"2019-02-02 19:42:02",119
"2019-02-02 20:42:04",119
"2019-02-02 21:42:02",119
"2019-02-02 22:42:03",119
"2019-02-02 23:42:04",119
"2019-02-03 00:42:04",119
"2019-02-03 01:42:03",119
"2019-02-03 02:42:04",119
"2019-02-03 03:42:03",119
"2019-02-03 04:42:04",119
"2019-02-03 05:42:01",119
"2019-02-03 06:42:03",119
"2019-02-03 07:42:03",119
"2019-02-03 08:42:02",119
"2019-02-03 09:42:03",119
"2019-02-03 10:42:02",119
"2019-02-03 11:42:03",119
"2019-02-03 12:42:03",119
"2019-02-03 13:42:03",119
"2019-02-03 14:42:05",119
"2019-02-03 15:42:02",119
"2019-02-03 16:42:03",119
"2019-02-03 17:42:04",119
"2019-02-03 18:42:05",119
"2019-02-03 19:42:02",119
"2019-02-03 20:42:03",119
"2019-02-03 21:42:04",119
"2019-02-03 22:42:05",119
"2019-02-03 23:42:05",119
"2019-02-04 00:42:04",119
"2019-02-04 01:42:03",119
"2019-02-04 02:42:04",119
"2019-02-04 03:42:03",119
"2019-02-04 04:42:04",119
"2019-02-04 05:42:02",119
"2019-02-04 06:42:02",119
"2019-02-04 07:42:03",119
"2019-02-04 08:42:03",119
"2019-02-04 09:42:02",119
"2019-02-04 10:42:04",119
"2019-02-04 11:42:03",119
"2019-02-04 12:42:01",119
"2019-02-04 13:42:03",119
"2019-02-04 14:42:05",119
"2019-02-04 15:42:06",119
"2019-02-04 16:42:05",118
"2019-02-04 17:42:04",119
"2019-02-04 18:42:06",119
"2019-02-04 19:42:04",119
"2019-02-04 20:42:07",119
"2019-02-04 21:42:05",118
"2019-02-04 22:42:06",118
"2019-02-04 23:42:07",118
"2019-02-05 00:42:06",118
"2019-02-05 01:42:08",118
"2019-02-05 02:42:06",118
"2019-02-05 03:42:05",118
"2019-02-05 04:42:15",118
"2019-02-05 05:42:06",118
"2019-02-05 06:42:06",118
"2019-02-05 07:42:05",118
"2019-02-05 08:42:05",118
"2019-02-05 09:42:04",118
"2019-02-05 10:42:05",118
"2019-02-05 11:42:04",118
"2019-02-05 12:42:03",118
"2019-02-05 13:42:05",118
"2019-02-05 14:42:05",118
"2019-02-05 15:42:04",117
"2019-02-05 16:42:07",117
"2019-02-05 17:42:05",117
"2019-02-05 18:42:07",116
"2019-02-05 19:42:07",117
"2019-02-05 20:42:05",117
"2019-02-05 21:42:04",116
"2019-02-05 22:42:06",116
"2019-02-05 23:42:09",116
"2019-02-06 00:42:06",116
"2019-02-06 01:42:04",116
"2019-02-06 02:42:05",116
"2019-02-06 03:42:05",116
"2019-02-06 04:42:05",116
"2019-02-06 05:42:05",116
"2019-02-06 06:42:07",116
"2019-02-06 07:42:07",116
"2019-02-06 08:42:01",116
"2019-02-06 09:42:01",116
"2019-02-07 02:42:10",116
"2019-02-07 03:42:04",116
"2019-02-07 04:42:05",116
"2019-02-07 05:42:05",116
"2019-02-07 06:42:03",116
"2019-02-07 07:42:03",116
"2019-02-07 08:42:04",116
"2019-02-07 09:42:03",116
"2019-02-07 10:42:06",116
"2019-02-07 11:42:07",116
"2019-02-07 12:42:06",116
"2019-02-07 13:42:05",116
"2019-02-07 15:05:37",116
"2019-02-07 15:42:07",116
"2019-02-07 16:42:09",115
"2019-02-07 17:42:06",116
"2019-02-07 18:42:09",116
"2019-02-07 19:42:09",117
"2019-02-07 20:42:07",117
"2019-02-07 21:42:06",117
"2019-02-07 22:42:05",117
"2019-02-07 23:42:07",117
"2019-02-08 00:42:37",117
"2019-02-08 01:42:06",117
"2019-02-08 02:42:06",117
"2019-02-08 03:42:10",117
"2019-02-08 04:42:06",117
"2019-02-08 05:42:05",117
"2019-02-08 06:42:04",117
"2019-02-08 07:42:05",117
"2019-02-08 08:42:04",117
"2019-02-08 09:42:06",117
"2019-02-08 10:42:06",117
"2019-02-08 11:42:06",117
"2019-02-08 12:42:07",117
"2019-02-08 13:42:07",117
"2019-02-08 15:06:39",117
"2019-02-08 15:42:04",117
"2019-02-08 16:42:05",117
"2019-02-08 17:42:08",117
"2019-02-08 18:42:10",117
"2019-02-08 19:42:08",117
"2019-02-08 20:42:08",117
"2019-02-08 21:42:08",116
"2019-02-08 22:42:05",116
"2019-02-08 23:42:05",116
"2019-02-09 00:42:07",116
"2019-02-09 01:42:06",116
"2019-02-09 02:42:06",116
"2019-02-09 03:42:05",116
"2019-02-09 04:42:08",116
"2019-02-09 05:42:06",116
"2019-02-09 06:42:06",116
"2019-02-09 07:42:05",116
"2019-02-09 08:42:05",116
"2019-02-09 09:42:06",116
"2019-02-09 10:42:06",116
"2019-02-09 11:42:04",116
"2019-02-09 12:42:07",116
"2019-02-09 13:42:05",116
"2019-02-09 14:42:06",116
"2019-02-09 15:42:07",116
"2019-02-09 16:42:07",116
"2019-02-09 17:42:08",116
"2019-02-09 18:42:06",116
"2019-02-09 19:42:06",116
"2019-02-09 20:42:06",116
"2019-02-09 21:42:08",116
"2019-02-09 22:42:06",116
"2019-02-09 23:42:07",116
"2019-02-10 00:42:05",116
"2019-02-10 01:42:07",116
"2019-02-10 02:42:06",116
"2019-02-10 03:42:05",116
"2019-02-10 04:42:08",116
"2019-02-10 05:42:09",116
"2019-02-10 06:42:07",116
"2019-02-10 07:42:05",116
"2019-02-10 08:42:05",116
"2019-02-10 09:42:05",116
"2019-02-10 10:42:06",116
"2019-02-10 11:42:05",116
"2019-02-10 12:42:06",116
"2019-02-10 13:42:07",116
"2019-02-10 14:42:07",116
"2019-02-10 15:42:08",116
"2019-02-10 16:42:08",116
"2019-02-10 17:42:06",116
"2019-02-10 18:42:05",116
"2019-02-10 19:42:08",116
"2019-02-10 20:42:07",116
"2019-02-10 21:42:05",116
"2019-02-10 22:42:07",116
"2019-02-10 23:42:08",116
"2019-02-11 00:42:07",116
"2019-02-11 01:42:08",116
"2019-02-11 02:42:09",116
"2019-02-11 03:42:08",116
"2019-02-11 04:42:10",116
"2019-02-11 05:42:07",116
"2019-02-11 06:42:08",116
"2019-02-11 07:42:05",116
"2019-02-11 08:42:06",116
"2019-02-11 09:42:06",116
"2019-02-11 10:42:08",116
"2019-02-11 11:42:05",116
"2019-02-11 12:42:06",116
"2019-02-11 13:42:06",116
"2019-02-11 14:42:05",116
"2019-02-11 15:42:05",115
"2019-02-11 16:42:07",115
"2019-02-11 17:42:07",116
"2019-02-11 18:42:06",115
"2019-02-11 19:42:06",117
"2019-02-11 20:42:06",118
"2019-02-11 21:42:05",118
"2019-02-11 22:42:05",118
"2019-02-11 23:42:07",118
"2019-02-12 00:42:05",118
"2019-02-12 01:42:04",118
"2019-02-12 02:42:10",118
"2019-02-12 03:42:05",118
"2019-02-12 04:42:07",118
"2019-02-12 05:42:05",118
"2019-02-12 06:42:06",118
"2019-02-12 07:42:05",118
"2019-02-12 08:42:05",118
"2019-02-12 09:42:06",118
"2019-02-12 10:42:06",118
"2019-02-12 11:42:06",118
"2019-02-12 12:42:05",118
"2019-02-12 13:42:06",118
"2019-02-12 14:42:05",118
"2019-02-12 15:42:08",122
"2019-02-12 16:42:05",124
"2019-02-12 17:42:05",123
"2019-02-12 18:42:06",124
"2019-02-12 19:42:06",124
"2019-02-12 20:42:05",125
"2019-02-12 21:42:07",127
"2019-02-12 22:42:06",127
"2019-02-12 23:42:05",127
"2019-02-13 00:42:07",127
"2019-02-13 01:42:08",127
"2019-02-13 02:42:06",127
"2019-02-13 03:42:06",127
"2019-02-13 04:42:07",127
"2019-02-13 05:42:07",127
"2019-02-13 06:42:06",127
"2019-02-13 07:42:06",127
"2019-02-13 08:42:06",127
"2019-02-13 09:42:05",127
"2019-02-13 10:42:07",127
"2019-02-13 11:42:05",127
"2019-02-13 12:42:07",127
"2019-02-13 13:42:05",127
"2019-02-13 14:42:04",127
"2019-02-13 15:42:06",126
"2019-02-13 16:42:05",126
"2019-02-13 17:42:08",126
"2019-02-13 18:42:05",126
"2019-02-13 19:42:05",125
"2019-02-13 20:42:05",122
"2019-02-13 21:42:05",121
"2019-02-13 22:42:06",121
"2019-02-13 23:42:06",121
"2019-02-14 00:42:05",121
"2019-02-14 01:42:07",121
"2019-02-14 02:42:07",121
"2019-02-14 03:42:08",121
"2019-02-14 04:42:05",121
"2019-02-14 05:42:09",121
"2019-02-14 06:42:05",121
"2019-02-14 07:42:05",121
"2019-02-14 08:42:04",121
"2019-02-14 09:42:05",121
"2019-02-14 10:42:06",121
"2019-02-14 11:42:06",121
"2019-02-14 12:42:05",121
"2019-02-14 13:42:06",121
"2019-02-14 14:42:06",121
"2019-02-14 15:42:08",122
"2019-02-14 16:42:04",122
"2019-02-14 17:42:06",122
"2019-02-14 18:42:06",121
"2019-02-14 19:42:05",121
"2019-02-14 20:42:07",121
"2019-02-14 21:42:06",121
"2019-02-14 22:42:07",121
"2019-02-15 00:42:07",121
"2019-02-15 01:42:07",121
"2019-02-15 02:42:08",121
"2019-02-15 03:42:10",121
"2019-02-15 04:42:11",121
"2019-02-15 05:42:06",121
"2019-02-15 06:42:05",121
"2019-02-15 07:42:07",121
"2019-02-15 08:42:06",121
"2019-02-15 09:42:06",121
"2019-02-15 10:42:07",121
"2019-02-15 11:42:07",121
"2019-02-15 12:42:05",121
"2019-02-15 14:07:08",121
"2019-02-15 14:42:08",121
"2019-02-15 15:42:14",121
"2019-02-15 16:42:10",121
"2019-02-15 17:42:05",119
"2019-02-15 18:42:10",119
"2019-02-15 19:42:07",119
"2019-02-15 20:42:07",119
"2019-02-15 21:42:08",118
"2019-02-15 22:42:08",118
"2019-02-15 23:42:08",118
"2019-02-16 00:42:08",118
"2019-02-16 01:42:14",118
"2019-02-16 02:42:12",118
"2019-02-16 03:42:10",118
"2019-02-16 04:42:06",118
"2019-02-16 05:42:08",118
"2019-02-16 06:42:06",118
"2019-02-16 07:42:05",118
"2019-02-16 08:42:06",118
"2019-02-16 09:42:08",118
"2019-02-16 10:42:08",118
"2019-02-16 11:42:05",118
"2019-02-16 12:42:07",118
"2019-02-16 13:42:10",118
"2019-02-16 14:42:07",118
"2019-02-16 15:42:12",118
"2019-02-16 16:42:06",118
"2019-02-16 17:42:06",118
"2019-02-16 18:42:07",118
"2019-02-16 19:42:06",118
"2019-02-16 20:42:07",118
"2019-02-16 21:42:07",118
"2019-02-16 22:42:07",118
"2019-02-16 23:42:06",118
"2019-02-17 00:42:08",118
"2019-02-17 01:42:07",118
"2019-02-17 02:42:04",118
"2019-02-17 03:42:08",118
"2019-02-17 04:42:05",118
"2019-02-17 05:42:06",118
"2019-02-17 06:42:06",118
"2019-02-17 07:42:07",118
"2019-02-17 08:42:06",118
"2019-02-17 09:42:04",118
"2019-02-17 10:42:06",118
"2019-02-17 11:42:07",118
"2019-02-17 12:42:04",118
"2019-02-17 13:42:07",118
"2019-02-17 14:42:05",118
"2019-02-17 15:42:08",118
"2019-02-17 16:42:07",118
"2019-02-17 17:42:07",118
"2019-02-17 18:42:07",118
"2019-02-17 19:42:06",118
"2019-02-17 20:42:07",118
"2019-02-17 21:42:05",118
"2019-02-17 22:42:06",118
"2019-02-17 23:42:07",118
"2019-02-18 00:42:06",118
"2019-02-18 01:42:07",118
"2019-02-18 02:42:09",118
"2019-02-18 03:42:08",118
"2019-02-18 04:42:05",118
"2019-02-18 05:42:06",118
"2019-02-18 06:42:05",118
"2019-02-18 07:42:06",118
"2019-02-18 08:42:06",118
"2019-02-18 09:42:08",118
"2019-02-18 10:42:05",118
"2019-02-18 11:42:05",118
"2019-02-18 12:42:07",118
"2019-02-18 13:42:10",118
"2019-02-18 14:42:05",118
"2019-02-18 15:42:08",118
"2019-02-18 16:42:07",118
"2019-02-18 17:42:07",118
"2019-02-18 18:42:07",118
"2019-02-18 19:42:07",118
"2019-02-18 20:42:07",118
"2019-02-18 21:42:06",118
"2019-02-18 22:42:04",118
"2019-02-18 23:42:06",118
"2019-02-19 00:42:05",118
"2019-02-19 01:42:09",118
"2019-02-19 02:42:07",118
"2019-02-19 03:42:07",118
"2019-02-19 04:42:07",118
"2019-02-19 05:42:06",118
"2019-02-19 06:42:06",118
"2019-02-19 07:42:06",118
"2019-02-19 08:42:06",118
"2019-02-19 09:42:05",118
"2019-02-19 10:42:04",118
"2019-02-19 11:42:03",118
"2019-02-19 12:42:03",118
"2019-02-19 14:06:38",118
"2019-02-19 14:42:08",118
"2019-02-19 15:42:09",119
"2019-02-19 16:42:08",119
"2019-02-19 17:42:09",119
"2019-02-19 18:42:11",119
"2019-02-19 19:42:09",119
"2019-02-19 20:42:11",119
"2019-02-19 21:42:09",119
"2019-02-19 22:42:09",119
"2019-02-19 23:42:08",119
"2019-02-20 00:42:14",119
"2019-02-20 01:42:10",119
"2019-02-20 02:42:10",119
"2019-02-20 03:42:14",119
"2019-02-20 04:42:11",119
"2019-02-20 05:42:08",119
"2019-02-20 06:42:09",119
"2019-02-20 07:42:07",119
"2019-02-20 08:42:09",119
"2019-02-20 09:42:09",119
"2019-02-20 10:42:08",119
"2019-02-20 11:42:10",119
"2019-02-20 12:42:08",119
"2019-02-20 13:42:08",119
"2019-02-20 14:42:10",119
"2019-02-20 15:42:11",117
"2019-02-20 16:42:09",117
"2019-02-20 17:42:10",117
"2019-02-20 18:42:09",117
"2019-02-20 19:42:09",117
"2019-02-20 20:42:10",116
"2019-02-20 21:42:10",117
"2019-02-20 22:42:10",117
"2019-02-20 23:42:07",117
"2019-02-21 00:42:09",117
"2019-02-21 01:42:11",117
"2019-02-21 02:42:11",117
"2019-02-21 03:42:09",117
"2019-02-21 04:42:08",117
"2019-02-21 05:42:10",117
"2019-02-21 06:42:08",117
"2019-02-21 07:42:08",117
"2019-02-21 08:42:07",117
"2019-02-21 09:42:08",117
"2019-02-21 10:42:08",117
"2019-02-21 11:42:09",117
"2019-02-21 12:42:06",117
"2019-02-21 13:42:07",117
"2019-02-21 14:42:09",117
"2019-02-21 15:42:11",117
"2019-02-21 17:06:10",117
"2019-02-21 17:42:07",117
"2019-02-21 18:42:06",116
"2019-02-21 19:42:07",116
"2019-02-21 20:42:11",117
"2019-02-21 21:42:06",117
"2019-02-21 22:42:07",117
"2019-02-21 23:42:06",117
"2019-02-22 00:42:08",117
"2019-02-22 01:42:11",117
"2019-02-22 02:42:08",117
"2019-02-22 03:42:09",117
"2019-02-22 04:42:07",117
"2019-02-22 05:42:07",117
"2019-02-22 06:42:07",117
"2019-02-22 07:42:10",117
"2019-02-22 08:42:10",117
"2019-02-22 09:42:08",117
"2019-02-22 10:42:07",117
"2019-02-22 11:42:08",117
"2019-02-22 12:42:07",117
"2019-02-22 13:42:06",117
"2019-02-22 14:42:08",117
"2019-02-22 15:42:10",117
"2019-02-22 16:42:08",117
"2019-02-22 17:42:07",117
"2019-02-22 18:42:08",117
"2019-02-22 19:42:07",117
"2019-02-22 20:42:06",116
"2019-02-22 21:42:10",118
"2019-02-22 22:42:07",118
"2019-02-22 23:42:10",118
"2019-02-23 00:42:06",118
"2019-02-23 01:42:09",118
"2019-02-23 02:42:11",118
"2019-02-23 03:42:11",118
"2019-02-23 04:42:07",118
"2019-02-23 05:42:09",118
"2019-02-23 06:42:06",118
"2019-02-23 07:42:06",118
"2019-02-23 08:42:08",118
"2019-02-23 09:42:07",118
"2019-02-23 10:42:07",118
"2019-02-23 11:42:08",118
"2019-02-23 12:42:07",118
"2019-02-23 13:42:06",118
"2019-02-23 14:42:08",118
"2019-02-23 15:42:08",118
"2019-02-23 16:42:07",118
"2019-02-23 17:42:07",118
"2019-02-23 18:42:08",118
"2019-02-23 19:42:07",118
"2019-02-23 20:42:08",118
"2019-02-23 21:42:10",118
"2019-02-23 22:42:07",118
"2019-02-23 23:42:07",118
"2019-02-24 00:42:09",118
"2019-02-24 01:42:08",118
"2019-02-24 02:42:08",118
"2019-02-24 03:42:08",118
"2019-02-24 04:42:08",118
"2019-02-24 05:42:08",118
"2019-02-24 06:42:07",118
"2019-02-24 07:42:08",118
"2019-02-24 08:42:07",118
"2019-02-24 09:42:07",118
"2019-02-24 10:42:06",118
"2019-02-24 11:42:07",118
"2019-02-24 12:42:06",118
"2019-02-24 13:42:06",118
"2019-02-24 14:42:06",118
"2019-02-24 15:42:09",118
"2019-02-24 16:42:07",118
"2019-02-24 17:42:09",118
"2019-02-24 18:42:09",118
"2019-02-24 19:42:09",118
"2019-02-24 20:42:07",118
"2019-02-24 21:42:07",118
"2019-02-24 22:42:08",118
"2019-02-24 23:42:07",118
"2019-02-25 00:42:09",118
"2019-02-25 01:42:07",118
"2019-02-25 02:42:07",118
"2019-02-25 03:42:09",118
"2019-02-25 04:42:07",118
"2019-02-25 05:42:07",118
"2019-02-25 06:42:06",118
"2019-02-25 07:42:07",118
"2019-02-25 08:42:07",118
"2019-02-25 09:42:08",118
"2019-02-25 10:42:07",118
"2019-02-25 11:42:09",118
"2019-02-25 12:42:06",118
"2019-02-25 14:07:11",118
"2019-02-25 14:42:08",118
"2019-02-25 15:42:09",120
"2019-02-25 16:42:08",118
"2019-02-25 17:42:09",117
"2019-02-25 18:42:10",117
"2019-02-25 19:42:06",117
"2019-02-25 20:42:08",117
"2019-02-25 21:42:08",117
"2019-02-25 22:42:07",117
"2019-02-25 23:42:09",117
"2019-02-26 00:42:09",117
"2019-02-26 01:42:08",117
"2019-02-26 02:42:09",117
"2019-02-26 03:42:10",117
"2019-02-26 04:42:10",117
"2019-02-26 05:42:07",117
"2019-02-26 06:42:10",117
"2019-02-26 07:42:10",117
"2019-02-26 08:42:08",117
"2019-02-26 09:42:09",117
"2019-02-26 10:42:06",117
"2019-02-26 11:42:08",117
"2019-02-26 12:42:07",117
"2019-02-26 13:42:07",117
"2019-02-26 14:42:09",117
"2019-02-26 15:42:11",116
"2019-02-26 16:42:08",117
"2019-02-26 17:42:09",117
"2019-02-26 18:42:07",117
"2019-02-26 19:42:12",117
"2019-02-26 20:42:09",117
"2019-02-26 21:42:07",116
"2019-02-26 22:42:11",116
"2019-02-26 23:42:09",116
"2019-02-27 00:42:12",116
"2019-02-27 01:42:11",116
"2019-02-27 03:42:27",116
"2019-02-27 04:42:11",116
"2019-02-27 05:42:10",116
"2019-02-27 06:42:12",116
"2019-02-27 07:42:10",116
"2019-02-27 08:42:10",116
"2019-02-27 09:42:07",116
"2019-02-27 10:42:07",116
"2019-02-27 11:42:12",116
"2019-02-27 12:42:14",116
"2019-02-27 13:42:09",116
"2019-02-27 14:42:10",116
"2019-02-27 15:42:13",116
"2019-02-27 16:42:08",116
"2019-02-27 17:42:08",114
"2019-02-27 18:42:12",114
"2019-02-27 19:42:11",115
"2019-02-27 20:42:10",115
"2019-02-27 21:42:09",114
"2019-02-27 22:42:12",114
"2019-02-27 23:42:08",114
"2019-02-28 00:42:09",114
"2019-02-28 01:42:08",114
"2019-02-28 02:42:10",114
"2019-02-28 04:42:09",114
"2019-02-28 05:42:09",114
"2019-02-28 06:42:07",114
"2019-02-28 07:42:08",114
"2019-02-28 08:42:09",114
"2019-02-28 09:42:07",114
"2019-02-28 10:42:09",114
"2019-02-28 11:42:09",114
"2019-02-28 12:42:09",114
"2019-02-28 13:42:09",114
"2019-02-28 15:06:14",114
"2019-02-28 15:42:06",114
"2019-02-28 16:42:11",114
"2019-02-28 17:42:09",113
"2019-02-28 18:42:12",114
"2019-02-28 19:42:10",114
"2019-02-28 20:42:08",114
"2019-02-28 21:42:08",113
"2019-02-28 22:42:10",113
"2019-02-28 23:42:08",113
"2019-03-01 00:42:09",113
"2019-03-01 01:42:10",113
"2019-03-01 02:42:11",113
"2019-03-01 03:42:12",113
"2019-03-01 04:42:10",113
"2019-03-01 05:42:11",113
"2019-03-01 06:42:08",113
"2019-03-01 07:42:11",113
"2019-03-01 08:42:09",113
"2019-03-01 09:42:07",113
"2019-03-01 10:42:09",113
"2019-03-01 11:42:08",113
"2019-03-01 12:42:07",113
"2019-03-01 13:42:14",113
"2019-03-01 14:42:12",113
"2019-03-01 15:42:10",113
"2019-03-01 16:42:09",111
"2019-03-01 17:42:09",111
"2019-03-01 18:42:11",112
"2019-03-01 19:42:11",112
"2019-03-01 20:42:13",118
"2019-03-01 21:42:13",121
"2019-03-01 22:42:11",121
"2019-03-01 23:42:11",121
"2019-03-02 07:42:09",121
"2019-03-02 08:42:10",121
"2019-03-02 09:42:07",121
"2019-03-02 10:42:09",121
"2019-03-02 11:42:10",121
"2019-03-02 15:42:14",121
"2019-03-02 16:42:10",121
"2019-03-02 17:42:10",121
"2019-03-04 02:42:11",121
"2019-03-04 07:42:11",121
"2019-03-04 10:42:07",121
"2019-03-04 11:42:08",121
"2019-03-04 12:42:06",121
"2019-03-04 13:42:06",121
"2019-03-04 14:42:10",121
"2019-03-04 15:42:07",123
"2019-03-04 16:42:10",121
"2019-03-04 17:42:10",120
"2019-03-04 18:42:08",120
"2019-03-04 19:42:10",120
"2019-03-04 20:42:09",120
"2019-03-04 21:42:09",121
"2019-03-04 22:42:11",121
"2019-03-04 23:42:09",121
"2019-03-05 00:42:11",121
"2019-03-05 01:42:10",121
"2019-03-05 02:42:12",121
"2019-03-05 03:42:12",121
"2019-03-05 04:42:10",121
"2019-03-05 05:42:09",121
"2019-03-05 06:42:08",121
"2019-03-05 07:42:08",121
"2019-03-05 08:42:08",121
"2019-03-05 09:42:10",121
"2019-03-05 10:42:08",121
"2019-03-05 11:42:06",121
"2019-03-05 12:42:08",121
"2019-03-05 14:07:16",121
"2019-03-05 14:42:10",121
"2019-03-05 15:42:12",120
"2019-03-05 16:42:10",118
"2019-03-05 17:42:11",118
"2019-03-05 18:42:11",118
"2019-03-05 19:42:10",117
"2019-03-05 20:42:11",117
"2019-03-05 21:42:10",117
"2019-03-05 22:42:13",117
"2019-03-05 23:42:12",117
"2019-03-06 00:42:11",117
"2019-03-06 01:42:11",117
"2019-03-06 02:42:10",117
"2019-03-06 03:42:11",117
"2019-03-06 04:42:13",117
"2019-03-06 05:42:13",117
"2019-03-06 06:42:14",117
"2019-03-06 07:42:10",117
"2019-03-06 08:42:08",117
"2019-03-06 09:42:09",117
"2019-03-06 10:42:10",117
"2019-03-06 11:42:49",117
"2019-03-06 12:42:22",117
"2019-03-06 14:06:55",117
"2019-03-06 14:42:34",117
"2019-03-06 15:42:27",118
"2019-03-06 16:42:08",118
"2019-03-06 17:42:14",117
"2019-03-06 18:42:12",117
"2019-03-06 19:42:10",117
"2019-03-06 20:42:10",117
"2019-03-06 21:42:10",117
"2019-03-06 22:42:09",117
"2019-03-06 23:42:10",117
"2019-03-07 00:42:10",117
"2019-03-07 01:42:11",117
"2019-03-07 02:42:11",117
"2019-03-07 04:42:14",117
"2019-03-07 05:42:11",117
"2019-03-07 06:42:09",117
"2019-03-07 07:42:09",117
"2019-03-07 08:42:11",117
"2019-03-07 09:42:10",117
"2019-03-07 10:42:09",117
"2019-03-07 11:42:09",117
"2019-03-07 12:42:08",117
"2019-03-07 13:42:10",117
"2019-03-07 14:42:13",117
"2019-03-07 15:42:08",118
"2019-03-07 16:42:11",118
"2019-03-07 17:42:13",118
"2019-03-07 18:42:12",118
"2019-03-07 20:06:44",118
"2019-03-07 20:42:11",118
"2019-03-07 21:42:13",118
"2019-03-07 22:42:16",118
"2019-03-07 23:42:09",118
"2019-03-08 00:42:11",118
"2019-03-08 01:42:12",118
"2019-03-08 02:42:11",118
"2019-03-08 04:42:10",118
"2019-03-08 05:42:10",118
"2019-03-08 06:42:10",118
"2019-03-08 07:42:11",118
"2019-03-08 08:42:11",118
"2019-03-08 09:42:09",118
"2019-03-08 10:42:10",118
"2019-03-08 11:42:11",118
"2019-03-08 12:42:09",118
"2019-03-08 14:07:14",118
"2019-03-08 14:42:09",118
"2019-03-08 15:42:12",118
"2019-03-08 16:42:10",118
"2019-03-08 17:42:10",118
"2019-03-08 18:42:12",115
"2019-03-08 19:42:12",114
"2019-03-08 20:42:08",114
"2019-03-08 21:42:15",114
"2019-03-08 22:42:08",114
"2019-03-08 23:42:12",114
"2019-03-09 00:42:16",114
"2019-03-09 01:42:13",114
"2019-03-09 02:42:10",114
"2019-03-09 03:42:12",114
"2019-03-09 04:42:12",114
"2019-03-09 05:42:10",114
"2019-03-09 06:42:10",114
"2019-03-09 07:42:09",114
"2019-03-09 08:42:08",114
"2019-03-09 09:42:07",114
"2019-03-09 10:42:10",114
"2019-03-09 11:42:09",114
"2019-03-09 12:42:09",114
"2019-03-09 13:42:08",114
"2019-03-09 14:42:09",114
"2019-03-09 15:42:12",114
"2019-03-09 16:42:09",114
"2019-03-09 17:42:11",114
"2019-03-09 18:42:10",114
"2019-03-09 19:42:09",114
"2019-03-09 20:42:10",114
"2019-03-09 21:42:09",114
"2019-03-09 22:42:10",114
"2019-03-09 23:42:10",114
"2019-03-10 00:42:09",114
"2019-03-10 01:42:10",114
"2019-03-10 02:42:12",114
"2019-03-10 03:42:10",114
"2019-03-10 04:42:10",114
"2019-03-10 05:42:09",114
"2019-03-10 06:42:11",114
"2019-03-10 07:42:08",114
"2019-03-10 08:42:08",114
"2019-03-10 09:42:08",114
"2019-03-10 10:42:08",114
"2019-03-10 11:42:09",114
"2019-03-10 12:42:10",114
"2019-03-10 13:42:08",114
"2019-03-10 14:42:09",114
"2019-03-10 15:42:11",114
"2019-03-10 16:42:10",114
"2019-03-10 17:42:13",114
"2019-03-10 18:42:13",114
"2019-03-10 19:42:10",114
"2019-03-10 20:42:09",114
"2019-03-10 21:42:09",114
"2019-03-10 22:42:08",114
"2019-03-10 23:42:11",114
"2019-03-11 00:42:11",114
"2019-03-11 01:42:12",114
"2019-03-11 02:42:10",114
"2019-03-11 03:42:09",114
"2019-03-11 04:42:10",114
"2019-03-11 05:42:10",114
"2019-03-11 06:42:08",114
"2019-03-11 07:42:09",114
"2019-03-11 08:42:07",114
"2019-03-11 09:42:09",114
"2019-03-11 10:42:10",114
"2019-03-11 11:42:08",114
"2019-03-11 12:42:12",114
"2019-03-11 13:42:11",114
"2019-03-11 14:42:12",115
"2019-03-11 15:42:10",117
"2019-03-11 16:42:10",117
"2019-03-11 17:42:09",117
"2019-03-11 18:42:10",117
"2019-03-11 19:42:10",117
"2019-03-11 20:42:09",117
"2019-03-11 21:42:12",117
"2019-03-11 22:42:10",117
"2019-03-11 23:42:11",117
"2019-03-12 00:42:13",117
"2019-03-12 01:42:08",117
"2019-03-12 02:42:09",117
"2019-03-12 03:42:11",117
"2019-03-12 04:42:10",117
"2019-03-12 05:42:10",117
"2019-03-12 06:42:11",117
"2019-03-12 07:42:07",117
"2019-03-12 08:42:09",117
"2019-03-12 09:42:09",117
"2019-03-12 10:42:13",117
"2019-03-12 11:42:09",117
"2019-03-12 12:42:10",117
"2019-03-12 13:42:10",117
"2019-03-12 14:42:08",117
"2019-03-12 15:42:09",116
"2019-03-12 16:42:10",116
"2019-03-12 17:42:08",116
"2019-03-12 18:42:10",116
"2019-03-12 19:42:08",116
"2019-03-12 20:42:10",116
"2019-03-12 21:42:09",116
"2019-03-12 22:42:10",116
"2019-03-12 23:42:11",116
"2019-03-13 00:42:10",116
"2019-03-13 01:42:10",116
"2019-03-13 02:42:09",116
"2019-03-13 03:42:11",116
"2019-03-13 04:42:11",116
"2019-03-13 05:42:09",116
"2019-03-13 06:42:08",116
"2019-03-13 07:42:12",116
"2019-03-13 08:42:08",116
"2019-03-13 09:42:08",116
"2019-03-13 10:42:08",116
"2019-03-13 11:42:08",116
"2019-03-13 13:06:11",116
"2019-03-13 13:42:09",116
"2019-03-13 14:42:09",117
"2019-03-13 15:42:09",114
"2019-03-13 16:42:10",114
"2019-03-13 17:42:12",115
"2019-03-13 18:42:08",114
"2019-03-13 19:42:10",114
"2019-03-13 20:42:09",115
"2019-03-13 21:42:11",116
"2019-03-13 22:42:08",116
"2019-03-13 23:42:10",116
"2019-03-14 00:42:08",116
"2019-03-14 01:42:11",116
"2019-03-14 02:42:11",116
"2019-03-14 03:42:08",116
"2019-03-14 04:42:10",116
"2019-03-14 05:42:09",116
"2019-03-14 06:42:10",116
"2019-03-14 07:42:09",116
"2019-03-14 08:42:08",116
"2019-03-14 09:42:07",116
"2019-03-14 10:42:10",116
"2019-03-14 11:42:09",116
"2019-03-14 13:06:43",116
"2019-03-14 13:42:08",116
"2019-03-14 14:42:10",118
"2019-03-14 15:42:10",118
"2019-03-14 16:42:09",118
"2019-03-14 17:42:11",118
"2019-03-14 18:42:09",118
"2019-03-14 19:42:13",118
"2019-03-14 20:42:09",120
"2019-03-14 21:42:10",120
"2019-03-14 22:42:14",120
"2019-03-14 23:42:13",120
"2019-03-15 00:42:11",120
"2019-03-15 01:42:10",120
"2019-03-15 02:42:12",120
"2019-03-15 03:42:11",120
"2019-03-15 04:42:10",120
"2019-03-15 05:42:08",120
"2019-03-15 06:42:07",120
"2019-03-15 07:42:09",120
"2019-03-15 08:42:11",120
"2019-03-15 09:42:10",120
"2019-03-15 10:42:12",120
"2019-03-15 11:42:11",120
"2019-03-15 12:42:11",120
"2019-03-15 13:42:11",120
"2019-03-15 14:42:10",120
"2019-03-15 15:42:14",120
"2019-03-15 16:42:12",119
"2019-03-15 17:42:14",119
"2019-03-15 18:42:11",120
"2019-03-15 19:42:11",120
"2019-03-15 20:42:11",120
"2019-03-15 21:42:10",124
"2019-03-15 22:42:09",124
"2019-03-15 23:42:14",124
"2019-03-16 00:42:11",124
"2019-03-16 01:42:09",124
"2019-03-16 02:42:11",124
"2019-03-16 03:42:11",124
"2019-03-16 04:42:12",124
"2019-03-16 05:42:12",124
"2019-03-16 06:42:11",124
"2019-03-16 07:42:11",124
"2019-03-16 08:42:13",124
"2019-03-16 09:42:10",124
"2019-03-16 10:42:10",124
"2019-03-16 11:42:10",124
"2019-03-16 12:42:10",124
"2019-03-16 13:42:11",124
"2019-03-16 14:42:10",124
"2019-03-16 15:42:11",124
"2019-03-16 16:42:10",124
"2019-03-16 17:42:10",124
"2019-03-16 18:42:09",124
"2019-03-16 19:42:10",124
"2019-03-16 20:42:12",124
"2019-03-16 21:42:12",124
"2019-03-16 22:42:12",124
"2019-03-16 23:42:10",124
"2019-03-17 00:42:12",124
"2019-03-17 01:42:11",124
"2019-03-17 02:42:13",124
"2019-03-17 03:42:12",124
"2019-03-17 04:42:11",124
"2019-03-17 05:42:13",124
"2019-03-17 06:42:10",124
"2019-03-17 07:42:10",124
"2019-03-17 08:42:08",124
"2019-03-17 09:42:12",124
"2019-03-17 10:42:09",124
"2019-03-17 11:42:10",124
"2019-03-17 12:42:10",124
"2019-03-17 13:42:09",124
"2019-03-17 14:42:09",124
"2019-03-17 15:42:09",124
"2019-03-17 16:42:08",124
"2019-03-17 17:42:08",124
"2019-03-17 18:42:10",124
"2019-03-17 19:42:09",124
"2019-03-17 20:42:08",124
"2019-03-17 21:42:08",124
"2019-03-17 22:42:08",124
"2019-03-17 23:42:10",124
"2019-03-18 00:42:09",124
"2019-03-18 01:42:09",124
"2019-03-18 02:42:10",124
"2019-03-18 03:42:10",124
"2019-03-18 04:42:10",124
"2019-03-18 05:42:09",124
"2019-03-18 06:42:09",124
"2019-03-18 07:42:10",124
"2019-03-18 08:42:08",124
"2019-03-18 09:42:10",124
"2019-03-18 10:42:09",124
"2019-03-18 11:42:08",124
"2019-03-18 12:42:11",124
"2019-03-18 13:42:12",124
"2019-03-18 14:42:11",124
"2019-03-18 15:42:17",124
"2019-03-18 16:42:10",124
"2019-03-18 17:42:13",124
"2019-03-18 18:42:13",124
"2019-03-18 19:42:13",123
"2019-03-18 20:42:11",123
"2019-03-18 21:42:12",123
"2019-03-18 22:42:14",123
"2019-03-18 23:42:13",123
"2019-03-19 00:42:16",123
"2019-03-19 01:42:13",123
"2019-03-19 02:42:14",123
"2019-03-19 03:42:11",123
"2019-03-19 04:42:11",123
"2019-03-19 05:42:08",123
"2019-03-19 06:42:15",123
"2019-03-19 07:42:12",123
"2019-03-19 08:42:09",123
"2019-03-19 09:42:11",123
"2019-03-19 10:42:10",123
"2019-03-19 11:42:10",123
"2019-03-19 12:42:12",123
"2019-03-19 13:42:11",123
"2019-03-19 14:42:12",123
"2019-03-19 15:42:13",123
"2019-03-19 16:42:12",123
"2019-03-19 17:42:13",123
"2019-03-19 18:42:13",123
"2019-03-19 19:42:14",123
"2019-03-19 20:42:14",123
"2019-03-19 21:42:18",123
"2019-03-19 22:42:15",123
"2019-03-19 23:42:13",123
"2019-03-20 00:42:15",123
"2019-03-20 01:42:15",123
"2019-03-20 02:42:15",123
"2019-03-20 03:42:16",123
"2019-03-20 04:42:13",123
"2019-03-20 05:42:13",123
"2019-03-20 06:42:17",123
"2019-03-20 07:42:17",123
"2019-03-20 08:42:15",123
"2019-03-20 09:42:13",123
"2019-03-20 10:42:14",123
"2019-03-20 11:42:14",123
"2019-03-20 13:06:20",123
"2019-03-20 13:42:13",123
"2019-03-20 14:42:14",123
"2019-03-20 15:42:18",122
"2019-03-20 16:42:13",122
"2019-03-20 17:42:14",122
"2019-03-20 18:42:12",121
"2019-03-20 19:42:11",121
"2019-03-20 20:42:10",121
"2019-03-20 21:42:10",121
"2019-03-20 22:42:10",121
"2019-03-20 23:42:10",121
"2019-03-21 00:42:10",121
"2019-03-21 01:42:10",121
"2019-03-21 02:42:12",121
"2019-03-21 03:42:13",121
"2019-03-21 04:42:10",121
"2019-03-21 05:42:14",121
"2019-03-21 06:42:10",121
"2019-03-21 07:42:09",121
"2019-03-21 08:42:08",121
"2019-03-21 09:42:09",121
"2019-03-21 10:42:11",121
"2019-03-21 11:42:10",121
"2019-03-21 13:07:13",121
"2019-03-21 13:42:09",121
"2019-03-21 14:42:10",121
"2019-03-21 15:42:11",122
"2019-03-21 16:42:09",122
"2019-03-21 17:42:10",123
"2019-03-21 18:42:11",123
"2019-03-21 19:42:10",123
"2019-03-21 20:42:07",123
"2019-03-21 21:42:08",123
"2019-03-21 22:42:08",123
"2019-03-21 23:42:09",123
"2019-03-22 00:42:09",123
"2019-03-22 01:42:08",123
"2019-03-22 02:42:14",123
"2019-03-22 03:42:09",123
"2019-03-22 04:42:07",123
"2019-03-22 05:42:09",123
"2019-03-22 06:42:07",123
"2019-03-22 07:42:07",123
"2019-03-22 08:42:18",123
"2019-03-22 09:42:09",123
"2019-03-22 10:42:08",123
"2019-03-22 11:42:07",123
"2019-03-22 12:42:14",123
"2019-03-22 13:42:08",123
"2019-03-22 14:42:07",122
"2019-03-22 15:42:08",122
"2019-03-22 16:42:09",122
"2019-03-22 17:42:11",122
"2019-03-22 18:42:10",125
"2019-03-22 19:42:08",125
"2019-03-22 20:42:09",125
"2019-03-22 21:42:07",125
"2019-03-22 22:42:08",125
"2019-03-22 23:42:07",125
"2019-03-23 00:42:09",125
"2019-03-23 01:42:15",125
"2019-03-23 02:42:09",125
"2019-03-23 03:42:08",125
"2019-03-23 04:42:07",125
"2019-03-23 05:42:08",125
"2019-03-23 06:42:08",125
"2019-03-23 07:42:12",125
"2019-03-23 08:42:08",125
"2019-03-23 09:42:08",125
"2019-03-23 10:42:07",125
"2019-03-23 11:42:09",125
"2019-03-23 12:42:07",125
"2019-03-23 13:42:11",125
"2019-03-23 14:42:08",125
"2019-03-23 15:42:09",125
"2019-03-23 16:42:07",125
"2019-03-23 17:42:08",125
"2019-03-23 18:42:08",125
"2019-03-23 19:42:12",125
"2019-03-23 20:42:09",125
"2019-03-23 21:42:09",125
"2019-03-23 22:42:08",125
"2019-03-23 23:42:08",125
"2019-03-24 00:42:08",125
"2019-03-24 01:42:09",125
"2019-03-24 02:42:09",125
"2019-03-24 03:42:11",125
"2019-03-24 04:42:15",125
"2019-03-24 05:42:09",125
"2019-03-24 06:42:10",125
"2019-03-24 07:42:09",125
"2019-03-24 08:42:08",125
"2019-03-24 09:42:15",125
"2019-03-24 10:42:11",125
"2019-03-24 11:42:07",125
"2019-03-24 12:42:08",125
"2019-03-24 13:42:12",125
"2019-03-24 14:42:08",125
"2019-03-24 15:42:09",125
"2019-03-24 16:42:08",125
"2019-03-24 17:42:09",125
"2019-03-24 18:42:09",125
"2019-03-24 19:42:08",125
"2019-03-24 20:42:09",125
"2019-03-24 21:42:15",125
"2019-03-24 22:42:10",125
"2019-03-24 23:42:09",125
"2019-03-25 00:42:09",125
"2019-03-25 01:42:10",125
"2019-03-25 02:42:11",125
"2019-03-25 03:42:16",125
"2019-03-25 04:42:09",125
"2019-03-25 05:42:10",125
"2019-03-25 06:42:09",125
"2019-03-25 07:42:09",125
"2019-03-25 08:42:11",125
"2019-03-25 09:42:09",125
"2019-03-25 10:42:09",125
"2019-03-25 11:42:18",125
"2019-03-25 13:06:14",125
"2019-03-25 13:42:14",125
"2019-03-25 14:42:10",125
"2019-03-25 15:42:10",124
"2019-03-25 16:42:10",124
"2019-03-25 17:42:11",124
"2019-03-25 18:42:12",123
"2019-03-25 19:42:13",123
"2019-03-25 20:42:10",123
"2019-03-25 21:42:09",123
"2019-03-25 22:42:18",123
"2019-03-25 23:42:15",123
"2019-03-26 00:42:13",123
"2019-03-26 01:42:12",123
"2019-03-26 02:42:08",123
"2019-03-26 03:42:11",123
"2019-03-26 04:42:10",123
"2019-03-26 05:42:11",123
"2019-03-26 06:42:10",123
"2019-03-26 07:42:09",123
"2019-03-26 08:42:08",123
"2019-03-26 09:42:09",123
"2019-03-26 10:42:12",123
"2019-03-26 11:42:09",123
"2019-03-26 12:42:11",123
"2019-03-26 13:42:17",123
"2019-03-26 14:42:08",124
"2019-03-26 15:42:17",124
"2019-03-26 16:42:14",124
"2019-03-26 17:42:10",124
"2019-03-26 18:42:13",124
"2019-03-26 19:42:16",124
"2019-03-26 20:42:12",124
"2019-03-26 21:42:11",124
"2019-03-26 22:42:10",124
"2019-03-26 23:42:09",124
"2019-03-27 00:42:13",124
"2019-03-27 01:42:10",124
"2019-03-27 02:42:09",124
"2019-03-27 03:42:15",124
"2019-03-27 04:42:12",124
"2019-03-27 05:42:11",124
"2019-03-27 06:42:16",124
"2019-03-27 07:42:09",124
"2019-03-27 08:42:09",124
"2019-03-27 09:42:10",124
"2019-03-27 10:42:14",124
"2019-03-27 11:42:08",124
"2019-03-27 13:06:50",124
"2019-03-27 13:42:11",124
"2019-03-27 14:42:16",125
"2019-03-27 15:42:10",125
"2019-03-27 16:42:11",126
"2019-03-27 17:42:20",126
"2019-03-27 18:42:09",126
"2019-03-27 19:42:09",125
"2019-03-27 20:42:14",125
"2019-03-27 21:42:10",125
"2019-03-27 22:42:19",125
"2019-03-27 23:42:13",125
"2019-03-28 00:42:12",125
"2019-03-28 01:42:10",125
"2019-03-28 02:42:19",125
"2019-03-28 03:42:11",125
"2019-03-28 04:42:14",125
"2019-03-28 05:42:10",125
"2019-03-28 06:42:08",125
"2019-03-28 07:42:09",125
"2019-03-28 08:42:07",125
"2019-03-28 09:42:08",125
"2019-03-28 10:42:09",125
"2019-03-28 11:42:08",125
"2019-03-28 13:06:42",125
"2019-03-28 13:42:13",125
"2019-03-28 14:42:10",125
"2019-03-28 15:42:11",125
"2019-03-28 16:42:12",125
"2019-03-28 17:42:10",125
"2019-03-28 18:42:10",125
"2019-03-28 19:42:09",123
"2019-03-28 20:42:13",123
"2019-03-28 21:42:12",123
"2019-03-28 22:42:09",123
"2019-03-28 23:42:10",123
"2019-03-29 00:42:09",123
"2019-03-29 01:42:23",123
"2019-03-29 02:42:14",123
"2019-03-29 03:42:16",123
"2019-03-29 04:42:13",123
"2019-03-29 05:42:08",123
"2019-03-29 06:42:08",123
"2019-03-29 07:42:09",123
"2019-03-29 08:42:14",123
"2019-03-29 09:42:09",123
"2019-03-29 10:42:10",123
"2019-03-29 11:42:13",123
"2019-03-29 13:07:12",123
"2019-03-29 13:42:10",123
"2019-03-29 14:42:12",123
"2019-03-29 15:42:13",121
"2019-03-29 16:42:07",122
"2019-03-29 17:42:13",122
"2019-03-29 18:42:22",122
"2019-03-29 19:42:13",122
"2019-03-29 20:42:12",123
"2019-03-29 21:42:11",123
"2019-03-29 22:42:15",123
"2019-03-29 23:42:21",123
"2019-03-30 00:42:15",123
"2019-03-30 01:42:13",123
"2019-03-30 02:42:17",123
"2019-03-30 03:42:16",123
"2019-03-30 04:42:17",123
"2019-03-30 05:42:12",123
"2019-03-30 06:42:12",123
"2019-03-30 07:42:11",123
"2019-03-30 08:42:29",123
"2019-03-30 09:42:14",123
"2019-03-30 10:42:13",123
"2019-03-30 11:42:12",123
"2019-03-30 12:42:17",123
"2019-03-30 13:42:08",123
"2019-03-30 14:42:09",123
"2019-03-30 15:42:09",123
"2019-03-30 16:42:09",123
"2019-03-30 17:42:14",123
"2019-03-30 18:42:08",123
"2019-03-30 19:42:10",123
"2019-03-30 20:42:08",123
"2019-03-30 21:42:08",123
"2019-03-30 22:42:16",123
"2019-03-30 23:42:09",123
"2019-03-31 00:42:09",123
"2019-03-31 01:42:11",123
"2019-03-31 02:42:15",123
"2019-03-31 03:42:10",123
"2019-03-31 04:42:09",123
"2019-03-31 05:42:09",123
"2019-03-31 06:42:15",123
"2019-03-31 07:42:10",123
"2019-03-31 08:42:08",123
"2019-03-31 09:42:08",123
"2019-03-31 10:42:13",123
"2019-03-31 11:42:10",123
"2019-03-31 12:42:09",123
"2019-03-31 13:42:12",123
"2019-03-31 14:42:08",123
"2019-03-31 15:42:10",123
"2019-03-31 16:42:10",123
"2019-03-31 17:42:18",123
"2019-03-31 18:42:09",123
"2019-03-31 19:42:10",123
"2019-03-31 20:42:09",123
"2019-03-31 21:42:10",123
"2019-03-31 22:42:08",123
"2019-03-31 23:42:13",123
"2019-04-01 00:42:14",123
"2019-04-01 01:42:12",123
"2019-04-01 02:42:14",123
"2019-04-01 03:42:21",123
"2019-04-01 04:42:11",123
"2019-04-01 05:42:10",123
"2019-04-01 06:42:09",123
"2019-04-01 07:42:16",123
"2019-04-01 08:42:10",123
"2019-04-01 09:42:11",123
"2019-04-01 10:42:16",123
"2019-04-01 11:42:14",123
"2019-04-01 13:42:16",123
"2019-04-01 14:42:17",124
"2019-04-01 15:42:24",124
"2019-04-01 16:42:20",124
"2019-04-01 17:42:16",124
"2019-04-01 18:42:12",124
"2019-04-01 19:42:24",125
"2019-04-01 20:42:13",125
"2019-04-01 21:42:10",125
"2019-04-01 22:42:15",125
"2019-04-01 23:42:14",125
"2019-04-02 00:42:18",125
"2019-04-02 01:42:12",125
"2019-04-02 02:42:14",125
"2019-04-02 03:42:21",125
"2019-04-02 04:42:13",125
"2019-04-02 05:42:11",125
"2019-04-02 06:42:11",125
"2019-04-02 07:42:16",125
"2019-04-02 08:42:13",125
"2019-04-02 09:42:16",125
"2019-04-02 10:42:11",125
"2019-04-02 11:42:11",125
"2019-04-02 13:06:49",125
"2019-04-02 13:42:14",125
"2019-04-02 14:42:10",124
"2019-04-02 15:42:22",124
"2019-04-02 16:42:12",123
"2019-04-02 17:42:19",123
"2019-04-02 18:42:12",122
"2019-04-02 19:42:13",122
"2019-04-02 20:42:19",122
"2019-04-02 21:42:14",122
"2019-04-02 22:42:13",122
"2019-04-02 23:42:14",122
"2019-04-03 00:42:23",122
"2019-04-03 01:42:15",122
"2019-04-03 02:42:11",122
"2019-04-03 03:42:15",122
"2019-04-03 04:42:15",122
"2019-04-03 05:42:16",122
"2019-04-03 06:42:17",122
"2019-04-03 07:42:13",122
"2019-04-03 08:42:12",122
"2019-04-03 09:42:24",122
"2019-04-03 10:42:16",122
"2019-04-03 11:42:14",122
"2019-04-03 13:06:51",122
"2019-04-03 13:42:12",122
"2019-04-03 14:42:19",122
"2019-04-03 15:42:19",123
"2019-04-03 16:42:12",124
"2019-04-03 17:42:10",124
"2019-04-03 18:42:11",123
"2019-04-03 19:42:12",123
"2019-04-03 20:42:14",123
"2019-04-03 21:42:11",123
"2019-04-03 22:42:10",123
"2019-04-03 23:42:18",123
"2019-04-04 00:42:09",123
"2019-04-04 01:42:11",123
"2019-04-04 02:42:12",123
"2019-04-04 03:42:16",123
"2019-04-04 04:42:09",123
"2019-04-04 05:42:09",123
"2019-04-04 06:42:10",123
"2019-04-04 07:42:11",123
"2019-04-04 08:42:15",123
"2019-04-04 09:42:10",123
"2019-04-04 10:42:11",123
"2019-04-04 11:42:16",123
"2019-04-04 12:42:11",123
"2019-04-04 13:42:11",123
"2019-04-04 14:42:19",123
"2019-04-04 15:42:12",123
"2019-04-04 16:42:19",122
"2019-04-04 17:42:10",122
"2019-04-04 18:42:15",121
"2019-04-04 19:42:12",120
"2019-04-04 20:42:11",120
"2019-04-04 21:42:14",120
"2019-04-04 22:42:21",120
"2019-04-04 23:42:11",120
"2019-04-05 00:42:13",120
"2019-04-05 01:42:10",120
"2019-04-05 02:42:10",120
"2019-04-05 03:42:24",120
"2019-04-05 04:42:12",120
"2019-04-05 05:42:11",120
"2019-04-05 06:42:09",120
"2019-04-05 07:42:11",120
"2019-04-05 08:42:19",120
"2019-04-05 09:42:12",120
"2019-04-05 10:42:18",120
"2019-04-05 11:42:11",120
"2019-04-05 13:06:18",120
"2019-04-05 13:42:16",120
"2019-04-05 14:42:15",120
"2019-04-05 15:42:20",120
"2019-04-05 16:42:11",121
"2019-04-05 17:42:12",120
"2019-04-05 18:42:15",120
"2019-04-05 19:42:12",120
"2019-04-05 20:42:12",120
"2019-04-05 21:42:15",120
"2019-04-05 22:42:14",120
"2019-04-05 23:42:17",120
"2019-04-06 00:42:14",120
"2019-04-06 01:42:25",120
"2019-04-06 02:42:17",120
"2019-04-06 03:42:15",120
"2019-04-06 04:42:19",120
"2019-04-06 05:42:14",120
"2019-04-06 06:42:12",120
"2019-04-06 07:42:14",120
"2019-04-06 08:42:23",120
"2019-04-06 09:42:14",120
"2019-04-06 10:42:13",120
"2019-04-06 11:42:14",120
"2019-04-06 12:42:15",120
"2019-04-06 13:42:11",120
"2019-04-06 14:42:11",120
"2019-04-06 15:42:18",120
"2019-04-06 16:42:12",120
"2019-04-06 17:42:12",120
"2019-04-06 18:42:14",120
"2019-04-06 19:42:13",120
"2019-04-06 20:42:11",120
"2019-04-06 21:42:20",120
"2019-04-06 22:42:12",120
"2019-04-06 23:42:12",120
"2019-04-07 00:42:12",120
"2019-04-07 01:42:10",120
"2019-04-07 02:42:14",120
"2019-04-07 03:42:18",120
"2019-04-07 04:42:14",120
"2019-04-07 05:42:13",120
"2019-04-07 06:42:15",120
"2019-04-07 07:42:21",120
"2019-04-07 08:42:15",120
"2019-04-07 09:42:18",120
"2019-04-07 10:42:12",120
"2019-04-07 11:42:19",120
"2019-04-07 12:42:15",120
"2019-04-07 13:42:19",120
"2019-04-07 14:42:13",120
"2019-04-07 15:42:15",120
"2019-04-07 16:42:17",120
"2019-04-07 17:42:13",120
"2019-04-07 18:42:13",120
"2019-04-07 19:42:13",120
"2019-04-07 20:42:20",120
"2019-04-07 21:42:12",120
"2019-04-07 22:42:12",120
"2019-04-07 23:42:11",120
"2019-04-08 00:42:23",120
"2019-04-08 01:42:14",120
"2019-04-08 02:42:13",120
"2019-04-08 03:42:13",120
"2019-04-08 04:42:10",120
"2019-04-08 05:42:22",120
"2019-04-08 06:42:11",120
"2019-04-08 07:42:11",120
"2019-04-08 08:42:12",120
"2019-04-08 09:42:13",120
"2019-04-08 10:42:12",120
"2019-04-08 11:42:23",120
"2019-04-08 12:42:11",120
"2019-04-08 13:42:19",120
"2019-04-08 14:42:11",120
"2019-04-08 15:42:16",119
"2019-04-08 16:42:23",119
"2019-04-08 17:42:14",119
"2019-04-08 18:42:13",119
"2019-04-08 19:42:13",119
"2019-04-08 20:42:13",119
"2019-04-08 21:42:15",119
"2019-04-08 22:42:15",119
"2019-04-08 23:42:12",119
"2019-04-09 00:42:19",119
"2019-04-09 01:42:14",119
"2019-04-09 02:42:16",119
"2019-04-09 03:42:15",119
"2019-04-09 04:42:13",119
"2019-04-09 05:42:17",119
"2019-04-09 06:42:13",119
"2019-04-09 07:42:13",119
"2019-04-09 08:42:16",119
"2019-04-09 09:42:23",119
"2019-04-09 10:42:13",119
"2019-04-09 11:42:14",119
"2019-04-09 13:07:28",119
"2019-04-09 13:42:13",119
"2019-04-09 14:42:12",119
"2019-04-09 15:42:26",119
"2019-04-09 16:42:15",120
"2019-04-09 17:42:13",120
"2019-04-09 18:42:14",120
"2019-04-09 19:42:14",120
"2019-04-09 20:42:14",120
"2019-04-09 21:42:14",120
"2019-04-09 22:42:13",120
"2019-04-09 23:42:20",120
"2019-04-10 00:42:15",120
"2019-04-10 01:42:15",120
"2019-04-10 02:42:15",120
"2019-04-10 03:42:19",120
"2019-04-10 04:42:20",120
"2019-04-10 05:42:13",120
"2019-04-10 06:42:13",120
"2019-04-10 07:42:12",120
"2019-04-10 08:42:19",120
"2019-04-10 09:42:15",120
"2019-04-10 10:42:14",120
"2019-04-10 11:42:16",120
"2019-04-10 12:42:23",120
"2019-04-10 13:42:23",120
"2019-04-10 14:42:14",119
"2019-04-10 15:42:17",120
"2019-04-10 16:42:15",119
"2019-04-10 17:42:15",119
"2019-04-10 18:42:19",119
"2019-04-10 19:42:16",119
"2019-04-10 20:42:13",119
"2019-04-10 21:42:12",119
"2019-04-10 22:42:11",119
"2019-04-10 23:42:22",119
"2019-04-11 00:42:14",119
"2019-04-11 01:42:11",119
"2019-04-11 02:42:14",119
"2019-04-11 03:42:16",119
"2019-04-11 04:42:16",119
"2019-04-11 05:42:15",119
"2019-04-11 06:42:11",119
"2019-04-11 18:42:18",118
"2019-04-11 19:42:27",118
"2019-04-11 20:42:14",120
"2019-04-11 21:42:15",120
"2019-04-11 22:42:14",120
"2019-04-11 23:42:14",120
"2019-04-12 00:42:14",120
"2019-04-12 01:42:16",120
"2019-04-12 02:42:21",120
"2019-04-12 03:42:16",120
"2019-04-12 04:42:16",120
"2019-04-12 05:42:16",120
"2019-04-12 06:42:13",120
"2019-04-12 07:42:14",120
"2019-04-12 08:42:14",120
"2019-04-12 09:42:19",120
"2019-04-12 10:42:13",120
"2019-04-12 11:42:13",120
"2019-04-12 13:05:56",120
"2019-04-12 13:42:16",120
"2019-04-12 14:42:12",120
"2019-04-12 15:42:19",120
"2019-04-12 16:42:17",120
"2019-04-12 17:42:14",119
"2019-04-12 18:42:14",121
"2019-04-12 19:42:14",122
"2019-04-12 20:42:13",123
"2019-04-12 21:42:12",123
"2019-04-12 22:42:22",123
"2019-04-12 23:42:13",123
"2019-04-13 00:42:17",123
"2019-04-13 01:42:14",123
"2019-04-13 02:42:15",123
"2019-04-13 03:42:26",123
"2019-04-13 04:42:16",123
"2019-04-13 05:42:16",123
"2019-04-13 06:42:16",123
"2019-04-13 07:42:12",123
"2019-04-13 08:42:14",123
"2019-04-13 09:42:17",123
"2019-04-13 10:42:13",123
"2019-04-13 11:42:15",123
"2019-04-13 12:42:14",123
"2019-04-13 13:42:14",123
"2019-04-13 14:42:18",123
"2019-04-13 15:42:16",123
"2019-04-13 16:42:16",123
"2019-04-13 17:42:12",123
"2019-04-13 18:42:15",123
"2019-04-13 19:42:15",123
"2019-04-13 20:42:14",123
"2019-04-13 21:42:19",123
"2019-04-13 22:42:14",123
"2019-04-13 23:42:13",123
"2019-04-14 00:42:16",123
"2019-04-14 01:42:18",123
"2019-04-14 02:42:14",123
"2019-04-14 03:42:13",123
"2019-04-14 04:42:22",123
"2019-04-14 05:42:14",123
"2019-04-14 06:42:15",123
"2019-04-14 07:42:18",123
"2019-04-14 08:42:14",123
"2019-04-14 09:42:17",123
"2019-04-14 10:42:11",123
"2019-04-14 11:42:17",123
"2019-04-14 12:42:12",123
"2019-04-14 13:42:15",123
"2019-04-14 14:42:20",123
"2019-04-14 15:42:18",123
"2019-04-14 16:42:17",123
"2019-04-14 17:42:15",123
"2019-04-14 18:42:15",123
"2019-04-14 19:42:16",123
"2019-04-14 20:42:17",123
"2019-04-14 21:42:23",123
"2019-04-14 22:42:14",123
"2019-04-14 23:42:17",123
"2019-04-15 00:42:15",123
"2019-04-15 01:42:14",123
"2019-04-15 02:42:15",123
"2019-04-15 03:42:23",123
"2019-04-15 04:42:15",123
"2019-04-15 05:42:15",123
"2019-04-15 06:42:12",123
"2019-04-15 07:42:14",123
"2019-04-15 08:42:18",123
"2019-04-15 09:42:13",123
"2019-04-15 10:42:13",123
"2019-04-15 11:42:14",123
"2019-04-15 13:07:53",123
"2019-04-15 13:42:13",123
"2019-04-15 14:42:15",122
"2019-04-15 15:42:21",122
"2019-04-15 16:42:14",119
"2019-04-15 17:42:18",119
"2019-04-15 18:42:19",119
"2019-04-15 19:42:30",119
"2019-04-15 20:42:14",119
"2019-04-15 21:42:14",119
"2019-04-15 22:42:16",119
"2019-04-15 23:42:19",119
"2019-04-16 00:42:17",119
"2019-04-16 01:42:14",119
"2019-04-16 02:42:17",119
"2019-04-16 03:42:19",119
"2019-04-16 04:42:16",119
"2019-04-16 05:42:15",119
"2019-04-16 06:42:14",119
"2019-04-16 07:42:12",119
"2019-04-16 08:42:26",119
"2019-04-16 09:42:13",119
"2019-04-16 10:42:20",119
"2019-04-16 11:42:14",119
"2019-04-16 13:06:17",119
"2019-04-16 13:42:15",119
"2019-04-16 14:42:19",119
"2019-04-16 15:42:13",118
"2019-04-16 16:42:13",118
"2019-04-16 17:42:12",119
"2019-04-16 18:42:19",118
"2019-04-16 19:42:15",118
"2019-04-16 20:42:16",118
"2019-04-16 21:42:12",118
"2019-04-16 22:42:13",118
"2019-04-16 23:42:13",118
"2019-04-17 00:42:14",118
"2019-04-17 01:42:15",118
"2019-04-17 02:42:19",118
"2019-04-17 03:42:14",118
"2019-04-17 04:42:15",118
"2019-04-17 05:42:14",118
"2019-04-17 06:42:27",118
"2019-04-17 07:42:15",118
"2019-04-17 08:42:12",118
"2019-04-17 09:42:18",118
"2019-04-17 10:42:12",118
"2019-04-17 11:42:14",118
"2019-04-17 13:07:20",118
"2019-04-17 13:42:17",118
"2019-04-17 14:42:15",118
"2019-04-17 15:42:30",118
"2019-04-17 16:42:15",118
"2019-04-17 17:42:21",118
"2019-04-17 18:42:15",118
"2019-04-17 19:42:14",117
"2019-04-17 20:42:16",117
"2019-04-17 21:42:14",117
"2019-04-17 22:42:15",117
"2019-04-17 23:45:51",117
"2019-04-18 00:42:14",117
"2019-04-18 01:42:17",117
"2019-04-18 02:42:14",117
"2019-04-18 03:42:23",117
"2019-04-18 04:42:16",117
"2019-04-18 05:42:21",117
"2019-04-18 06:42:14",117
"2019-04-18 07:42:14",117
"2019-04-18 08:42:20",117
"2019-04-18 09:42:15",117
"2019-04-18 10:42:16",117
"2019-04-18 11:42:18",117
"2019-04-18 13:07:17",117
"2019-04-18 13:42:15",117
"2019-04-18 14:42:20",117
"2019-04-18 15:42:16",117
"2019-04-18 16:42:17",117
"2019-04-18 17:42:21",117
"2019-04-18 18:42:15",116
"2019-04-18 19:42:14",116
"2019-04-18 20:42:15",116
"2019-04-18 21:42:17",116
"2019-04-18 22:42:15",116
"2019-04-18 23:42:20",116
"2019-04-19 00:42:46",116
"2019-04-19 02:42:15",116
"2019-04-19 03:42:22",116
"2019-04-19 04:42:14",116
"2019-04-19 05:42:13",116
"2019-04-19 06:42:16",116
"2019-04-19 07:42:19",116
"2019-04-19 08:42:17",116
"2019-04-19 09:42:15",116
"2019-04-19 10:42:17",116
"2019-04-19 11:42:13",116
"2019-04-19 12:42:15",116
"2019-04-19 13:42:18",116
"2019-04-19 14:42:19",116
"2019-04-19 15:42:14",116
"2019-04-19 16:42:16",116
"2019-04-19 17:42:21",116
"2019-04-19 18:42:15",116
"2019-04-19 19:42:14",116
"2019-04-19 20:42:14",116
"2019-04-19 21:42:13",116
"2019-04-19 22:42:14",116
"2019-04-19 23:42:16",116
"2019-04-20 00:42:21",116
"2019-04-20 01:42:17",116
"2019-04-20 02:42:16",116
"2019-04-20 03:42:14",116
"2019-04-20 04:42:20",116
"2019-04-20 05:42:14",116
"2019-04-20 06:42:14",116
"2019-04-20 07:42:18",116
"2019-04-20 08:42:15",116
"2019-04-20 09:42:19",116
"2019-04-20 10:42:15",116
"2019-04-20 11:42:12",116
"2019-04-20 12:42:24",116
"2019-04-20 13:43:06",116
"2019-04-20 14:42:15",116
"2019-04-20 15:42:12",116
"2019-04-20 16:42:18",116
"2019-04-20 17:42:18",116
"2019-04-20 18:42:14",116
"2019-04-20 19:42:14",116
"2019-04-20 20:42:14",116
"2019-04-20 21:42:13",116
"2019-04-20 22:42:14",116
"2019-04-20 23:42:21",116
"2019-04-21 00:42:14",116
"2019-04-21 01:42:14",116
"2019-04-21 02:42:16",116
"2019-04-21 03:42:16",116
"2019-04-21 04:42:17",116
"2019-04-21 05:42:14",116
"2019-04-21 06:42:13",116
"2019-04-21 07:42:20",116
"2019-04-21 08:42:13",116
"2019-04-21 09:42:13",116
"2019-04-21 10:42:15",116
"2019-04-21 11:42:15",116
"2019-04-21 12:42:14",116
"2019-04-21 13:42:13",116
"2019-04-21 14:42:19",116
"2019-04-21 15:42:14",116
"2019-04-21 16:42:16",116
"2019-04-21 17:42:15",116
"2019-04-21 18:42:13",116
"2019-04-21 19:42:21",116
"2019-04-21 20:42:13",116
"2019-04-21 21:42:14",116
"2019-04-21 22:42:13",116
"2019-04-21 23:42:13",116
"2019-04-22 00:42:14",116
"2019-04-22 01:42:17",116
"2019-04-22 02:42:23",116
"2019-04-22 03:42:15",116
"2019-04-22 04:42:12",116
"2019-04-22 05:42:13",116
"2019-04-22 06:42:16",116
"2019-04-22 07:42:16",116
"2019-04-22 08:42:14",116
"2019-04-22 09:42:13",116
"2019-04-22 10:42:19",116
"2019-04-22 11:42:17",116
"2019-04-22 13:07:49",116
"2019-04-22 13:42:16",116
"2019-04-22 14:42:17",117
"2019-04-22 15:42:14",118
"2019-04-22 16:42:14",118
"2019-04-22 17:42:16",118
"2019-04-22 18:42:18",118
"2019-04-22 19:42:18",118
"2019-04-22 20:42:15",118
"2019-04-22 21:42:15",118
"2019-04-22 22:42:15",118
"2019-04-22 23:42:18",118
"2019-04-23 00:42:17",118
"2019-04-23 01:42:13",118
"2019-04-23 02:42:14",118
"2019-04-23 03:42:17",118
"2019-04-23 04:42:19",118
"2019-04-23 05:42:15",118
"2019-04-23 06:42:49",118
"2019-04-23 07:42:15",118
"2019-04-23 08:42:12",118
"2019-04-23 09:42:15",118
"2019-04-23 10:42:17",118
"2019-04-23 11:42:18",118
"2019-04-23 13:08:20",118
"2019-04-23 13:42:15",118
"2019-04-23 14:42:14",120
"2019-04-23 15:42:19",120
"2019-04-23 16:42:16",120
"2019-04-23 17:42:16",120
"2019-04-23 18:42:14",120
"2019-04-23 19:42:17",120
"2019-04-23 20:42:24",119
"2019-04-23 21:42:18",119
"2019-04-23 22:42:15",119
"2019-04-23 23:42:17",119
"2019-04-24 00:42:14",119
"2019-04-24 01:42:16",119
"2019-04-24 02:42:21",119
"2019-04-24 03:42:17",119
"2019-04-24 04:42:16",119
"2019-04-24 05:42:14",119
"2019-04-24 06:42:17",119
"2019-04-24 07:42:21",119
"2019-04-24 08:42:15",119
"2019-04-24 09:42:17",119
"2019-04-24 10:42:20",119
"2019-04-24 11:42:21",119
"2019-04-24 12:42:15",119
"2019-04-24 13:42:28",119
"2019-04-24 14:42:19",120
"2019-04-24 15:42:17",121
"2019-04-24 16:42:17",121
"2019-04-24 17:42:18",121
"2019-04-24 18:42:27",121
"2019-04-24 19:42:17",121
"2019-04-24 20:42:19",121
"2019-04-24 21:42:17",121
"2019-04-24 22:42:15",121
"2019-04-24 23:42:25",121
"2019-04-25 00:42:18",121
"2019-04-25 01:42:17",121
"2019-04-25 02:42:17",121
"2019-04-25 03:42:24",121
"2019-04-25 04:42:17",121
"2019-04-25 05:42:16",121
"2019-04-25 06:42:20",121
"2019-04-25 07:42:14",121
"2019-04-25 08:42:21",121
"2019-04-25 09:42:16",121
"2019-04-25 10:42:20",121
"2019-04-25 11:42:19",121
"2019-04-25 13:06:50",121
"2019-04-25 13:42:17",121
"2019-04-25 14:42:21",121
"2019-04-25 15:42:16",120
"2019-04-25 16:42:20",120
"2019-04-25 17:42:15",119
"2019-04-25 18:42:15",119
"2019-04-25 19:42:19",119
"2019-04-25 20:42:15",119
"2019-04-25 21:42:22",119
"2019-04-25 22:42:15",119
"2019-04-25 23:42:14",119
"2019-04-26 00:42:17",119
"2019-04-26 01:42:21",119
"2019-04-26 02:42:16",119
"2019-04-26 03:42:17",119
"2019-04-26 04:42:18",119
"2019-04-26 05:42:19",119
"2019-04-26 06:42:18",119
"2019-04-26 07:42:15",119
"2019-04-26 08:42:21",119
"2019-04-26 09:42:14",119
"2019-04-26 10:42:23",119
"2019-04-26 11:42:14",119
"2019-04-26 12:42:16",119
"2019-04-26 13:42:20",119
"2019-04-26 14:42:15",120
"2019-04-26 15:42:20",121
"2019-04-26 16:42:14",122
"2019-04-26 17:42:16",122
"2019-04-26 18:42:16",122
"2019-04-26 19:42:14",122
"2019-04-26 20:42:20",122
"2019-04-26 21:42:14",122
"2019-04-26 22:42:15",122
"2019-04-26 23:42:15",122
"2019-04-27 00:42:16",122
"2019-04-27 01:42:19",122
"2019-04-27 02:42:14",122
"2019-04-27 03:42:14",122
"2019-04-27 04:42:13",122
"2019-04-27 05:42:16",122
"2019-04-27 06:42:19",122
"2019-04-27 07:42:13",122
"2019-04-27 08:42:14",122
"2019-04-27 09:42:18",122
"2019-04-27 10:42:16",122
"2019-04-27 11:42:13",122
"2019-04-27 12:42:14",122
"2019-04-27 13:42:16",122
"2019-04-27 14:42:13",122
"2019-04-27 15:42:12",122
"2019-04-27 16:42:15",122
"2019-04-27 17:42:22",122
"2019-04-27 18:42:15",122
"2019-04-27 19:42:12",122
"2019-04-27 20:42:15",122
"2019-04-27 21:42:16",122
"2019-04-27 22:42:13",122
"2019-04-27 23:42:13",122
"2019-04-28 00:42:13",122
"2019-04-28 01:42:15",122
"2019-04-28 02:42:14",122
"2019-04-28 03:42:13",122
"2019-04-28 04:42:20",122
"2019-04-28 05:42:14",122
"2019-04-28 06:42:13",122
"2019-04-28 07:42:13",122
"2019-04-28 08:42:18",122
"2019-04-28 09:42:14",122
"2019-04-28 10:42:18",122
"2019-04-28 11:42:16",122
"2019-04-28 12:42:14",122
"2019-04-28 13:42:13",122
"2019-04-28 14:42:17",122
"2019-04-28 15:42:15",122
"2019-04-28 16:42:13",122
"2019-04-28 17:42:15",122
"2019-04-28 18:42:15",122
"2019-04-28 19:42:26",122
"2019-04-28 20:42:13",122
"2019-04-28 21:42:15",122
"2019-04-28 22:42:14",122
"2019-04-28 23:42:16",122
"2019-04-29 00:42:18",122
"2019-04-29 01:42:12",122
"2019-04-29 02:42:13",122
"2019-04-29 03:42:16",122
"2019-04-29 04:42:18",122
"2019-04-29 05:42:13",122
"2019-04-29 06:42:14",122
"2019-04-29 07:42:15",122
"2019-04-29 08:42:19",122
"2019-04-29 09:42:17",122
"2019-04-29 10:42:14",122
"2019-04-29 11:42:14",122
"2019-04-29 12:42:19",122
"2019-04-29 13:42:13",122
"2019-04-29 14:42:17",123
"2019-04-29 15:42:13",123
"2019-04-29 16:42:17",123
"2019-04-29 17:42:16",123
"2019-04-29 18:42:16",123
"2019-04-29 19:42:17",123
"2019-04-29 20:42:23",125
"2019-04-29 21:42:14",125
"2019-04-29 22:42:13",125
"2019-04-29 23:42:16",125
"2019-04-30 00:42:14",125
"2019-04-30 01:42:16",125
"2019-04-30 02:42:19",125
"2019-04-30 03:42:20",125
"2019-04-30 04:42:16",125
"2019-04-30 05:42:17",125
"2019-04-30 06:42:14",125
"2019-04-30 07:42:16",125
"2019-04-30 08:42:16",125
"2019-04-30 09:42:21",125
"2019-04-30 10:42:16",125
"2019-04-30 11:42:17",125
"2019-04-30 13:06:19",125
"2019-04-30 13:42:18",125
"2019-04-30 14:42:17",124
"2019-04-30 15:42:19",125
"2019-04-30 16:42:19",125
"2019-04-30 17:42:23",125
"2019-04-30 18:42:16",125
"2019-04-30 19:42:20",125
"2019-04-30 20:42:17",126
"2019-04-30 21:42:16",126
"2019-04-30 22:42:13",126
"2019-04-30 23:42:19",126
"2019-05-01 00:42:12",126
"2019-05-01 01:42:22",126
"2019-05-01 02:42:17",126
"2019-05-01 03:42:22",126
"2019-05-01 04:42:21",126
"2019-05-01 05:42:19",126
"2019-05-01 06:42:14",126
"2019-05-01 07:42:18",126
"2019-05-01 08:42:18",126
"2019-05-01 09:42:19",126
"2019-05-01 10:42:15",126
"2019-05-01 11:42:16",126
"2019-05-01 13:06:19",126
"2019-05-01 13:42:20",126
"2019-05-01 14:42:12",127
"2019-05-01 15:42:19",128
"2019-05-01 16:42:17",128
"2019-05-01 17:42:14",128
"2019-05-01 18:42:18",128
"2019-05-01 19:42:22",128
"2019-05-01 20:42:20",128
"2019-05-01 21:42:17",128
"2019-05-01 22:42:19",128
"2019-05-01 23:42:20",128
"2019-05-02 00:42:21",128
"2019-05-02 01:42:16",128
"2019-05-02 02:42:21",128
"2019-05-02 03:42:17",128
"2019-05-02 04:42:22",128
"2019-05-02 05:42:24",128
"2019-05-02 06:42:22",128
"2019-05-02 07:42:19",128
"2019-05-02 08:42:18",128
"2019-05-02 09:42:16",128
"2019-05-02 10:42:20",128
"2019-05-02 11:42:16",128
"2019-05-02 13:42:25",128
"2019-05-02 14:42:16",129
"2019-05-02 15:42:17",127
"2019-05-02 16:42:22",129
"2019-05-02 17:42:17",129
"2019-05-02 18:42:17",130
"2019-05-02 19:42:24",130
"2019-05-02 20:42:18",130
"2019-05-02 21:42:20",130
"2019-05-02 22:42:24",130
"2019-05-02 23:42:16",130
"2019-05-03 00:42:18",130
"2019-05-03 01:42:25",130
"2019-05-03 02:42:19",130
"2019-05-03 03:42:25",130
"2019-05-03 04:42:18",130
"2019-05-03 05:42:32",130
"2019-05-03 06:42:22",130
"2019-05-03 07:42:21",130
"2019-05-03 08:42:21",130
"2019-05-03 09:42:21",130
"2019-05-03 10:42:24",130
"2019-05-03 11:42:20",130
"2019-05-03 13:05:28",130
"2019-05-03 13:42:30",130
"2019-05-03 14:42:24",131
"2019-05-03 15:42:21",129
"2019-05-03 16:42:22",129
"2019-05-03 17:42:24",129
"2019-05-03 18:42:28",129
"2019-05-03 19:42:26",129
"2019-05-03 20:42:18",129
"2019-05-03 21:42:28",129
"2019-05-03 22:42:18",129
"2019-05-03 23:42:25",129
"2019-05-04 00:42:22",129
"2019-05-04 01:42:22",129
"2019-05-04 02:42:24",129
"2019-05-04 03:42:28",129
"2019-05-04 04:42:23",129
"2019-05-04 05:42:22",129
"2019-05-04 06:42:24",129
"2019-05-04 07:42:23",129
"2019-05-04 08:42:18",129
"2019-05-04 09:42:21",129
"2019-05-04 10:42:17",129
"2019-05-04 11:42:21",129
"2019-05-04 12:42:24",129
"2019-05-04 13:42:24",129
"2019-05-04 14:42:18",129
"2019-05-04 15:42:19",129
"2019-05-04 16:42:22",129
"2019-05-04 17:42:19",129
"2019-05-04 18:42:17",129
"2019-05-04 19:42:21",129
"2019-05-04 20:42:17",129
"2019-05-04 21:42:19",129
"2019-05-04 22:42:18",129
"2019-05-04 23:42:24",129
"2019-05-05 00:42:20",129
"2019-05-05 01:42:23",129
"2019-05-05 02:42:19",129
"2019-05-05 03:42:21",129
"2019-05-05 04:42:23",129
"2019-05-05 05:42:24",129
"2019-05-05 06:42:24",129
"2019-05-05 07:42:20",129
"2019-05-05 08:42:17",129
"2019-05-05 09:42:17",129
"2019-05-05 10:42:20",129
"2019-05-05 11:42:21",129
"2019-05-05 12:42:20",129
"2019-05-05 13:42:20",129
"2019-05-05 14:42:21",129
"2019-05-05 15:42:19",129
"2019-05-05 16:42:18",129
"2019-05-05 17:42:24",129
"2019-05-05 18:42:19",129
"2019-05-05 19:42:17",129
"2019-05-05 20:42:20",129
"2019-05-05 21:42:17",129
"2019-05-05 22:42:21",129
"2019-05-05 23:42:22",129
"2019-05-06 00:42:18",129
"2019-05-06 01:42:17",129
"2019-05-06 02:42:18",129
"2019-05-06 03:42:22",129
"2019-05-06 04:42:16",129
"2019-05-06 05:42:16",129
"2019-05-06 06:42:16",129
"2019-05-06 07:42:22",129
"2019-05-06 08:42:18",129
"2019-05-06 09:42:15",129
"2019-05-06 10:42:21",129
"2019-05-06 11:42:21",129
"2019-05-06 13:07:28",129
"2019-05-06 13:42:27",129
"2019-05-06 14:42:27",129
"2019-05-06 15:42:16",128
"2019-05-06 16:42:20",128
"2019-05-06 17:34:09",128
"2019-05-06 17:42:17",128
"2019-05-06 18:42:19",128
"2019-05-06 19:42:21",127
"2019-05-06 20:42:15",127
"2019-05-06 21:42:15",127
"2019-05-06 22:42:18",127
"2019-05-06 23:42:15",127
"2019-05-07 00:42:17",127
"2019-05-07 01:42:24",127
"2019-05-07 02:42:16",127
"2019-05-07 03:42:20",127
"2019-05-07 04:42:18",127
"2019-05-07 05:42:17",127
"2019-05-07 06:42:15",127
"2019-05-07 07:42:17",127
"2019-05-07 08:42:14",127
"2019-05-07 09:42:19",127
"2019-05-07 10:42:17",127
"2019-05-07 11:42:15",127
"2019-05-07 12:42:22",127
"2019-05-07 13:42:19",127
"2019-05-07 14:42:15",126
"2019-05-07 15:42:15",126
"2019-05-07 16:42:19",125
"2019-05-07 17:42:19",125
"2019-05-07 18:42:17",125
"2019-05-07 19:42:21",124
"2019-05-07 20:42:17",124
"2019-05-07 21:42:16",124
"2019-05-07 22:42:16",124
"2019-05-07 23:42:20",124
"2019-05-08 00:42:15",124
"2019-05-08 01:42:17",124
"2019-05-08 02:42:17",124
"2019-05-08 03:42:21",124
"2019-05-08 04:42:18",124
"2019-05-08 05:42:18",124
"2019-05-08 06:42:19",124
"2019-05-08 07:42:16",124
"2019-05-08 08:42:15",124
"2019-05-08 09:42:22",124
"2019-05-08 10:42:16",124
"2019-05-08 11:42:19",124
"2019-05-08 13:06:22",124
"2019-05-08 13:42:18",124
"2019-05-08 14:42:20",126
"2019-05-08 15:42:20",126
"2019-05-08 16:42:18",126
"2019-05-08 17:42:20",126
"2019-05-08 18:42:23",126
"2019-05-08 19:42:18",126
"2019-05-08 20:42:16",126
"2019-05-08 21:42:18",126
"2019-05-08 22:42:16",126
"2019-05-08 23:42:25",126
"2019-05-09 00:42:17",126
"2019-05-09 01:42:19",126
"2019-05-09 02:42:19",126
"2019-05-09 03:42:24",126
"2019-05-09 04:42:24",126
"2019-05-09 05:42:18",126
"2019-05-09 06:42:21",126
"2019-05-09 07:42:20",126
"2019-05-09 08:42:19",126
"2019-05-09 09:42:24",126
"2019-05-09 10:42:17",126
"2019-05-09 11:42:21",126
"2019-05-09 13:05:52",126
"2019-05-09 13:42:19",126
"2019-05-09 14:42:18",125
"2019-05-09 15:42:23",125
"2019-05-09 16:42:19",124
"2019-05-09 17:42:24",124
"2019-05-09 18:42:19",124
"2019-05-09 19:42:20",124
"2019-05-09 20:42:19",124
"2019-05-09 21:42:18",124
"2019-05-09 22:42:24",123
"2019-05-09 23:42:17",123
"2019-05-10 00:42:18",123
"2019-05-10 01:42:21",123
"2019-05-10 02:42:25",123
"2019-05-10 03:42:17",123
"2019-05-10 04:42:25",123
"2019-05-10 05:42:18",123
"2019-05-10 06:42:18",123
"2019-05-10 07:42:16",123
"2019-05-10 08:42:22",123
"2019-05-10 09:42:18",123
"2019-05-10 10:42:20",123
"2019-05-10 11:42:18",123
"2019-05-10 12:42:25",123
"2019-05-10 13:42:18",123
"2019-05-10 14:42:22",123
"2019-05-10 15:42:18",123
"2019-05-10 16:42:18",123
"2019-05-10 17:42:18",122
"2019-05-10 18:42:23",122
"2019-05-10 19:42:18",122
"2019-05-10 20:42:17",122
"2019-05-10 21:42:18",122
"2019-05-10 22:42:21",122
"2019-05-10 23:42:19",122
"2019-05-11 00:42:26",122
"2019-05-11 01:42:18",122
"2019-05-11 02:42:24",122
"2019-05-11 03:42:17",122
"2019-05-11 04:42:18",122
"2019-05-11 05:42:28",122
"2019-05-11 06:42:17",122
"2019-05-11 07:42:16",122
"2019-05-11 08:42:22",122
"2019-05-11 09:42:17",122
"2019-05-11 10:42:25",122
"2019-05-11 11:42:18",122
"2019-05-11 12:42:17",122
"2019-05-11 13:42:21",122
"2019-05-11 14:42:17",122
"2019-05-11 15:42:19",122
"2019-05-11 16:42:26",122
"2019-05-11 17:42:18",122
"2019-05-11 18:42:19",122
"2019-05-11 19:42:19",122
"2019-05-11 20:42:17",122
"2019-05-11 21:42:19",122
"2019-05-11 22:42:21",122
"2019-05-11 23:42:19",122
"2019-05-12 00:42:17",122
"2019-05-12 01:42:18",122
"2019-05-12 02:42:18",122
"2019-05-12 03:42:23",122
"2019-05-12 04:42:17",122
"2019-05-12 05:42:20",122
"2019-05-12 06:42:18",122
"2019-05-12 07:42:23",122
"2019-05-12 08:42:17",122
"2019-05-12 09:42:21",122
"2019-05-12 10:42:17",122
"2019-05-12 11:42:16",122
"2019-05-12 12:42:16",122
"2019-05-12 13:42:22",122
"2019-05-12 14:42:17",122
"2019-05-12 15:42:18",122
"2019-05-12 16:42:20",122
"2019-05-12 17:42:24",122
"2019-05-12 18:42:17",122
"2019-05-12 19:42:17",122
"2019-05-12 20:42:17",122
"2019-05-12 21:42:15",122
"2019-05-12 22:42:23",122
"2019-05-12 23:42:17",122
"2019-05-13 00:42:19",122
"2019-05-13 01:42:16",122
"2019-05-13 02:42:16",122
"2019-05-13 03:42:21",122
"2019-05-13 04:42:16",122
"2019-05-13 05:42:15",122
"2019-05-13 06:42:20",122
"2019-05-13 07:42:15",122
"2019-05-13 08:42:16",122
"2019-05-13 09:42:18",122
"2019-05-13 10:42:21",122
"2019-05-13 11:42:18",122
"2019-05-13 13:05:51",122
"2019-05-13 13:42:17",122
"2019-05-13 14:42:16",122
"2019-05-13 15:42:22",122
"2019-05-13 16:42:17",122
"2019-05-13 17:42:18",122
"2019-05-13 18:42:20",122
"2019-05-13 19:42:20",122
"2019-05-13 20:42:16",122
"2019-05-13 21:42:19",122
"2019-05-13 22:42:16",122
"2019-05-13 23:42:17",122
"2019-05-14 00:42:33",122
"2019-05-14 01:42:16",122
"2019-05-14 02:42:18",122
"2019-05-14 03:42:23",122
"2019-05-14 04:42:18",122
"2019-05-14 05:42:16",122
"2019-05-14 06:42:23",122
"2019-05-14 07:42:20",122
"2019-05-14 08:42:19",122
"2019-05-14 09:42:23",122
"2019-05-14 10:42:18",122
"2019-05-14 11:42:18",122
"2019-05-14 13:05:23",122
"2019-05-14 13:42:21",122
"2019-05-14 14:42:18",123
"2019-05-14 15:42:21",123
"2019-05-14 16:42:20",123
"2019-05-14 17:42:19",123
"2019-05-14 18:42:20",123
"2019-05-14 19:42:17",123
"2019-05-14 20:42:18",123
"2019-05-14 21:42:17",123
"2019-05-14 22:42:22",123
"2019-05-14 23:42:20",123
"2019-05-15 00:42:19",123
"2019-05-15 01:42:19",123
"2019-05-15 02:42:17",123
"2019-05-15 03:42:21",123
"2019-05-15 04:42:19",123
"2019-05-15 05:42:20",123
"2019-05-15 06:42:22",123
"2019-05-15 07:42:20",123
"2019-05-15 08:42:21",123
"2019-05-15 09:42:24",123
"2019-05-15 10:42:26",123
"2019-05-15 11:42:18",123
"2019-05-15 13:06:23",123
"2019-05-15 13:42:19",123
"2019-05-15 14:42:20",123
"2019-05-15 15:42:18",123
"2019-05-15 16:42:23",123
"2019-05-15 17:42:19",123
"2019-05-15 18:42:22",123
"2019-05-15 19:42:20",123
"2019-05-15 20:42:19",123
"2019-05-15 21:42:21",123
"2019-05-15 22:42:19",123
"2019-05-15 23:42:19",123
"2019-05-16 00:42:18",123
"2019-05-16 01:42:23",123
"2019-05-16 02:42:23",123
"2019-05-16 03:42:17",123
"2019-05-16 04:42:19",123
"2019-05-16 05:42:22",123
"2019-05-16 06:42:21",123
"2019-05-16 07:42:23",123
"2019-05-16 08:42:22",123
"2019-05-16 09:42:22",123
"2019-05-16 10:42:32",123
"2019-05-16 11:42:20",123
"2019-05-16 13:05:23",123
"2019-05-16 13:42:32",123
"2019-05-16 14:42:21",123
"2019-05-16 15:42:19",123
"2019-05-16 16:42:24",123
"2019-05-16 17:42:21",123
"2019-05-16 18:42:23",123
"2019-05-16 19:42:23",123
"2019-05-16 20:42:19",123
"2019-05-16 21:42:22",123
"2019-05-16 22:42:23",123
"2019-05-16 23:42:21",123
"2019-05-17 00:42:29",123
"2019-05-17 01:42:23",123
"2019-05-17 02:42:20",123
"2019-05-17 03:42:19",123
"2019-05-17 04:42:20",123
"2019-05-17 05:42:21",123
"2019-05-17 06:42:26",123
"2019-05-17 07:42:22",123
"2019-05-17 08:42:27",123
"2019-05-17 09:42:26",123
"2019-05-17 10:42:20",123
"2019-05-17 11:42:24",123
"2019-05-17 13:06:55",123
"2019-05-17 13:42:29",123
"2019-05-17 14:42:22",123
"2019-05-17 15:42:19",123
"2019-05-17 16:42:23",123
"2019-05-17 17:42:20",123
"2019-05-17 18:42:22",123
"2019-05-17 19:42:24",123
"2019-05-17 20:42:19",123
"2019-05-17 21:42:20",123
"2019-05-17 22:42:20",123
"2019-05-17 23:42:20",123
"2019-05-18 00:42:21",123
"2019-05-18 01:42:23",123
"2019-05-18 02:42:21",123
"2019-05-18 04:42:17",123
"2019-05-18 05:42:15",123
"2019-05-18 06:42:17",123
"2019-05-18 07:42:14",123
"2019-05-18 08:42:15",123
"2019-05-18 09:42:14",123
"2019-05-18 10:42:14",123
"2019-05-18 11:42:17",123
"2019-05-18 12:42:14",123
"2019-05-18 13:42:16",123
"2019-05-18 14:42:15",123
"2019-05-18 15:42:18",123
"2019-05-18 16:42:14",123
"2019-05-18 17:42:16",123
"2019-05-18 18:42:13",123
"2019-05-18 19:42:14",123
"2019-05-18 20:42:15",123
"2019-05-18 21:42:15",123
"2019-05-18 22:42:15",123
"2019-05-18 23:42:14",123
"2019-05-19 00:42:13",123
"2019-05-19 01:42:13",123
"2019-05-19 02:42:14",123
"2019-05-19 03:42:13",123
"2019-05-19 04:42:16",123
"2019-05-19 05:42:14",123
"2019-05-19 06:42:14",123
"2019-05-19 07:42:14",123
"2019-05-19 08:42:13",123
"2019-05-19 09:42:14",123
"2019-05-19 10:42:14",123
"2019-05-19 11:42:15",123
"2019-05-19 12:42:15",123
"2019-05-19 13:42:16",123
"2019-05-19 14:42:14",123
"2019-05-19 15:42:14",123
"2019-05-19 16:42:16",123
"2019-05-19 17:42:15",123
"2019-05-19 18:42:14",123
"2019-05-19 19:42:14",123
"2019-05-19 20:42:15",123
"2019-05-19 21:42:15",123
"2019-05-19 22:42:14",123
"2019-05-19 23:42:15",123
"2019-05-20 00:42:16",123
"2019-05-20 01:42:15",123
"2019-05-20 02:42:17",123
"2019-05-20 03:42:15",123
"2019-05-20 04:42:17",123
"2019-05-20 05:42:16",123
"2019-05-20 06:42:16",123
"2019-05-20 07:42:16",123
"2019-05-20 08:42:15",123
"2019-05-20 09:42:15",123
"2019-05-20 10:42:15",123
"2019-05-20 11:42:16",123
"2019-05-20 12:42:18",123
"2019-05-20 13:42:16",123
"2019-05-20 14:42:16",123
"2019-05-20 15:42:14",123
"2019-05-20 16:42:16",123
"2019-05-20 17:42:15",123
"2019-05-20 18:42:14",123
"2019-05-20 19:42:15",123
"2019-05-20 20:42:14",123
"2019-05-20 21:42:15",123
"2019-05-20 22:42:14",123
"2019-05-20 23:42:18",123
"2019-05-21 00:42:14",123
"2019-05-21 01:42:16",123
"2019-05-21 02:42:15",123
"2019-05-21 03:42:15",123
"2019-05-21 04:42:16",123
"2019-05-21 05:42:15",123
"2019-05-21 06:42:13",123
"2019-05-21 07:42:16",123
"2019-05-21 08:42:14",123
"2019-05-21 09:42:13",123
"2019-05-21 10:42:15",123
"2019-05-21 11:42:14",123
"2019-05-21 13:06:17",123
"2019-05-21 13:42:15",123
"2019-05-21 14:42:16",123
"2019-05-21 15:42:13",123
"2019-05-21 16:42:13",123
"2019-05-21 17:42:14",123
"2019-05-21 18:42:15",123
"2019-05-21 19:42:15",123
"2019-05-21 20:42:14",123
"2019-05-21 21:42:14",123
"2019-05-21 22:42:17",123
"2019-05-21 23:42:15",123
"2019-05-22 00:42:14",123
"2019-05-22 01:42:14",123
"2019-05-22 02:42:14",123
"2019-05-22 03:42:14",123
"2019-05-22 04:42:16",123
"2019-05-22 05:42:15",123
"2019-05-22 06:42:14",123
"2019-05-22 07:42:15",123
"2019-05-22 08:42:19",123
"2019-05-22 09:42:19",123
"2019-05-22 10:42:14",123
"2019-05-22 11:42:15",123
"2019-05-22 12:42:15",123
"2019-05-22 13:42:15",123
"2019-05-22 14:42:15",123
"2019-05-22 15:42:17",123
"2019-05-22 16:42:15",123
"2019-05-22 17:42:13",123
"2019-05-22 18:42:14",123
"2019-05-22 19:42:13",123
"2019-05-22 20:42:13",123
"2019-05-22 21:42:15",123
"2019-05-22 22:42:14",123
"2019-05-22 23:42:13",123
"2019-05-23 00:42:14",123
"2019-05-23 01:42:14",123
"2019-05-23 02:42:15",123
"2019-05-23 03:42:14",123
"2019-05-23 04:42:17",123
"2019-05-23 05:42:14",123
"2019-05-23 06:42:15",123
"2019-05-23 07:42:16",123
"2019-05-23 08:42:15",123
"2019-05-23 09:42:15",123
"2019-05-23 10:42:15",123
"2019-05-23 11:42:14",123
"2019-05-23 12:42:17",123
"2019-05-23 13:42:16",123
"2019-05-23 14:42:16",123
"2019-05-23 15:42:15",123
"2019-05-23 16:42:15",122
"2019-05-23 17:42:15",122
"2019-05-23 18:42:15",122
"2019-05-23 19:42:17",122
"2019-05-23 20:42:16",122
"2019-05-23 21:42:16",122
"2019-05-23 22:42:15",122
"2019-05-23 23:42:16",122
"2019-05-24 00:42:16",122
"2019-05-24 01:42:15",122
"2019-05-24 02:42:15",122
"2019-05-24 03:42:15",122
"2019-05-24 04:42:16",122
"2019-05-24 05:42:17",122
"2019-05-24 06:42:15",122
"2019-05-24 07:42:14",122
"2019-05-24 08:42:16",122
"2019-05-24 09:42:16",122
"2019-05-24 10:42:17",122
"2019-05-24 11:42:15",122
"2019-05-24 13:06:19",122
"2019-05-24 13:42:15",122
"2019-05-24 14:42:16",122
"2019-05-24 15:42:15",122
"2019-05-24 16:42:15",122
"2019-05-24 17:42:17",122
"2019-05-24 18:42:17",122
"2019-05-24 19:42:17",122
"2019-05-24 20:42:17",122
"2019-05-24 21:42:18",122
"2019-05-24 22:42:17",122
"2019-05-24 23:42:19",122
"2019-05-25 00:42:16",122
"2019-05-25 01:42:16",122
"2019-05-25 04:42:17",122
"2019-05-26 04:42:18",122
"2019-05-26 05:42:17",122
"2019-05-26 06:42:16",122
"2019-05-26 07:42:17",122
"2019-05-26 08:42:15",122
"2019-05-26 09:42:15",122
"2019-05-26 10:42:16",122
"2019-05-26 11:42:16",122
"2019-05-26 12:42:15",122
"2019-05-26 13:42:15",122
"2019-05-26 14:42:16",122
"2019-05-26 15:42:14",122
"2019-05-26 16:42:15",122
"2019-05-26 17:42:18",122
"2019-05-26 18:42:16",122
"2019-05-26 19:42:15",122
"2019-05-26 20:42:15",122
"2019-05-26 21:42:16",122
"2019-05-26 22:42:16",122
"2019-05-26 23:42:15",122
"2019-05-27 00:42:15",122
"2019-05-27 01:42:16",122
"2019-05-27 02:42:15",122
"2019-05-27 03:42:17",122
"2019-05-27 04:42:17",122
"2019-05-27 05:42:15",122
"2019-05-27 06:42:16",122
"2019-05-27 07:42:20",122
"2019-05-27 08:42:19",122
"2019-05-27 09:42:18",122
"2019-05-27 10:42:17",122
"2019-05-27 11:42:15",122
"2019-05-27 12:42:15",122
"2019-05-27 13:42:15",122
"2019-05-27 14:42:16",122
"2019-05-27 15:42:16",122
"2019-05-27 16:42:16",122
"2019-05-27 17:42:18",122
"2019-05-27 18:42:16",122
"2019-05-27 19:42:15",122
"2019-05-27 20:42:14",122
"2019-05-27 21:42:15",122
"2019-05-27 22:42:14",122
"2019-05-27 23:42:15",122
"2019-05-28 00:42:15",122
"2019-05-28 01:42:16",122
"2019-05-28 02:42:17",122
"2019-05-28 03:42:16",122
"2019-05-28 04:42:16",122
"2019-05-28 05:42:15",122
"2019-05-28 06:42:20",122
"2019-05-28 07:42:17",122
"2019-05-28 08:42:16",122
"2019-05-28 09:42:17",122
"2019-05-28 10:42:15",122
"2019-05-28 11:42:15",122
"2019-05-28 12:42:15",122
"2019-05-28 13:42:17",122
"2019-05-28 14:42:16",122
"2019-05-28 15:42:16",122
"2019-05-28 16:42:17",122
"2019-05-28 17:42:19",122
"2019-05-28 18:42:17",122
"2019-05-28 19:42:16",122
"2019-05-28 20:42:17",121
"2019-05-28 21:42:16",121
"2019-05-28 22:42:16",121
"2019-05-28 23:42:17",121
"2019-05-29 00:42:17",121
"2019-05-29 01:42:16",121
"2019-05-29 02:42:17",121
"2019-05-29 03:42:15",121
"2019-05-29 04:42:16",121
"2019-05-29 05:42:19",121
"2019-05-29 06:42:17",121
"2019-05-29 07:42:19",121
"2019-05-29 08:42:16",121
"2019-05-29 09:42:20",121
"2019-05-29 10:42:17",121
"2019-05-29 11:42:16",121
"2019-05-29 13:05:20",121
"2019-05-29 13:42:18",121
"2019-05-29 14:42:19",121
"2019-05-29 15:42:17",121
"2019-05-29 16:42:17",121
"2019-05-29 17:42:18",121
"2019-05-29 18:42:17",121
"2019-05-29 19:42:19",121
"2019-05-29 20:42:16",121
"2019-05-29 21:42:17",121
"2019-05-29 22:42:17",121
"2019-05-29 23:42:17",121
"2019-05-30 00:42:16",121
"2019-05-30 01:42:17",121
"2019-05-30 02:42:18",121
"2019-05-30 03:42:17",121
"2019-05-30 04:42:17",121
"2019-05-30 05:42:19",121
"2019-05-30 06:42:16",121
"2019-05-30 07:42:17",121
"2019-05-30 08:42:20",121
"2019-05-30 09:42:17",121
"2019-05-30 10:42:16",121
"2019-05-30 11:42:17",121
"2019-05-30 12:42:19",121
"2019-05-30 13:42:16",121
"2019-05-30 14:42:19",120
"2019-05-30 15:42:17",119
"2019-05-30 16:42:15",119
"2019-05-30 17:42:17",119
"2019-05-30 18:42:17",119
"2019-05-30 19:42:17",119
"2019-05-30 20:42:16",119
"2019-05-30 21:42:16",119
"2019-05-30 22:42:18",119
"2019-05-30 23:42:16",119
"2019-05-31 00:42:15",119
"2019-05-31 01:42:17",119
"2019-05-31 02:42:16",119
"2019-05-31 03:42:15",119
"2019-05-31 04:42:16",119
"2019-05-31 05:42:16",119
"2019-05-31 06:42:17",119
"2019-05-31 07:42:15",119
"2019-05-31 08:42:16",119
"2019-05-31 09:42:18",119
"2019-05-31 10:42:16",119
"2019-05-31 11:42:16",119
"2019-05-31 12:43:01",119
"2019-05-31 13:42:17",119
"2019-05-31 14:42:17",117
"2019-05-31 15:42:17",117
"2019-05-31 16:42:16",117
"2019-05-31 17:42:19",117
"2019-05-31 18:42:16",117
"2019-05-31 19:42:16",117
"2019-05-31 20:42:16",117
"2019-05-31 21:42:17",117
"2019-05-31 22:42:15",117
"2019-05-31 23:42:16",117
"2019-06-01 00:42:16",117
"2019-06-01 01:42:16",117
"2019-06-01 02:42:16",117
"2019-06-01 03:42:16",117
"2019-06-01 04:42:16",117
"2019-06-01 05:42:16",117
"2019-06-01 06:42:19",117
"2019-06-01 07:42:15",117
"2019-06-01 08:42:16",117
"2019-06-01 09:42:16",117
"2019-06-01 10:42:17",117
"2019-06-01 11:42:16",117
"2019-06-01 12:42:16",117
"2019-06-01 13:42:15",117
"2019-06-01 14:42:19",117
"2019-06-01 15:42:18",117
"2019-06-01 16:42:16",117
"2019-06-01 17:42:17",117
"2019-06-01 18:42:16",117
"2019-06-01 19:42:18",117
"2019-06-01 20:42:15",117
"2019-06-01 21:42:17",117
"2019-06-01 22:42:17",117
"2019-06-01 23:42:17",117
"2019-06-02 00:42:18",117
"2019-06-02 01:42:20",117
"2019-06-02 02:42:17",117
"2019-06-02 03:42:16",117
"2019-06-02 04:42:16",117
"2019-06-02 05:42:20",117
"2019-06-02 06:42:16",117
"2019-06-02 07:42:16",117
"2019-06-02 08:42:16",117
"2019-06-02 09:42:16",117
"2019-06-02 10:42:16",117
"2019-06-02 11:42:16",117
"2019-06-02 12:42:19",117
"2019-06-02 13:42:17",117
"2019-06-02 14:42:17",117
"2019-06-02 15:42:14",117
"2019-06-02 16:42:15",117
"2019-06-02 17:42:17",117
"2019-06-02 18:42:17",117
"2019-06-02 19:42:17",117
"2019-06-02 20:42:16",117
"2019-06-02 21:42:17",117
"2019-06-02 22:42:17",117
"2019-06-02 23:42:16",117
"2019-06-03 00:42:16",117
"2019-06-03 01:42:19",117
"2019-06-03 02:42:17",117
"2019-06-03 03:42:16",117
"2019-06-03 04:42:16",117
"2019-06-03 05:42:16",117
"2019-06-03 06:42:17",117
"2019-06-03 07:42:16",117
"2019-06-03 08:42:17",117
"2019-06-03 09:42:16",117
"2019-06-03 10:42:19",117
"2019-06-03 11:42:18",117
"2019-06-03 12:42:16",117
"2019-06-03 13:42:18",117
"2019-06-03 14:42:18",117
"2019-06-03 15:42:16",117
"2019-06-03 16:42:16",117
"2019-06-03 17:42:16",117
"2019-06-03 18:42:18",117
"2019-06-03 19:42:18",117
"2019-06-03 20:42:15",117
"2019-06-03 21:42:17",117
"2019-06-03 22:42:17",117
"2019-06-03 23:42:19",117
"2019-06-04 00:42:16",117
"2019-06-04 01:42:17",117
"2019-06-04 02:42:16",117
"2019-06-04 03:42:17",117
"2019-06-04 04:42:17",117
"2019-06-04 05:42:16",117
"2019-06-04 06:42:16",117
"2019-06-04 07:42:15",117
"2019-06-04 08:42:19",117
"2019-06-04 09:42:16",117
"2019-06-04 10:42:18",117
"2019-06-04 11:42:16",117
"2019-06-04 13:04:49",117
"2019-06-04 13:42:17",117
"2019-06-04 14:42:20",118
"2019-06-04 15:42:17",118
"2019-06-04 16:42:17",116
"2019-06-04 17:42:18",116
"2019-06-04 18:42:17",116
"2019-06-04 19:42:16",115
"2019-06-04 20:42:17",115
"2019-06-04 21:42:15",115
"2019-06-04 22:42:16",115
"2019-06-04 23:42:19",115
"2019-06-05 00:42:16",115
"2019-06-05 01:42:17",115
"2019-06-05 02:42:19",115
"2019-06-05 03:42:18",115
"2019-06-05 04:42:20",115
"2019-06-05 05:42:16",115
"2019-06-05 06:42:16",115
"2019-06-05 07:42:17",115
"2019-06-05 08:42:20",115
"2019-06-05 09:42:16",115
"2019-06-05 10:42:16",115
"2019-06-05 11:42:20",115
"2019-06-05 13:06:21",115
"2019-06-05 13:42:16",115
"2019-06-05 14:42:17",114
"2019-06-05 15:42:18",114
"2019-06-05 16:42:17",114
"2019-06-05 17:42:18",114
"2019-06-05 18:42:18",114
"2019-06-05 19:42:20",114
"2019-06-05 20:42:17",114
"2019-06-05 21:42:17",114
"2019-06-05 22:42:18",114
"2019-06-05 23:42:17",114
"2019-06-06 00:42:17",114
"2019-06-06 01:42:16",114
"2019-06-06 02:42:18",114
"2019-06-06 03:42:18",114
"2019-06-06 04:42:22",114
"2019-06-06 05:42:18",114
"2019-06-06 06:42:19",114
"2019-06-06 07:42:17",114
"2019-06-06 08:42:21",114
"2019-06-06 09:42:19",114
"2019-06-06 10:42:22",114
"2019-06-06 11:42:17",114
"2019-06-06 13:06:21",114
"2019-06-06 13:42:18",114
"2019-06-06 14:42:18",114
"2019-06-06 15:42:19",114
"2019-06-06 16:42:18",113
"2019-06-06 17:42:19",113
"2019-06-06 18:42:21",113
"2019-06-06 19:42:19",113
"2019-06-06 20:42:16",113
"2019-06-06 21:42:18",113
"2019-06-06 22:42:17",113
"2019-06-06 23:42:17",113
"2019-06-07 00:42:19",113
"2019-06-07 01:42:18",113
"2019-06-07 02:42:19",113
"2019-06-07 03:42:18",113
"2019-06-07 04:42:20",113
"2019-06-07 05:42:17",113
"2019-06-07 06:42:19",113
"2019-06-07 07:42:18",113
"2019-06-07 08:42:19",113
"2019-06-07 09:42:20",113
"2019-06-07 10:42:18",113
"2019-06-07 11:42:18",113
"2019-06-07 13:06:23",113
"2019-06-07 13:42:20",113
"2019-06-07 14:42:19",113
"2019-06-07 15:42:18",113
"2019-06-07 16:42:18",113
"2019-06-07 17:42:18",113
"2019-06-07 18:42:18",113
"2019-06-07 19:42:17",114
"2019-06-07 20:42:18",114
"2019-06-07 21:42:18",114
"2019-06-07 22:42:17",114
"2019-06-07 23:42:20",114
"2019-06-08 00:42:18",114
"2019-06-08 01:42:21",114
"2019-06-08 02:42:20",114
"2019-06-08 03:42:20",114
"2019-06-08 04:42:18",114
"2019-06-08 05:42:23",114
"2019-06-08 06:42:21",114
"2019-06-08 07:42:21",114
"2019-06-08 08:42:18",114
"2019-06-08 09:42:19",114
"2019-06-08 10:42:18",114
"2019-06-08 11:42:20",114
"2019-06-08 12:42:19",114
"2019-06-08 13:42:17",114
"2019-06-08 14:42:16",114
"2019-06-08 15:42:20",114
"2019-06-08 16:42:18",114
"2019-06-08 17:42:18",114
"2019-06-08 18:42:18",114
"2019-06-08 19:42:17",114
"2019-06-08 20:42:18",114
"2019-06-08 21:42:17",114
"2019-06-08 22:42:17",114
"2019-06-08 23:42:20",114
"2019-06-09 00:42:17",114
"2019-06-09 01:42:18",114
"2019-06-09 02:42:24",114
"2019-06-09 03:42:23",114
"2019-06-09 04:42:18",114
"2019-06-09 05:42:21",114
"2019-06-09 06:42:17",114
"2019-06-09 07:42:20",114
"2019-06-09 08:42:17",114
"2019-06-09 09:42:19",114
"2019-06-09 10:42:18",114
"2019-06-09 11:42:18",114
"2019-06-09 12:42:20",114
"2019-06-09 13:42:18",114
"2019-06-09 14:42:17",114
"2019-06-09 15:42:20",114
"2019-06-09 16:42:18",114
"2019-06-09 17:42:19",114
"2019-06-09 18:42:17",114
"2019-06-09 19:42:18",114
"2019-06-09 20:42:18",114
"2019-06-09 21:42:18",114
"2019-06-09 22:42:21",114
"2019-06-09 23:42:18",114
"2019-06-10 00:42:18",114
"2019-06-10 01:42:21",114
"2019-06-10 02:42:18",114
"2019-06-10 03:42:20",114
"2019-06-10 04:42:19",114
"2019-06-10 05:42:20",114
"2019-06-10 06:42:17",114
"2019-06-10 07:42:21",114
"2019-06-10 08:42:18",114
"2019-06-10 09:42:18",114
"2019-06-10 10:42:22",114
"2019-06-10 11:42:20",114
"2019-06-10 12:42:24",114
"2019-06-10 13:42:21",114
"2019-06-10 14:42:19",114
"2019-06-10 15:42:20",113
"2019-06-10 16:42:22",113
"2019-06-10 17:42:19",113
"2019-06-10 18:42:21",113
"2019-06-10 19:42:21",112
"2019-06-10 20:42:19",112
"2019-06-10 21:42:19",112
"2019-06-10 22:42:20",112
"2019-06-10 23:42:20",112
"2019-06-11 00:42:21",112
"2019-06-11 01:42:23",112
"2019-06-11 02:42:22",112
"2019-06-11 03:42:20",112
"2019-06-11 04:42:20",112
"2019-06-11 05:42:20",112
"2019-06-11 06:42:20",112
"2019-06-11 07:42:19",112
"2019-06-11 08:42:19",112
"2019-06-11 09:42:21",112
"2019-06-11 10:42:19",112
"2019-06-11 11:42:20",112
"2019-06-11 13:05:54",112
"2019-06-11 13:42:22",112
"2019-06-11 14:42:19",112
"2019-06-11 15:42:20",112
"2019-06-11 16:42:23",112
"2019-06-11 17:42:20",112
"2019-06-11 18:42:22",112
"2019-06-11 19:42:20",112
"2019-06-11 20:42:21",112
"2019-06-11 21:42:20",112
"2019-06-11 22:42:19",112
"2019-06-11 23:42:19",112
"2019-06-12 00:42:22",112
"2019-06-12 01:42:20",112
"2019-06-12 02:42:21",112
"2019-06-12 03:42:26",112
"2019-06-12 04:42:22",112
"2019-06-12 05:42:21",112
"2019-06-12 06:42:22",112
"2019-06-12 07:42:22",112
"2019-06-12 08:42:22",112
"2019-06-12 09:42:25",112
"2019-06-12 10:42:22",112
"2019-06-12 11:42:23",112
"2019-06-12 13:05:25",112
"2019-06-12 13:42:21",112
"2019-06-12 14:42:20",112
"2019-06-12 15:42:22",112
"2019-06-12 16:42:21",112
"2019-06-12 17:42:20",112
"2019-06-12 18:42:21",112
"2019-06-12 19:42:22",112
"2019-06-12 20:42:21",112
"2019-06-12 21:42:21",112
"2019-06-12 22:42:20",112
"2019-06-12 23:42:20",112
"2019-06-13 00:42:21",112
"2019-06-13 01:42:21",112
"2019-06-13 02:42:21",112
"2019-06-13 03:42:20",112
"2019-06-13 04:42:22",112
"2019-06-13 05:42:22",112
"2019-06-13 06:42:20",112
"2019-06-13 07:42:19",112
"2019-06-13 08:42:20",112
"2019-06-13 09:42:20",112
"2019-06-13 10:42:24",112
"2019-06-13 11:42:19",112
"2019-06-13 13:06:23",112
"2019-06-13 13:42:24",112
"2019-06-13 14:42:22",112
"2019-06-13 15:42:24",112
"2019-06-13 16:42:22",113
"2019-06-13 17:42:20",113
"2019-06-13 18:42:21",114
"2019-06-13 19:42:22",114
"2019-06-13 20:42:18",114
"2019-06-13 21:42:20",114
"2019-06-13 22:42:20",114
"2019-06-13 23:42:21",114
"2019-06-14 00:42:22",114
"2019-06-14 01:42:22",114
"2019-06-14 02:42:22",114
"2019-06-14 03:42:21",114
"2019-06-14 04:42:22",114
"2019-06-14 05:42:22",114
"2019-06-14 06:42:27",114
"2019-06-14 07:42:23",114
"2019-06-14 08:42:22",114
"2019-06-14 09:42:21",114
"2019-06-14 10:42:22",114
"2019-06-14 11:42:23",114
"2019-06-14 12:42:23",114
"2019-06-14 13:42:21",114
"2019-06-14 14:42:23",114
"2019-06-14 15:42:24",114
"2019-06-14 16:42:24",114
"2019-06-14 17:42:22",114
"2019-06-14 18:42:21",114
"2019-06-14 19:42:22",114
"2019-06-14 20:42:21",114
"2019-06-14 21:42:23",114
"2019-06-14 22:42:21",114
"2019-06-14 23:42:22",114
"2019-06-15 00:42:22",114
"2019-06-15 01:42:24",114
"2019-06-15 02:42:22",114
"2019-06-15 03:42:22",114
"2019-06-15 04:42:23",114
"2019-06-15 05:42:24",114
"2019-06-15 06:42:21",114
"2019-06-15 07:42:21",114
"2019-06-15 08:42:22",114
"2019-06-15 09:42:23",114
"2019-06-15 10:42:22",114
"2019-06-15 11:42:22",114
"2019-06-15 12:42:24",114
"2019-06-15 13:42:24",114
"2019-06-15 14:42:22",114
"2019-06-15 15:42:21",114
"2019-06-15 16:42:21",114
"2019-06-15 17:42:21",114
"2019-06-15 18:42:23",114
"2019-06-15 19:42:22",114
"2019-06-15 20:42:22",114
"2019-06-15 21:42:26",114
"2019-06-15 22:42:26",114
"2019-06-15 23:42:22",114
"2019-06-16 00:42:21",114
"2019-06-16 01:42:23",114
"2019-06-16 02:42:23",114
"2019-06-16 03:42:22",114
"2019-06-16 04:42:25",114
"2019-06-16 05:42:23",114
"2019-06-16 06:42:24",114
"2019-06-16 07:42:25",114
"2019-06-16 08:42:23",114
"2019-06-16 09:42:21",114
"2019-06-16 10:42:20",114
"2019-06-16 11:42:21",114
"2019-06-16 12:42:22",114
"2019-06-16 13:42:21",114
"2019-06-16 14:42:22",114
"2019-06-16 15:42:22",114
"2019-06-16 16:42:23",114
"2019-06-16 17:42:24",114
"2019-06-16 18:42:25",114
"2019-06-16 19:42:21",114
"2019-06-16 20:42:22",114
"2019-06-16 21:42:23",114
"2019-06-16 22:42:21",114
"2019-06-16 23:42:22",114
"2019-06-17 00:42:22",114
"2019-06-17 01:42:21",114
"2019-06-17 02:42:25",114
"2019-06-17 03:42:24",114
"2019-06-17 04:42:23",114
"2019-06-17 05:42:23",114
"2019-06-17 06:42:22",114
"2019-06-17 07:42:21",114
"2019-06-17 08:42:22",114
"2019-06-17 09:42:21",114
"2019-06-17 10:42:23",114
"2019-06-17 11:42:23",114
"2019-06-17 13:06:55",114
"2019-06-17 13:42:21",114
"2019-06-17 14:42:22",112
"2019-06-17 15:42:23",112
"2019-06-17 16:42:32",112
"2019-06-17 17:42:24",112
"2019-06-17 18:42:26",112
"2019-06-17 19:42:23",112
"2019-06-17 20:42:24",112
"2019-06-17 21:42:22",112
"2019-06-17 22:42:23",112
"2019-06-17 23:42:21",112
"2019-06-18 00:42:21",112
"2019-06-18 01:42:21",112
"2019-06-18 02:42:30",112
"2019-06-18 03:42:24",112
"2019-06-18 04:42:23",112
"2019-06-18 05:42:24",112
"2019-06-18 06:42:22",112
"2019-06-18 07:42:23",112
"2019-06-18 08:42:27",112
"2019-06-18 09:42:21",112
"2019-06-18 10:42:21",112
"2019-06-18 11:42:21",112
"2019-06-18 13:04:55",112
"2019-06-18 13:42:22",112
"2019-06-18 14:42:22",113
"2019-06-18 15:42:21",112
"2019-06-18 16:42:22",112
"2019-06-18 17:42:21",112
"2019-06-18 18:42:24",112
"2019-06-18 19:42:24",112
"2019-06-18 20:42:21",112
"2019-06-18 21:42:21",112
"2019-06-18 22:42:22",112
"2019-06-18 23:42:23",112
"2019-06-19 00:42:22",112
"2019-06-19 01:42:24",112
"2019-06-19 02:42:23",112
"2019-06-19 03:42:23",112
"2019-06-19 04:42:21",112
"2019-06-19 05:42:30",112
"2019-06-19 06:42:35",112
"2019-06-19 07:42:24",112
"2019-06-19 08:42:25",112
"2019-06-19 09:42:22",112
"2019-06-19 10:42:24",112
"2019-06-19 11:42:22",112
"2019-06-19 13:04:57",112
"2019-06-19 13:42:22",112
"2019-06-19 14:42:22",113
"2019-06-19 15:42:22",113
"2019-06-19 16:42:32",113
"2019-06-19 17:42:23",113
"2019-06-19 18:42:21",113
"2019-06-19 19:42:24",113
"2019-06-19 20:42:23",113
"2019-06-19 21:42:22",113
"2019-06-19 22:42:21",113
"2019-06-19 23:42:22",113
"2019-06-20 00:42:23",113
"2019-06-20 01:42:21",113
"2019-06-20 02:42:21",113
"2019-06-20 03:42:22",113
"2019-06-20 04:42:23",113
"2019-06-20 05:42:20",113
"2019-06-20 06:42:21",113
"2019-06-20 07:42:22",113
"2019-06-20 08:42:22",113
"2019-06-20 09:42:23",113
"2019-06-20 10:42:22",113
"2019-06-20 11:42:21",113
"2019-06-20 13:06:35",113
"2019-06-20 13:42:24",113
"2019-06-20 14:42:23",113
"2019-06-20 15:42:23",113
"2019-06-20 16:42:23",113
"2019-06-20 17:42:24",113
"2019-06-20 18:42:21",113
"2019-06-20 19:42:21",113
"2019-06-20 20:42:27",113
"2019-06-20 21:42:22",113
"2019-06-20 22:42:22",113
"2019-06-20 23:42:23",113
"2019-06-21 00:42:22",113
"2019-06-21 01:42:23",113
"2019-06-21 02:42:23",113
"2019-06-21 03:42:22",113
"2019-06-21 04:42:23",113
"2019-06-21 05:42:24",113
"2019-06-21 06:42:23",113
"2019-06-21 07:42:25",113
"2019-06-21 08:42:22",113
"2019-06-21 09:42:22",113
"2019-06-21 10:42:21",113
"2019-06-21 11:42:21",113
"2019-06-21 12:42:22",113
"2019-06-21 13:42:23",113
"2019-06-21 14:42:22",113
"2019-06-21 15:42:22",113
"2019-06-21 16:42:23",113
"2019-06-21 17:42:22",113
"2019-06-21 18:42:23",113
"2019-06-21 19:42:21",113
"2019-06-21 20:42:21",113
"2019-06-21 21:42:22",113
"2019-06-21 22:42:22",113
"2019-06-21 23:42:21",113
"2019-06-22 00:42:22",113
"2019-06-22 01:42:25",113
"2019-06-22 02:42:25",113
"2019-06-22 03:42:21",113
"2019-06-22 04:42:22",113
"2019-06-22 05:42:24",113
"2019-06-22 06:42:24",113
"2019-06-22 07:42:23",113
"2019-06-22 08:42:23",113
"2019-06-22 09:42:24",113
"2019-06-22 10:42:24",113
"2019-06-22 11:42:21",113
"2019-06-22 12:42:27",113
"2019-06-22 13:42:22",113
"2019-06-22 14:42:25",113
"2019-06-22 15:42:34",113
"2019-06-22 16:42:30",113
"2019-06-22 17:42:22",113
"2019-06-22 18:42:27",113
"2019-06-22 19:42:24",113
"2019-06-22 20:42:23",113
"2019-06-22 21:42:22",113
"2019-06-22 22:42:27",113
"2019-06-22 23:42:24",113
"2019-06-23 00:42:34",113
"2019-06-23 01:42:26",113
"2019-06-23 02:42:27",113
"2019-06-23 03:42:24",113
"2019-06-23 04:42:22",113
"2019-06-23 05:42:27",113
"2019-06-23 06:42:23",113
"2019-06-23 07:42:21",113
"2019-06-23 08:42:22",113
"2019-06-23 09:42:23",113
"2019-06-23 10:42:22",113
"2019-06-23 11:42:23",113
"2019-06-23 12:42:21",113
"2019-06-23 13:42:23",113
"2019-06-23 14:42:21",113
"2019-06-23 15:42:21",113
"2019-06-23 16:42:23",113
"2019-06-23 17:42:23",113
"2019-06-23 18:42:20",113
"2019-06-23 19:42:21",113
"2019-06-23 20:42:24",113
"2019-06-23 21:42:22",113
"2019-06-23 22:42:22",113
"2019-06-23 23:42:22",113
"2019-06-24 00:42:23",113
"2019-06-24 01:42:22",113
"2019-06-24 02:42:22",113
"2019-06-24 03:42:25",113
"2019-06-24 04:42:23",113
"2019-06-24 05:42:24",113
"2019-06-24 06:42:26",113
"2019-06-24 07:42:22",113
"2019-06-24 08:42:22",113
"2019-06-24 09:42:25",113
"2019-06-24 10:42:21",113
"2019-06-24 11:42:27",113
"2019-06-24 12:42:26",113
"2019-06-24 13:42:23",113
"2019-06-24 14:42:25",113
"2019-06-24 15:42:24",113
"2019-06-24 16:42:29",113
"2019-06-24 17:42:26",112
"2019-06-24 18:42:26",112
"2019-06-24 19:42:26",112
"2019-06-24 20:42:24",112
"2019-06-24 21:42:26",112
"2019-06-24 22:42:24",112
"2019-06-24 23:42:24",112
"2019-06-25 00:42:23",112
"2019-06-25 01:42:25",112
"2019-06-25 02:42:25",112
"2019-06-25 03:42:25",112
"2019-06-25 04:42:22",112
"2019-06-25 05:42:23",112
"2019-06-25 06:42:26",112
"2019-06-25 07:42:23",112
"2019-06-25 08:42:22",112
"2019-06-25 09:42:26",112
"2019-06-25 10:42:22",112
"2019-06-25 11:42:21",112
"2019-06-25 13:05:56",112
"2019-06-25 13:42:24",112
"2019-06-25 14:42:24",112
"2019-06-25 15:42:23",112
"2019-06-25 16:42:24",112
"2019-06-25 17:42:26",113
"2019-06-25 18:42:26",113
"2019-06-25 19:42:23",113
"2019-06-25 20:42:24",113
"2019-06-25 21:42:22",113
"2019-06-25 22:42:21",113
"2019-06-25 23:42:27",113
"2019-06-26 00:42:24",113
"2019-06-26 01:42:24",113
"2019-06-26 02:42:24",113
"2019-06-26 03:42:32",113
"2019-06-26 04:42:24",113
"2019-06-26 05:42:24",113
"2019-06-26 06:42:24",113
"2019-06-26 07:42:24",113
"2019-06-26 08:42:22",113
"2019-06-26 09:42:21",113
"2019-06-26 10:42:22",113
"2019-06-26 11:42:22",113
"2019-06-26 13:04:55",113
"2019-06-26 13:42:24",113
"2019-06-26 14:42:23",112
"2019-06-26 15:42:23",112
"2019-06-26 16:42:25",112
"2019-06-26 17:42:23",113
"2019-06-26 18:42:24",113
"2019-06-26 19:42:23",113
"2019-06-26 20:42:22",113
"2019-06-26 21:42:23",113
"2019-06-26 22:42:24",113
"2019-06-26 23:42:22",113
"2019-06-27 00:42:25",113
"2019-06-27 01:42:23",113
"2019-06-27 02:42:24",113
"2019-06-27 03:42:21",113
"2019-06-27 04:42:24",113
"2019-06-27 05:42:23",113
"2019-06-27 06:42:24",113
"2019-06-27 07:42:21",113
"2019-06-27 08:42:22",113
"2019-06-27 09:42:22",113
"2019-06-27 10:42:23",113
"2019-06-27 11:42:21",113
"2019-06-27 13:04:56",113
"2019-06-27 13:42:21",113
"2019-06-27 14:42:22",113
"2019-06-27 15:42:24",113
"2019-06-27 16:42:22",113
"2019-06-27 17:42:22",113
"2019-06-27 18:42:22",113
"2019-06-27 19:42:20",113
"2019-06-27 20:42:25",113
"2019-06-27 21:42:26",113
"2019-06-27 22:42:21",113
"2019-06-27 23:42:40",113
"2019-06-28 00:42:23",113
"2019-06-28 01:42:22",113
"2019-06-28 02:42:22",113
"2019-06-28 03:42:25",113
"2019-06-28 04:42:26",113
"2019-06-28 05:42:23",113
"2019-06-28 06:42:21",113
"2019-06-28 07:42:21",113
"2019-06-28 08:42:21",113
"2019-06-28 09:42:21",113
"2019-06-28 10:42:20",113
"2019-06-28 11:42:22",113
"2019-06-28 13:05:55",113
"2019-06-28 13:42:22",113
"2019-06-28 14:42:22",113
"2019-06-28 15:42:24",114
"2019-06-28 16:42:23",114
"2019-06-28 17:42:23",114
"2019-06-28 18:42:21",114
"2019-06-28 19:42:22",114
"2019-06-28 20:42:23",114
"2019-06-28 21:42:24",114
"2019-06-28 22:42:23",114
"2019-06-28 23:42:22",114
"2019-06-29 00:42:24",114
"2019-06-29 01:42:28",114
"2019-06-29 02:42:23",114
"2019-06-29 03:42:22",114
"2019-06-29 04:42:22",114
"2019-06-29 05:42:23",114
"2019-06-29 06:42:22",114
"2019-06-29 07:42:23",114
"2019-06-29 08:42:23",114
"2019-06-29 09:42:23",114
"2019-06-29 10:42:23",114
"2019-06-29 11:42:27",114
"2019-06-29 12:42:25",114
"2019-06-29 13:42:23",114
"2019-06-29 14:42:24",114
"2019-06-29 15:42:25",114
"2019-06-29 16:42:27",114
"2019-06-29 17:42:23",114
"2019-06-29 18:42:24",114
"2019-06-29 19:42:25",114
"2019-06-29 20:42:24",114
"2019-06-29 21:42:25",114
"2019-06-29 22:42:22",114
"2019-06-29 23:42:24",114
"2019-06-30 00:42:23",114
"2019-06-30 01:42:27",114
"2019-06-30 02:42:25",114
"2019-06-30 03:42:24",114
"2019-06-30 04:42:26",114
"2019-06-30 05:42:24",114
"2019-06-30 06:42:25",114
"2019-06-30 07:42:25",114
"2019-06-30 08:42:25",114
"2019-06-30 09:42:24",114
"2019-06-30 10:42:24",114
"2019-06-30 11:42:23",114
"2019-06-30 12:42:23",114
"2019-06-30 13:42:24",114
"2019-06-30 14:42:22",114
"2019-06-30 15:42:24",114
"2019-06-30 16:42:24",114
"2019-06-30 17:42:23",114
"2019-06-30 18:42:24",114
"2019-06-30 19:42:25",114
"2019-06-30 20:42:24",114
"2019-06-30 21:42:23",114
"2019-06-30 22:42:23",114
"2019-06-30 23:42:24",114
"2019-07-01 00:42:25",114
"2019-07-01 01:42:23",114
"2019-07-01 02:42:26",114
"2019-07-01 03:42:25",114
"2019-07-01 04:42:22",114
"2019-07-01 05:42:27",114
"2019-07-01 06:42:23",114
"2019-07-01 07:42:28",114
"2019-07-01 08:42:32",114
"2019-07-01 09:42:23",114
"2019-07-01 10:42:22",114
"2019-07-01 11:42:24",114
"2019-07-01 13:05:56",114
"2019-07-01 13:42:27",114
"2019-07-01 14:42:46",114
"2019-07-01 15:42:26",115
"2019-07-01 16:42:26",116
"2019-07-01 17:42:24",116
"2019-07-01 18:42:25",116
"2019-07-01 19:42:26",116
"2019-07-01 20:42:25",116
"2019-07-01 21:42:24",116
"2019-07-01 22:42:26",116
"2019-07-01 23:42:25",116
"2019-07-02 00:42:27",116
"2019-07-02 01:42:24",116
"2019-07-02 02:42:35",116
"2019-07-02 03:42:33",116
"2019-07-02 04:42:24",116
"2019-07-02 05:42:40",116
"2019-07-02 06:42:25",116
"2019-07-02 07:42:27",116
"2019-07-02 08:42:24",116
"2019-07-02 09:42:23",116
"2019-07-02 10:42:24",116
"2019-07-02 11:42:24",116
"2019-07-02 12:42:27",116
"2019-07-02 13:42:24",116
"2019-07-02 14:42:26",116
"2019-07-02 15:42:24",117
"2019-07-02 16:42:23",117
"2019-07-02 17:42:25",117
"2019-07-02 18:42:24",117
"2019-07-02 19:42:25",116
"2019-07-02 20:42:24",115
"2019-07-02 21:42:25",115
"2019-07-02 22:42:27",115
"2019-07-03 00:42:25",115
"2019-07-03 01:42:22",115
"2019-07-03 02:42:26",115
"2019-07-03 03:42:26",115
"2019-07-03 04:42:25",115
"2019-07-03 05:42:25",115
"2019-07-03 06:42:25",115
"2019-07-03 07:42:25",115
"2019-07-03 08:42:35",115
"2019-07-03 09:42:24",115
"2019-07-03 10:42:29",115
"2019-07-03 11:42:25",115
"2019-07-03 13:06:57",115
"2019-07-03 13:42:25",115
"2019-07-03 14:42:30",115
"2019-07-03 15:42:25",115
"2019-07-03 16:42:42",115
"2019-07-03 17:42:25",115
"2019-07-03 18:42:26",115
"2019-07-03 19:42:24",115
"2019-07-03 20:42:23",115
"2019-07-03 21:42:25",115
"2019-07-03 22:42:23",115
"2019-07-03 23:42:25",115
"2019-07-04 00:42:25",115
"2019-07-04 01:42:23",115
"2019-07-04 02:42:27",115
"2019-07-04 03:42:24",115
"2019-07-04 04:42:23",115
"2019-07-04 05:42:25",115
"2019-07-04 06:42:24",115
"2019-07-04 07:42:23",115
"2019-07-04 08:42:23",115
"2019-07-04 09:42:23",115
"2019-07-04 10:42:24",115
"2019-07-04 11:42:24",115
"2019-07-04 12:42:26",115
"2019-07-04 13:42:28",115
"2019-07-04 14:42:26",115
"2019-07-04 15:42:24",115
"2019-07-04 16:42:24",115
"2019-07-04 17:42:23",115
"2019-07-04 18:42:23",115
"2019-07-04 19:42:23",115
"2019-07-04 20:42:24",115
"2019-07-04 21:42:25",115
"2019-07-04 22:42:25",115
"2019-07-04 23:42:23",115
"2019-07-05 00:42:25",115
"2019-07-05 01:42:23",115
"2019-07-05 02:42:24",115
"2019-07-05 03:42:24",115
"2019-07-05 04:42:23",115
"2019-07-05 05:42:26",115
"2019-07-05 06:42:27",115
"2019-07-05 07:42:24",115
"2019-07-05 08:42:23",115
"2019-07-05 09:42:23",115
"2019-07-05 10:42:25",115
"2019-07-05 11:42:31",115
"2019-07-05 12:42:24",115
"2019-07-05 13:42:30",115
"2019-07-05 14:42:25",116
"2019-07-05 15:42:24",116
"2019-07-05 16:42:35",116
"2019-07-05 17:42:25",116
"2019-07-05 18:42:24",116
"2019-07-05 19:42:23",116
"2019-07-05 20:42:25",116
"2019-07-05 21:42:25",116
"2019-07-05 22:42:27",116
"2019-07-05 23:42:24",116
"2019-07-06 00:42:28",116
"2019-07-06 01:42:27",116
"2019-07-06 02:42:29",116
"2019-07-06 03:42:25",116
"2019-07-06 04:42:24",116
"2019-07-06 05:42:26",116
"2019-07-06 06:42:25",116
"2019-07-06 07:42:23",116
"2019-07-06 08:42:24",116
"2019-07-06 09:42:23",116
"2019-07-06 10:42:24",116
"2019-07-06 11:42:42",116
"2019-07-06 12:42:26",116
"2019-07-06 13:42:24",116
"2019-07-06 14:42:23",116
"2019-07-06 15:42:23",116
"2019-07-06 16:42:27",116
"2019-07-06 17:42:26",116
"2019-07-06 18:42:24",116
"2019-07-06 19:42:28",116
"2019-07-06 20:42:23",116
"2019-07-06 21:42:24",116
"2019-07-06 22:42:24",116
"2019-07-06 23:42:24",116
"2019-07-07 00:42:24",116
"2019-07-07 01:42:23",116
"2019-07-07 02:42:26",116
"2019-07-07 03:42:23",116
"2019-07-07 04:42:24",116
"2019-07-07 05:42:28",116
"2019-07-07 06:42:24",116
"2019-07-07 07:42:24",116
"2019-07-07 08:42:25",116
"2019-07-07 09:42:23",116
"2019-07-07 10:42:26",116
"2019-07-07 11:42:22",116
"2019-07-07 12:42:22",116
"2019-07-07 13:42:22",116
"2019-07-07 14:42:23",116
"2019-07-07 15:42:24",116
"2019-07-07 16:42:25",116
"2019-07-07 17:42:23",116
"2019-07-07 18:42:24",116
"2019-07-07 19:42:22",116
"2019-07-07 20:42:23",116
"2019-07-07 21:42:23",116
"2019-07-07 22:42:24",116
"2019-07-07 23:42:23",116
"2019-07-08 00:42:23",116
"2019-07-08 01:42:26",116
"2019-07-08 02:42:23",116
"2019-07-08 03:42:26",116
"2019-07-08 04:42:23",116
"2019-07-08 05:42:22",116
"2019-07-08 06:42:27",116
"2019-07-08 07:42:29",116
"2019-07-08 08:42:26",116
"2019-07-08 09:42:30",116
"2019-07-08 10:42:31",116
"2019-07-08 11:42:38",116
"2019-07-08 12:42:25",116
"2019-07-08 13:42:24",116
"2019-07-08 14:42:25",117
"2019-07-08 15:42:24",118
"2019-07-08 16:42:26",118
"2019-07-08 17:42:24",118
"2019-07-08 18:42:25",118
"2019-07-08 19:42:24",118
"2019-07-08 20:42:24",117
"2019-07-08 21:42:25",117
"2019-07-08 22:42:25",117
"2019-07-08 23:42:23",117
"2019-07-09 00:42:24",117
"2019-07-09 01:42:23",117
"2019-07-09 02:42:31",117
"2019-07-09 03:42:26",117
"2019-07-09 04:42:26",117
"2019-07-09 05:42:31",117
"2019-07-09 06:42:27",117
"2019-07-09 07:42:27",117
"2019-07-09 08:42:25",117
"2019-07-09 09:42:25",117
"2019-07-09 10:42:23",117
"2019-07-09 11:42:25",117
"2019-07-09 13:05:27",117
"2019-07-09 13:42:23",117
"2019-07-09 14:42:24",117
"2019-07-09 15:42:25",117
"2019-07-09 16:42:23",117
"2019-07-09 17:42:24",117
"2019-07-09 18:42:24",117
"2019-07-09 19:42:25",117
"2019-07-09 20:42:24",117
"2019-07-09 21:42:24",117
"2019-07-09 22:42:23",117
"2019-07-09 23:42:24",117
"2019-07-10 00:42:24",117
"2019-07-10 01:42:25",117
"2019-07-10 02:42:24",117
"2019-07-10 03:42:23",117
"2019-07-10 04:42:24",117
"2019-07-10 05:42:27",117
"2019-07-10 06:42:26",117
"2019-07-10 07:42:22",117
"2019-07-10 08:42:23",117
"2019-07-10 09:42:22",117
"2019-07-10 10:42:23",117
"2019-07-10 11:42:25",117
"2019-07-10 12:42:26",117
"2019-07-10 13:42:24",117
"2019-07-10 14:42:24",117
"2019-07-10 15:42:26",121
"2019-07-10 16:42:31",121
"2019-07-10 17:42:24",121
"2019-07-10 18:42:24",121
"2019-07-10 19:42:24",121
"2019-07-10 20:42:24",121
"2019-07-10 21:42:24",121
"2019-07-10 22:42:28",121
"2019-07-10 23:42:23",121
"2019-07-11 00:42:23",121
"2019-07-11 01:42:24",121
"2019-07-11 02:42:29",121
"2019-07-11 03:42:26",121
"2019-07-11 04:42:27",121
"2019-07-11 05:42:26",121
"2019-07-11 06:42:25",121
"2019-07-11 07:42:24",121
"2019-07-11 08:42:27",121
"2019-07-11 09:42:24",121
"2019-07-11 10:42:25",121
"2019-07-11 11:42:24",121
"2019-07-11 12:42:23",121
"2019-07-11 13:42:24",121
"2019-07-11 14:42:24",122
"2019-07-11 15:42:24",122
"2019-07-11 16:42:24",122
"2019-07-11 17:42:24",121
"2019-07-11 18:42:25",121
"2019-07-11 19:42:24",121
"2019-07-11 20:42:23",120
"2019-07-11 21:42:29",120
"2019-07-11 22:42:22",120
"2019-07-11 23:42:24",120
"2019-07-12 00:42:23",120
"2019-07-12 01:42:24",120
"2019-07-12 02:42:24",120
"2019-07-12 03:42:23",120
"2019-07-12 04:42:23",120
"2019-07-12 05:42:27",120
"2019-07-12 06:42:29",120
"2019-07-12 07:42:24",120
"2019-07-12 08:42:24",120
"2019-07-12 09:42:26",120
"2019-07-12 10:42:26",120
"2019-07-12 11:42:24",120
"2019-07-12 13:05:58",120
"2019-07-12 13:42:26",120
"2019-07-12 14:42:24",120
"2019-07-12 15:42:40",120
"2019-07-12 16:42:26",119
"2019-07-12 17:42:28",119
"2019-07-12 18:42:24",119
"2019-07-12 19:42:23",119
"2019-07-12 20:42:22",119
"2019-07-12 21:42:24",119
"2019-07-12 22:42:31",119
"2019-07-12 23:42:24",119
"2019-07-13 00:42:24",119
"2019-07-13 01:42:25",119
"2019-07-13 02:42:26",119
"2019-07-13 03:42:23",119
"2019-07-13 04:42:24",119
"2019-07-13 05:42:24",119
"2019-07-13 06:42:24",119
"2019-07-13 07:42:24",119
"2019-07-13 08:42:22",119
"2019-07-13 09:42:24",119
"2019-07-13 10:42:24",119
"2019-07-13 11:42:26",119
"2019-07-13 12:42:26",119
"2019-07-13 13:42:24",119
"2019-07-13 14:42:23",119
"2019-07-13 15:42:25",119
"2019-07-13 16:42:48",119
"2019-07-13 17:42:27",119
"2019-07-13 18:42:28",119
"2019-07-13 19:42:27",119
"2019-07-13 20:42:28",119
"2019-07-13 21:42:26",119
"2019-07-13 22:42:24",119
"2019-07-13 23:42:25",119
"2019-07-14 00:42:24",119
"2019-07-14 01:42:32",119
"2019-07-14 02:42:25",119
"2019-07-14 03:42:25",119
"2019-07-14 04:42:24",119
"2019-07-14 05:42:26",119
"2019-07-14 06:42:26",119
"2019-07-14 07:42:24",119
"2019-07-14 08:42:24",119
"2019-07-14 09:42:22",119
"2019-07-14 10:42:24",119
"2019-07-14 11:42:26",119
"2019-07-14 12:42:24",119
"2019-07-14 13:42:26",119
"2019-07-14 14:42:24",119
"2019-07-14 15:42:25",119
"2019-07-14 16:42:29",119
"2019-07-14 17:42:24",119
"2019-07-14 18:42:24",119
"2019-07-14 19:42:24",119
"2019-07-14 20:42:31",119
"2019-07-14 21:42:23",119
"2019-07-14 22:42:23",119
"2019-07-14 23:42:24",119
"2019-07-15 00:42:25",119
"2019-07-15 01:42:23",119
"2019-07-15 02:42:24",119
"2019-07-15 03:42:23",119
"2019-07-15 04:42:23",119
"2019-07-15 05:42:26",119
"2019-07-15 06:42:28",119
"2019-07-15 07:42:24",119
"2019-07-15 08:42:23",119
"2019-07-15 09:42:23",119
"2019-07-15 10:42:24",119
"2019-07-15 11:42:23",119
"2019-07-15 13:06:28",119
"2019-07-15 13:42:26",119
"2019-07-15 14:42:23",120
"2019-07-15 15:42:24",120
"2019-07-15 16:42:37",120
"2019-07-15 17:42:25",120
"2019-07-15 18:42:23",120
"2019-07-15 19:42:24",120
"2019-07-15 20:42:24",120
"2019-07-15 21:42:24",120
"2019-07-15 22:42:28",120
"2019-07-15 23:42:24",120
"2019-07-16 00:42:23",120
"2019-07-16 01:42:24",120
"2019-07-16 02:42:30",120
"2019-07-16 03:42:24",120
"2019-07-16 04:42:23",120
"2019-07-16 05:42:29",120
"2019-07-16 06:42:27",120
"2019-07-16 07:42:23",120
"2019-07-16 08:42:24",120
"2019-07-16 09:42:24",120
"2019-07-16 10:42:26",120
"2019-07-16 11:42:23",120
"2019-07-16 13:06:27",120
"2019-07-16 13:42:25",120
"2019-07-16 14:42:24",120
"2019-07-16 15:42:32",120
"2019-07-16 16:42:26",120
"2019-07-16 17:42:26",120
"2019-07-16 18:42:25",120
"2019-07-16 19:42:23",120
"2019-07-16 20:42:41",121
"2019-07-16 21:42:24",121
"2019-07-16 22:42:24",121
"2019-07-16 23:42:24",121
"2019-07-17 00:42:24",121
"2019-07-17 01:42:25",121
"2019-07-17 02:42:26",121
"2019-07-17 03:42:25",121
"2019-07-17 04:42:25",121
"2019-07-17 05:42:37",121
"2019-07-17 06:42:27",121
"2019-07-17 07:42:28",121
"2019-07-17 08:42:25",121
"2019-07-17 09:42:24",121
"2019-07-17 10:42:24",121
"2019-07-17 11:42:24",121
"2019-07-17 13:05:59",121
"2019-07-17 13:42:24",121
"2019-07-17 14:42:26",121
"2019-07-17 15:42:30",121
"2019-07-17 16:42:29",121
"2019-07-17 17:42:23",121
"2019-07-17 18:42:25",120
"2019-07-17 19:42:23",120
"2019-07-17 20:42:24",120
"2019-07-17 21:42:23",120
"2019-07-17 22:42:24",120
"2019-07-17 23:42:24",120
"2019-07-18 00:42:23",120
"2019-07-18 01:42:28",120
"2019-07-18 02:42:25",120
"2019-07-18 03:42:25",120
"2019-07-18 04:42:23",120
"2019-07-18 05:42:27",120
"2019-07-18 06:42:27",120
"2019-07-18 07:42:22",120
"2019-07-18 08:42:27",120
"2019-07-18 09:42:23",120
"2019-07-18 10:42:24",120
"2019-07-18 11:42:23",120
"2019-07-18 13:06:30",120
"2019-07-18 13:42:23",120
"2019-07-18 14:42:24",121
"2019-07-18 15:42:23",121
"2019-07-18 16:42:29",122
"2019-07-18 17:42:24",122
"2019-07-18 18:42:25",121
"2019-07-18 19:42:26",121
"2019-07-18 20:42:25",121
"2019-07-18 21:42:25",121
"2019-07-18 22:42:25",121
"2019-07-18 23:42:26",121
"2019-07-19 00:42:24",121
"2019-07-19 01:42:25",121
"2019-07-19 02:42:26",121
"2019-07-19 03:42:24",121
"2019-07-19 04:42:24",121
"2019-07-19 05:42:39",121
"2019-07-19 06:42:26",121
"2019-07-19 07:42:27",121
"2019-07-19 08:42:24",121
"2019-07-19 09:42:24",121
"2019-07-19 10:42:24",121
"2019-07-19 11:42:24",121
"2019-07-19 13:05:57",122
"2019-07-19 13:42:25",122
"2019-07-19 14:42:24",122
"2019-07-19 15:42:26",121
"2019-07-19 16:42:25",121
"2019-07-19 17:42:26",120
"2019-07-19 18:42:26",119
"2019-07-19 19:42:25",119
"2019-07-19 20:42:25",120
"2019-07-19 21:42:24",120
"2019-07-19 22:42:26",120
"2019-07-19 23:42:24",120
"2019-07-20 00:42:25",120
"2019-07-20 01:42:32",120
"2019-07-20 02:42:32",120
"2019-07-20 03:42:25",120
"2019-07-20 04:42:33",120
"2019-07-20 05:42:30",120
"2019-07-20 06:42:25",120
"2019-07-20 07:42:24",120
"2019-07-20 08:42:26",120
"2019-07-20 09:42:23",120
"2019-07-20 10:42:23",120
"2019-07-20 11:42:24",120
"2019-07-20 12:42:25",120
"2019-07-20 13:42:24",120
"2019-07-20 14:42:24",120
"2019-07-20 15:42:24",120
"2019-07-20 16:42:26",120
"2019-07-20 17:42:24",120
"2019-07-20 18:42:24",120
"2019-07-20 19:42:25",120
"2019-07-20 20:42:23",120
"2019-07-20 21:42:26",120
"2019-07-20 22:42:23",120
"2019-07-20 23:42:24",120
"2019-07-21 00:42:26",120
"2019-07-21 01:42:24",120
"2019-07-21 02:42:26",120
"2019-07-21 03:42:24",120
"2019-07-21 04:42:24",120
"2019-07-21 05:42:31",120
"2019-07-21 06:42:32",120
"2019-07-21 07:42:23",120
"2019-07-21 08:42:25",120
"2019-07-21 09:42:26",120
"2019-07-21 10:42:33",120
"2019-07-21 11:42:25",120
"2019-07-21 12:42:24",120
"2019-07-21 13:42:26",120
"2019-07-21 14:42:24",120
"2019-07-21 15:42:24",120
"2019-07-21 16:42:25",120
"2019-07-21 17:42:24",120
"2019-07-21 18:42:25",120
"2019-07-21 19:42:25",120
"2019-07-21 20:42:25",120
"2019-07-21 21:42:26",120
"2019-07-21 22:42:23",120
"2019-07-21 23:42:25",120
"2019-07-22 00:42:24",120
"2019-07-22 01:42:25",120
"2019-07-22 02:42:25",120
"2019-07-22 03:42:25",120
"2019-07-22 04:42:25",120
"2019-07-22 05:42:28",120
"2019-07-22 06:42:32",120
"2019-07-22 07:42:24",120
"2019-07-22 08:42:24",120
"2019-07-22 09:42:24",120
"2019-07-22 10:42:24",120
"2019-07-22 11:42:31",120
"2019-07-22 12:42:28",120
"2019-07-22 13:42:25",120
"2019-07-22 14:42:26",121
"2019-07-22 15:42:25",121
"2019-07-22 16:42:27",121
"2019-07-22 17:42:25",120
"2019-07-22 18:42:30",120
"2019-07-22 19:42:26",120
"2019-07-22 20:42:27",120
"2019-07-22 21:42:28",120
"2019-07-22 22:42:25",120
"2019-07-22 23:42:25",120
"2019-07-23 00:42:24",120
"2019-07-23 01:42:24",120
"2019-07-23 02:42:28",120
"2019-07-23 03:42:26",120
"2019-07-23 04:42:26",120
"2019-07-23 05:42:28",120
"2019-07-23 06:42:30",120
"2019-07-23 07:42:25",120
"2019-07-23 08:42:24",120
"2019-07-23 09:42:26",120
"2019-07-23 10:42:26",120
"2019-07-23 11:42:26",120
"2019-07-23 13:05:29",120
"2019-07-23 13:42:25",120
"2019-07-23 14:42:26",119
"2019-07-23 15:42:30",119
"2019-07-23 16:42:27",119
"2019-07-23 17:42:24",119
"2019-07-23 18:42:26",119
"2019-07-23 19:42:25",119
"2019-07-23 20:42:25",118
"2019-07-23 21:42:26",118
"2019-07-23 22:42:28",118
"2019-07-23 23:42:26",118
"2019-07-24 00:42:25",118
"2019-07-24 01:42:25",118
"2019-07-24 02:42:30",118
"2019-07-24 03:42:26",118
"2019-07-24 04:42:25",118
"2019-07-24 05:42:26",118
"2019-07-24 06:42:24",118
"2019-07-24 07:42:24",118
"2019-07-24 08:42:25",118
"2019-07-24 09:42:26",118
"2019-07-24 10:42:26",118
"2019-07-24 11:42:24",118
"2019-07-24 13:04:58",118
"2019-07-24 13:42:26",118
"2019-07-24 14:42:24",120
"2019-07-24 15:42:26",124
"2019-07-24 16:42:26",127
"2019-07-24 17:42:24",129
"2019-07-24 18:42:27",134
"2019-07-24 19:42:25",134
"2019-07-24 20:42:26",135
"2019-07-24 21:42:25",135
"2019-07-24 22:42:24",135
"2019-07-24 23:42:25",135
"2019-07-25 00:42:25",135
"2019-07-25 01:42:30",135
"2019-07-25 02:42:38",135
"2019-07-25 03:42:25",135
"2019-07-25 04:42:25",135
"2019-07-25 05:42:30",135
"2019-07-25 06:42:28",135
"2019-07-25 07:42:25",135
"2019-07-25 08:42:26",135
"2019-07-25 09:42:25",135
"2019-07-25 10:42:34",135
"2019-07-25 11:42:24",135
"2019-07-25 13:05:30",135
"2019-07-25 13:42:28",135
"2019-07-25 14:42:26",136
"2019-07-25 15:42:25",134
"2019-07-25 16:42:28",134
"2019-07-25 17:42:26",136
"2019-07-25 18:42:33",136
"2019-07-25 19:43:00",133
"2019-07-25 20:42:30",132
"2019-07-25 21:42:29",132
"2019-07-25 22:42:25",132
"2019-07-25 23:42:26",132
"2019-07-26 00:42:36",132
"2019-07-26 01:42:26",132
"2019-07-26 02:42:28",132
"2019-07-26 03:42:27",132
"2019-07-26 04:42:30",132
"2019-07-26 05:42:32",132
"2019-07-26 06:42:41",132
"2019-07-26 07:42:32",132
"2019-07-26 08:42:24",132
"2019-07-26 09:42:25",132
"2019-07-26 10:42:27",132
"2019-07-26 11:42:29",132
"2019-07-26 13:07:30",132
"2019-07-26 13:42:27",132
"2019-07-26 14:42:27",128
"2019-07-26 15:42:26",128
"2019-07-26 16:42:29",129
"2019-07-26 17:42:29",128
"2019-07-26 18:42:29",129
"2019-07-26 19:42:26",129
"2019-07-26 20:42:26",132
"2019-07-26 22:42:26",132
"2019-07-26 23:42:25",132
"2019-07-27 00:42:25",132
"2019-07-27 01:42:26",132
"2019-07-27 02:42:28",132
"2019-07-27 03:42:26",132
"2019-07-27 04:42:26",132
"2019-07-27 05:42:26",132
"2019-07-27 06:42:26",132
"2019-07-27 07:42:25",132
"2019-07-27 08:42:25",132
"2019-07-27 09:42:25",132
"2019-07-27 10:42:28",132
"2019-07-27 11:42:25",132
"2019-07-27 12:42:26",132
"2019-07-27 13:42:25",132
"2019-07-27 14:42:26",132
"2019-07-27 15:42:28",132
"2019-07-27 16:42:33",132
"2019-07-27 17:42:30",132
"2019-07-27 18:42:28",132
"2019-07-27 19:42:27",132
"2019-07-27 20:42:28",132
"2019-07-27 21:42:27",132
"2019-07-27 22:42:26",132
"2019-07-27 23:42:26",132
"2019-07-28 00:42:26",132
"2019-07-28 01:42:25",132
"2019-07-28 02:42:25",132
"2019-07-28 03:42:24",132
"2019-07-28 04:42:26",132
"2019-07-28 05:42:25",132
"2019-07-28 06:42:25",132
"2019-07-28 07:42:25",132
"2019-07-28 08:42:24",132
"2019-07-28 09:42:24",132
"2019-07-28 10:42:24",132
"2019-07-28 11:42:24",132
"2019-07-28 12:42:25",132
"2019-07-28 13:42:25",132
"2019-07-28 14:42:26",132
"2019-07-28 15:42:24",132
"2019-07-28 16:42:27",132
"2019-07-28 17:42:26",132
"2019-07-28 18:42:25",132
"2019-07-28 19:42:25",132
"2019-07-28 20:42:24",132
"2019-07-28 21:42:25",132
"2019-07-28 22:42:26",132
"2019-07-28 23:42:27",132
"2019-07-29 00:42:25",132
"2019-07-29 01:42:25",132
"2019-07-29 02:42:26",132
"2019-07-29 03:42:26",132
"2019-07-29 04:42:26",132
"2019-07-29 05:42:29",132
"2019-07-29 06:42:35",132
"2019-07-29 07:42:27",132
"2019-07-29 08:42:25",132
"2019-07-29 09:42:26",132
"2019-07-29 10:42:26",132
"2019-07-29 11:42:25",132
"2019-07-29 13:06:29",132
"2019-07-29 13:42:28",132
"2019-07-29 14:42:25",139
"2019-07-29 15:42:26",141
"2019-07-29 16:42:26",141
"2019-07-29 17:42:26",143
"2019-07-29 18:42:26",143
"2019-07-29 19:42:25",144
"2019-07-29 20:42:25",143
"2019-07-29 21:42:25",143
"2019-07-29 22:42:26",143
"2019-07-29 23:42:25",143
"2019-07-30 00:42:26",143
"2019-07-30 01:42:26",143
"2019-07-30 02:42:26",143
"2019-07-30 03:42:25",143
"2019-07-30 04:42:24",143
"2019-07-30 05:42:25",143
"2019-07-30 06:42:26",143
"2019-07-30 07:42:33",143
"2019-07-30 08:42:26",143
"2019-07-30 09:42:25",143
"2019-07-30 10:42:25",143
"2019-07-30 11:42:28",143
"2019-07-30 12:42:26",143
"2019-07-30 13:42:26",143
"2019-07-30 14:42:27",142
"2019-07-30 15:42:27",141
"2019-07-30 16:42:27",139
"2019-07-30 17:42:31",139
"2019-07-30 18:42:29",139
"2019-07-30 19:42:29",139
"2019-07-30 20:42:28",139
"2019-07-30 21:42:27",139
"2019-07-30 22:42:28",139
"2019-07-30 23:42:26",139
"2019-07-31 00:42:27",139
"2019-07-31 01:42:27",139
"2019-07-31 02:42:26",139
"2019-07-31 03:42:27",139
"2019-07-31 04:42:28",139
"2019-07-31 05:42:33",139
"2019-07-31 06:42:27",139
"2019-07-31 07:42:26",139
"2019-07-31 08:42:27",139
"2019-07-31 09:42:27",139
"2019-07-31 10:42:26",139
"2019-07-31 11:42:25",139
"2019-07-31 13:06:32",139
"2019-07-31 13:42:27",139
"2019-07-31 14:42:28",142
"2019-07-31 15:42:27",144
"2019-07-31 16:42:31",142
"2019-07-31 17:42:27",142
"2019-07-31 18:42:26",143
"2019-07-31 19:42:27",143
"2019-07-31 20:42:27",142
"2019-07-31 21:42:28",141
"2019-07-31 22:42:26",141
"2019-07-31 23:42:27",141
"2019-08-01 00:42:27",141
"2019-08-01 01:42:37",141
"2019-08-01 02:42:29",141
"2019-08-01 03:42:27",141
"2019-08-01 04:42:26",141
"2019-08-01 05:42:30",141
"2019-08-01 06:42:28",141
"2019-08-01 07:42:31",141
"2019-08-01 08:42:26",141
"2019-08-01 09:42:28",141
"2019-08-01 10:42:27",141
"2019-08-01 11:42:25",141
"2019-08-01 13:04:59",141
"2019-08-01 13:42:28",141
"2019-08-01 14:42:27",142
"2019-08-01 15:42:34",142
"2019-08-01 16:42:31",141
"2019-08-01 17:42:29",141
"2019-08-01 18:42:26",141
"2019-08-01 19:42:26",141
"2019-08-01 20:42:26",141
"2019-08-01 21:42:27",141
"2019-08-01 22:42:25",141
"2019-08-01 23:42:28",141
"2019-08-02 00:42:26",141
"2019-08-02 01:42:26",141
"2019-08-02 02:42:26",141
"2019-08-02 03:42:26",141
"2019-08-02 04:42:26",141
"2019-08-02 05:42:29",141
"2019-08-02 06:42:26",141
"2019-08-02 07:42:24",141
"2019-08-02 08:42:26",141
"2019-08-02 09:42:27",141
"2019-08-02 10:42:35",141
"2019-08-02 11:42:26",141
"2019-08-02 13:06:31",141
"2019-08-02 13:42:29",141
"2019-08-02 14:42:28",141
"2019-08-02 15:42:28",139
"2019-08-02 16:42:28",138
"2019-08-02 17:42:27",138
"2019-08-02 18:42:28",138
"2019-08-02 19:42:28",138
"2019-08-02 20:42:28",138
"2019-08-02 21:42:27",138
"2019-08-02 22:42:26",138
"2019-08-02 23:42:27",138
"2019-08-03 00:42:27",138
"2019-08-03 01:42:26",138
"2019-08-03 02:42:32",138
"2019-08-03 03:42:27",138
"2019-08-03 04:42:26",138
"2019-08-03 05:42:33",138
"2019-08-03 06:42:27",138
"2019-08-03 07:42:26",138
"2019-08-03 08:42:28",138
"2019-08-03 09:42:27",138
"2019-08-03 10:42:27",138
"2019-08-03 11:42:27",138
"2019-08-03 12:42:28",138
"2019-08-03 13:42:27",138
"2019-08-03 14:42:27",138
"2019-08-03 15:42:26",138
"2019-08-03 16:42:27",138
"2019-08-03 17:42:28",138
"2019-08-03 18:42:28",138
"2019-08-03 19:42:27",138
"2019-08-03 20:42:26",138
"2019-08-03 21:42:25",138
"2019-08-03 22:42:26",138
"2019-08-03 23:42:26",138
"2019-08-04 00:42:27",138
"2019-08-04 01:42:26",138
"2019-08-04 02:42:32",138
"2019-08-04 03:42:28",138
"2019-08-04 04:42:27",138
"2019-08-04 05:42:31",138
"2019-08-04 06:42:27",138
"2019-08-04 07:42:27",138
"2019-08-04 08:42:28",138
"2019-08-04 09:42:27",138
"2019-08-04 10:42:27",138
"2019-08-04 11:42:24",138
"2019-08-04 12:42:26",138
"2019-08-04 13:42:27",138
"2019-08-04 14:42:26",138
"2019-08-04 15:42:27",138
"2019-08-04 16:42:27",138
"2019-08-04 17:42:27",138
"2019-08-04 18:42:28",138
"2019-08-04 19:42:27",138
"2019-08-04 20:42:27",138
"2019-08-04 21:42:27",138
"2019-08-04 22:42:27",138
"2019-08-04 23:42:27",138
"2019-08-05 00:42:26",138
"2019-08-05 01:42:27",138
"2019-08-05 02:42:29",138
"2019-08-05 03:42:27",138
"2019-08-05 04:42:28",138
"2019-08-05 05:42:28",138
"2019-08-05 06:42:26",138
"2019-08-05 07:42:31",138
"2019-08-05 08:42:28",138
"2019-08-05 09:42:29",138
"2019-08-05 10:42:27",138
"2019-08-05 11:42:27",138
"2019-08-05 13:07:02",138
"2019-08-05 13:42:29",138
"2019-08-05 14:42:29",138
"2019-08-05 15:42:27",138
"2019-08-05 16:42:28",137
"2019-08-05 17:42:29",137
"2019-08-05 18:42:30",138
"2019-08-05 19:42:28",138
"2019-08-05 20:42:27",140
"2019-08-05 21:42:27",140
"2019-08-05 22:42:28",140
"2019-08-05 23:42:29",140
"2019-08-06 00:42:37",140
"2019-08-06 01:42:30",140
"2019-08-06 02:42:28",140
"2019-08-06 03:42:27",140
"2019-08-06 04:42:29",140
"2019-08-06 05:42:29",140
"2019-08-06 06:42:27",140
"2019-08-06 07:42:27",140
"2019-08-06 08:42:27",140
"2019-08-06 09:42:32",140
"2019-08-06 10:42:26",140
"2019-08-06 11:42:26",140
"2019-08-06 12:42:27",140
"2019-08-06 13:42:29",140
"2019-08-06 14:42:27",139
"2019-08-06 15:42:28",139
"2019-08-06 16:42:29",140
"2019-08-06 17:42:27",140
"2019-08-06 18:42:26",141
"2019-08-06 19:42:27",142
"2019-08-06 20:42:28",143
"2019-08-06 21:42:27",143
"2019-08-06 22:42:26",143
"2019-08-06 23:42:27",143
"2019-08-07 00:42:28",143
"2019-08-07 01:42:29",143
"2019-08-07 02:42:30",143
"2019-08-07 03:42:27",143
"2019-08-07 04:42:27",143
"2019-08-07 05:42:28",143
"2019-08-07 06:42:32",143
"2019-08-07 07:42:26",143
"2019-08-07 08:42:28",143
"2019-08-07 09:42:27",143
"2019-08-07 10:42:35",143
"2019-08-07 11:42:27",143
"2019-08-07 12:42:29",143
"2019-08-07 13:42:29",143
"2019-08-07 14:42:28",142
"2019-08-07 15:42:28",142
"2019-08-07 16:42:28",142
"2019-08-07 17:42:27",142
"2019-08-07 18:42:28",142
"2019-08-07 19:42:27",142
"2019-08-07 20:42:27",142
"2019-08-07 21:42:27",142
"2019-08-07 22:42:26",142
"2019-08-07 23:42:28",142
"2019-08-08 00:42:28",142
"2019-08-08 01:42:27",142
"2019-08-08 02:42:33",142
"2019-08-08 03:42:27",142
"2019-08-08 04:42:27",142
"2019-08-08 05:42:26",142
"2019-08-08 06:42:30",142
"2019-08-08 07:42:27",142
"2019-08-08 08:42:27",142
"2019-08-08 09:42:27",142
"2019-08-08 10:42:30",142
"2019-08-08 11:42:26",142
"2019-08-08 12:42:29",142
"2019-08-08 13:42:28",142
"2019-08-08 14:42:28",141
"2019-08-08 15:42:28",141
"2019-08-08 16:42:29",140
"2019-08-08 17:42:28",142
"2019-08-08 18:42:28",142
"2019-08-08 19:42:28",142
"2019-08-08 20:42:29",143
"2019-08-08 21:42:29",143
"2019-08-08 22:42:29",143
"2019-08-08 23:42:29",143
"2019-08-09 00:42:30",143
"2019-08-09 01:42:31",143
"2019-08-09 02:42:30",143
"2019-08-09 03:42:29",143
"2019-08-09 04:42:30",143
"2019-08-09 05:42:33",143
"2019-08-09 06:42:31",143
"2019-08-09 07:42:32",143
"2019-08-09 08:42:31",143
"2019-08-09 09:42:36",143
"2019-08-09 10:42:31",143
"2019-08-09 11:42:29",143
"2019-08-09 13:06:34",143
"2019-08-09 13:42:31",143
"2019-08-09 14:42:33",144
"2019-08-09 15:42:29",144
"2019-08-09 16:42:36",144
"2019-08-09 17:42:29",143
"2019-08-09 18:42:30",143
"2019-08-09 19:42:30",143
"2019-08-09 20:42:29",143
"2019-08-09 21:42:31",143
"2019-08-09 22:42:30",143
"2019-08-09 23:42:31",143
"2019-08-10 00:42:31",143
"2019-08-10 01:42:30",143
"2019-08-10 02:42:42",143
"2019-08-10 03:42:29",143
"2019-08-10 04:42:30",143
"2019-08-10 05:42:32",143
"2019-08-10 06:42:30",143
"2019-08-10 07:42:29",143
"2019-08-10 08:42:29",143
"2019-08-10 09:42:30",143
"2019-08-10 10:42:31",143
"2019-08-10 11:42:29",143
"2019-08-10 12:42:31",143
"2019-08-10 13:42:31",143
"2019-08-10 14:42:28",143
"2019-08-10 15:42:28",143
"2019-08-10 16:42:37",143
"2019-08-10 17:42:29",143
"2019-08-10 18:42:29",143
"2019-08-10 19:42:30",143
"2019-08-10 20:42:30",143
"2019-08-10 21:42:27",143
"2019-08-10 22:42:29",143
"2019-08-10 23:42:29",143
"2019-08-11 00:42:27",143
"2019-08-11 01:42:29",143
"2019-08-11 02:42:37",143
"2019-08-11 03:42:30",143
"2019-08-11 04:42:29",143
"2019-08-11 05:42:34",143
"2019-08-11 06:42:29",143
"2019-08-11 07:42:30",143
"2019-08-11 08:42:28",143
"2019-08-11 09:42:28",143
"2019-08-11 10:42:28",143
"2019-08-11 11:42:29",143
"2019-08-11 12:42:29",143
"2019-08-11 13:42:30",143
"2019-08-11 14:42:29",143
"2019-08-11 15:42:29",143
"2019-08-11 16:42:30",143
"2019-08-11 17:42:29",143
"2019-08-11 18:42:29",143
"2019-08-11 19:42:30",143
"2019-08-11 20:42:32",143
"2019-08-11 21:42:31",143
"2019-08-11 22:42:31",143
"2019-08-11 23:42:32",143
"2019-08-12 00:42:31",143
"2019-08-12 01:42:31",143
"2019-08-12 02:42:34",143
"2019-08-12 03:42:32",143
"2019-08-12 04:42:30",143
"2019-08-12 05:42:36",143
"2019-08-12 06:42:38",143
"2019-08-12 07:42:30",143
"2019-08-12 08:42:31",143
"2019-08-12 09:42:30",143
"2019-08-12 10:42:34",143
"2019-08-12 11:42:30",143
"2019-08-12 12:42:34",143
"2019-08-12 13:42:40",143
"2019-08-12 14:42:29",142
"2019-08-12 15:42:30",144
"2019-08-12 16:42:40",144
"2019-08-12 17:42:30",144
"2019-08-12 18:42:28",144
"2019-08-12 19:42:28",143
"2019-08-12 20:42:30",143
"2019-08-12 21:42:28",143
"2019-08-12 22:42:29",143
"2019-08-12 23:42:30",143
"2019-08-13 00:42:28",143
"2019-08-13 01:42:30",143
"2019-08-13 02:42:33",143
"2019-08-13 03:42:30",143
"2019-08-13 04:42:27",143
"2019-08-13 05:42:32",143
"2019-08-13 06:42:28",143
"2019-08-13 07:42:29",143
"2019-08-13 08:42:28",143
"2019-08-13 09:42:30",143
"2019-08-13 10:42:32",143
"2019-08-13 11:42:31",143
"2019-08-13 12:42:32",143
"2019-08-13 13:42:31",143
"2019-08-13 14:42:30",142
"2019-08-13 15:42:34",142
"2019-08-13 16:42:32",139
"2019-08-13 17:42:30",139
"2019-08-13 18:42:30",139
"2019-08-13 19:42:30",139
"2019-08-13 20:42:30",139
"2019-08-13 21:42:31",139
"2019-08-13 22:42:37",139
"2019-08-13 23:42:30",139
"2019-08-14 00:42:33",139
"2019-08-14 01:42:31",139
"2019-08-14 02:42:31",139
"2019-08-14 03:42:29",139
"2019-08-14 04:42:29",139
"2019-08-14 05:42:37",139
"2019-08-14 06:42:30",139
"2019-08-14 07:42:29",139
"2019-08-14 08:42:28",139
"2019-08-14 09:42:31",139
"2019-08-14 10:42:27",139
"2019-08-14 11:42:28",139
"2019-08-14 13:05:36",139
"2019-08-14 13:42:31",139
"2019-08-14 14:42:31",139
"2019-08-14 15:42:32",139
"2019-08-14 16:42:30",138
"2019-08-14 17:42:28",137
"2019-08-14 18:42:31",137
"2019-08-14 19:42:32",138
"2019-08-14 20:42:29",138
"2019-08-14 21:42:36",138
"2019-08-14 22:42:29",138
"2019-08-14 23:42:28",138
"2019-08-15 00:42:29",138
"2019-08-15 01:42:29",138
"2019-08-15 02:42:32",138
"2019-08-15 03:42:30",138
"2019-08-15 04:42:29",138
"2019-08-15 05:42:34",138
"2019-08-15 06:42:28",138
"2019-08-15 07:42:28",138
"2019-08-15 08:42:43",138
"2019-08-15 09:42:29",138
"2019-08-15 10:42:28",138
"2019-08-15 11:42:28",138
"2019-08-15 13:05:34",138
"2019-08-15 13:42:36",138
"2019-08-15 14:42:30",137
"2019-08-15 15:42:27",138
"2019-08-15 16:42:42",138
"2019-08-15 17:42:27",137
"2019-08-15 18:42:29",137
"2019-08-15 19:42:27",137
"2019-08-15 20:42:29",137
"2019-08-15 21:42:27",137
"2019-08-15 22:42:27",137
"2019-08-15 23:42:33",137
"2019-08-16 00:42:29",137
"2019-08-16 01:42:40",137
"2019-08-16 02:42:30",137
"2019-08-16 03:42:30",137
"2019-08-16 04:42:26",137
"2019-08-16 05:42:44",137
"2019-08-16 06:42:27",137
"2019-08-16 07:42:28",137
"2019-08-16 08:42:28",137
"2019-08-16 09:42:27",137
"2019-08-16 10:42:27",137
"2019-08-16 11:42:27",137
"2019-08-16 12:42:28",137
"2019-08-16 13:42:32",137
"2019-08-16 14:42:28",137
"2019-08-16 15:42:30",137
"2019-08-16 16:42:32",137
"2019-08-16 18:43:14",133
"2019-08-16 19:42:31",133
"2019-08-16 20:42:33",133
"2019-08-16 21:42:31",133
"2019-08-16 22:42:32",133
"2019-08-16 23:42:31",133
"2019-08-17 00:42:32",133
"2019-08-17 01:42:35",133
"2019-08-17 02:42:44",133
"2019-08-17 03:42:31",133
"2019-08-17 04:42:32",133
"2019-08-17 05:42:31",133
"2019-08-17 06:42:30",133
"2019-08-17 07:42:30",133
"2019-08-17 08:42:32",133
"2019-08-17 09:42:31",133
"2019-08-17 10:42:30",133
"2019-08-17 11:42:29",133
"2019-08-17 12:42:29",133
"2019-08-17 13:42:31",133
"2019-08-17 14:42:50",133
"2019-08-17 15:42:31",133
"2019-08-17 16:42:31",133
"2019-08-17 17:42:29",133
"2019-08-17 18:42:29",133
"2019-08-17 19:42:30",133
"2019-08-17 20:42:32",133
"2019-08-17 21:42:29",133
"2019-08-17 22:42:29",133
"2019-08-17 23:42:29",133
"2019-08-18 00:42:30",133
"2019-08-18 01:42:29",133
"2019-08-18 02:42:32",133
"2019-08-18 03:42:30",133
"2019-08-18 04:42:29",133
"2019-08-18 05:42:40",133
"2019-08-18 06:42:47",133
"2019-08-18 07:42:31",133
"2019-08-18 08:42:33",133
"2019-08-18 09:42:32",133
"2019-08-18 10:42:29",133
"2019-08-18 11:42:31",133
"2019-08-18 12:42:31",133
"2019-08-18 13:42:31",133
"2019-08-18 14:42:31",133
"2019-08-18 15:42:32",133
"2019-08-18 16:42:35",133
"2019-08-18 17:42:30",133
"2019-08-18 18:42:31",133
"2019-08-18 19:42:31",133
"2019-08-18 20:42:32",133
"2019-08-18 21:42:38",133
"2019-08-18 22:42:33",133
"2019-08-18 23:42:31",133
"2019-08-19 00:42:32",133
"2019-08-19 01:42:33",133
"2019-08-19 02:42:32",133
"2019-08-19 03:42:30",133
"2019-08-19 04:42:30",133
"2019-08-19 05:42:33",133
"2019-08-19 06:42:33",133
"2019-08-19 07:42:42",133
"2019-08-19 08:42:31",133
"2019-08-19 09:42:37",133
"2019-08-19 10:42:32",133
"2019-08-19 11:42:30",133
"2019-08-19 12:42:35",133
"2019-08-19 13:42:32",133
"2019-08-19 14:42:28",134
"2019-08-19 15:42:29",134
"2019-08-19 16:42:28",134
"2019-08-19 17:42:28",134
"2019-08-19 18:42:30",134
"2019-08-19 19:42:29",134
"2019-08-19 20:42:28",133
"2019-08-19 21:42:29",133
"2019-08-19 22:42:28",133
"2019-08-19 23:42:29",133
"2019-08-20 00:42:31",133
"2019-08-20 01:42:28",133
"2019-08-20 02:42:31",133
"2019-08-20 03:42:29",133
"2019-08-20 04:42:28",133
"2019-08-20 05:42:39",133
"2019-08-20 06:42:33",133
"2019-08-20 07:42:27",133
"2019-08-20 08:42:28",133
"2019-08-20 09:42:28",133
"2019-08-20 10:42:48",133
"2019-08-20 11:42:27",133
"2019-08-20 13:04:34",133
"2019-08-20 13:42:38",133
"2019-08-20 14:42:31",133
"2019-08-20 15:42:29",133
"2019-08-20 16:42:31",134
"2019-08-20 17:42:31",134
"2019-08-20 18:42:31",134
"2019-08-20 19:42:30",134
"2019-08-20 20:42:31",134
"2019-08-20 21:42:33",134
"2019-08-20 22:42:31",134
"2019-08-20 23:42:30",134
"2019-08-21 00:42:31",134
"2019-08-21 01:42:32",134
"2019-08-21 02:42:36",134
"2019-08-21 03:42:34",134
"2019-08-21 04:42:31",134
"2019-08-21 05:42:33",134
"2019-08-21 06:42:36",134
"2019-08-21 07:42:31",134
"2019-08-21 08:42:31",134
"2019-08-21 09:42:31",134
"2019-08-21 10:42:30",134
"2019-08-21 11:42:30",134
"2019-08-21 12:42:29",134
"2019-08-21 13:42:32",134
"2019-08-21 14:42:31",135
"2019-08-21 15:42:32",134
"2019-08-21 16:42:45",134
"2019-08-21 17:42:30",134
"2019-08-21 18:42:30",134
"2019-08-21 19:42:31",134
"2019-08-21 20:42:31",134
"2019-08-21 21:42:32",134
"2019-08-21 22:42:34",134
"2019-08-21 23:42:32",134
"2019-08-22 00:42:32",134
"2019-08-22 01:42:31",134
"2019-08-22 02:42:34",134
"2019-08-22 03:42:31",134
"2019-08-22 04:42:30",134
"2019-08-22 05:42:33",134
"2019-08-22 06:42:31",134
"2019-08-22 07:42:32",134
"2019-08-22 08:42:32",134
"2019-08-22 09:42:32",134
"2019-08-22 10:42:32",134
"2019-08-22 11:42:33",134
"2019-08-22 12:42:31",134
"2019-08-22 13:42:32",134
"2019-08-22 14:42:35",135
"2019-08-22 15:42:33",135
"2019-08-22 16:42:36",135
"2019-08-22 17:42:34",134
"2019-08-22 18:42:34",134
"2019-08-22 19:42:32",134
"2019-08-22 20:42:33",134
"2019-08-22 21:42:34",134
"2019-08-22 22:42:31",134
"2019-08-22 23:42:33",134
"2019-08-23 00:42:35",134
"2019-08-23 01:42:37",134
"2019-08-23 02:42:37",134
"2019-08-23 03:42:32",134
"2019-08-23 04:42:30",134
"2019-08-23 05:42:32",134
"2019-08-23 06:42:32",134
"2019-08-23 07:42:31",134
"2019-08-23 08:42:33",134
"2019-08-23 09:42:30",134
"2019-08-23 10:42:36",134
"2019-08-23 11:42:30",134
"2019-08-23 12:42:34",134
"2019-08-23 13:42:33",134
"2019-08-23 14:42:32",134
"2019-08-23 15:42:33",134
"2019-08-23 16:42:35",134
"2019-08-23 17:42:30",133
"2019-08-23 18:42:33",133
"2019-08-23 19:42:33",133
"2019-08-23 20:42:30",133
"2019-08-23 21:42:32",133
"2019-08-23 22:43:10",133
"2019-08-23 23:42:31",133
"2019-08-24 00:42:31",133
"2019-08-24 01:42:31",133
"2019-08-24 02:42:51",133
"2019-08-24 03:42:31",133
"2019-08-24 04:42:30",133
"2019-08-24 05:42:34",133
"2019-08-24 06:42:33",133
"2019-08-24 07:42:36",133
"2019-08-24 08:42:33",133
"2019-08-24 09:42:33",133
"2019-08-24 10:42:32",133
"2019-08-24 11:42:31",133
"2019-08-24 12:42:34",133
"2019-08-24 13:42:31",133
"2019-08-24 14:42:32",133
"2019-08-24 15:42:33",133
"2019-08-24 16:42:40",133
"2019-08-24 17:42:32",133
"2019-08-24 18:42:35",133
"2019-08-24 19:42:32",133
"2019-08-24 20:42:32",133
"2019-08-24 21:42:32",133
"2019-08-24 22:42:32",133
"2019-08-24 23:42:31",133
"2019-08-25 00:42:30",133
"2019-08-25 01:42:35",133
"2019-08-25 02:42:43",133
"2019-08-25 03:42:31",133
"2019-08-25 04:42:31",133
"2019-08-25 05:42:31",133
"2019-08-25 06:42:32",133
"2019-08-25 07:42:32",133
"2019-08-25 08:42:34",133
"2019-08-25 09:42:30",133
"2019-08-25 10:42:32",133
"2019-08-25 11:42:34",133
"2019-08-25 12:42:32",133
"2019-08-25 13:42:31",133
"2019-08-25 14:42:32",133
"2019-08-25 15:42:33",133
"2019-08-25 16:42:36",133
"2019-08-25 17:42:30",133
"2019-08-25 18:42:30",133
"2019-08-25 19:42:33",133
"2019-08-25 20:42:32",133
"2019-08-25 21:42:32",133
"2019-08-25 22:42:31",133
"2019-08-25 23:42:32",133
"2019-08-26 00:42:31",133
"2019-08-26 01:42:29",133
"2019-08-26 02:42:36",133
"2019-08-26 03:42:30",133
"2019-08-26 04:42:31",133
"2019-08-26 05:42:33",133
"2019-08-26 06:42:30",133
"2019-08-26 07:42:32",133
"2019-08-26 08:42:30",133
"2019-08-26 09:42:30",133
"2019-08-26 10:42:32",133
"2019-08-26 11:42:29",133
"2019-08-26 12:42:33",133
"2019-08-26 13:42:31",133
"2019-08-26 14:42:31",132
"2019-08-26 15:42:32",131
"2019-08-26 16:42:36",131
"2019-08-26 17:42:30",131
"2019-08-26 18:42:30",131
"2019-08-26 19:42:33",131
"2019-08-26 20:42:31",131
"2019-08-26 21:42:32",131
"2019-08-26 22:42:29",131
"2019-08-26 23:42:30",131
"2019-08-27 00:42:32",131
"2019-08-27 01:42:31",131
"2019-08-27 02:42:36",131
"2019-08-27 03:42:30",131
"2019-08-27 04:42:30",131
"2019-08-27 05:42:35",131
"2019-08-27 06:42:33",131
"2019-08-27 07:42:30",131
"2019-08-27 08:42:34",131
"2019-08-27 09:42:30",131
"2019-08-27 10:42:29",131
"2019-08-27 11:42:34",131
"2019-08-27 12:42:33",131
"2019-08-27 13:42:46",131
"2019-08-27 14:42:30",130
"2019-08-27 15:42:33",130
"2019-08-27 16:42:35",130
"2019-08-27 17:42:30",131
"2019-08-27 18:42:31",131
"2019-08-27 19:42:33",131
"2019-08-27 20:42:31",132
"2019-08-27 21:42:32",132
"2019-08-27 22:42:32",132
"2019-08-27 23:42:33",132
"2019-08-28 00:42:36",132
"2019-08-28 01:42:33",132
"2019-08-28 02:42:38",132
"2019-08-28 03:42:40",132
"2019-08-28 04:42:33",132
"2019-08-28 05:42:33",132
"2019-08-28 06:42:33",132
"2019-08-28 07:42:35",132
"2019-08-28 08:42:30",132
"2019-08-28 09:42:33",132
"2019-08-28 10:42:33",132
"2019-08-28 11:42:34",132
"2019-08-28 12:42:32",132
"2019-08-28 13:42:31",132
"2019-08-28 14:42:30",132
"2019-08-28 15:42:29",132
"2019-08-28 16:42:44",132
"2019-08-28 17:42:31",132
"2019-08-28 18:42:32",132
"2019-08-28 19:42:32",132
"2019-08-28 20:42:33",132
"2019-08-28 21:42:32",132
"2019-08-28 22:42:32",132
"2019-08-28 23:42:35",132
"2019-08-29 00:42:30",132
"2019-08-29 01:42:33",132
"2019-08-29 02:42:34",132
"2019-08-29 03:42:31",132
"2019-08-29 04:42:30",132
"2019-08-29 05:42:42",132
"2019-08-29 06:42:28",132
"2019-08-29 07:42:32",132
"2019-08-29 08:42:31",132
"2019-08-29 09:42:32",132
"2019-08-29 10:42:28",132
"2019-08-29 11:42:28",132
"2019-08-29 12:42:33",132
"2019-08-29 13:42:32",132
"2019-08-29 14:42:30",132
"2019-08-29 15:42:30",132
"2019-08-29 16:42:36",132
"2019-08-29 17:42:30",132
"2019-08-29 18:42:30",132
"2019-08-29 19:42:28",132
"2019-08-29 20:42:31",132
"2019-08-29 21:42:30",132
"2019-08-29 22:42:29",132
"2019-08-29 23:42:30",132
"2019-08-30 00:42:32",132
"2019-08-30 01:42:35",132
"2019-08-30 02:42:31",132
"2019-08-30 03:42:32",132
"2019-08-30 04:42:30",132
"2019-08-30 05:42:38",132
"2019-08-30 06:42:28",132
"2019-08-30 07:42:28",132
"2019-08-30 08:42:27",132
"2019-08-30 09:42:28",132
"2019-08-30 10:42:27",132
"2019-08-30 11:42:26",132
"2019-08-30 12:42:30",132
"2019-08-30 13:42:29",132
"2019-08-30 14:42:29",132
"2019-08-30 15:42:29",132
"2019-08-30 16:42:31",132
"2019-08-30 17:42:30",132
"2019-08-30 18:42:28",132
"2019-08-30 19:42:27",132
"2019-08-30 20:42:43",133
"2019-08-30 21:42:39",133
"2019-08-30 22:42:41",133
"2019-08-30 23:42:40",133
"2019-08-31 00:42:39",133
"2019-08-31 01:42:41",133
"2019-08-31 02:42:39",133
"2019-08-31 03:42:40",133
"2019-08-31 04:42:39",133
"2019-08-31 23:42:52",133
"2019-09-01 00:42:42",133
"2019-09-01 01:42:39",133
"2019-09-01 02:42:41",133
"2019-09-01 03:42:40",133
"2019-09-01 04:42:40",133
"2019-09-01 05:42:40",133
"2019-09-01 06:42:39",133
"2019-09-01 07:42:38",133
"2019-09-01 08:42:40",133
"2019-09-01 09:42:39",133
"2019-09-01 10:42:39",133
"2019-09-01 11:42:38",133
"2019-09-01 12:42:41",133
"2019-09-01 13:42:39",133
"2019-09-01 14:42:40",133
"2019-09-01 15:42:39",133
"2019-09-01 16:42:45",133
"2019-09-01 17:42:42",133
"2019-09-01 18:42:40",133
"2019-09-01 19:42:38",133
"2019-09-01 20:42:39",133
"2019-09-01 21:42:39",133
"2019-09-01 22:42:41",133
"2019-09-01 23:42:40",133
"2019-09-02 00:42:39",133
"2019-09-02 01:42:37",133
"2019-09-02 02:42:38",133
"2019-09-02 03:42:40",133
"2019-09-02 04:42:41",133
"2019-09-02 05:42:48",133
"2019-09-02 06:42:41",133
"2019-09-02 07:42:42",133
"2019-09-02 08:42:40",133
"2019-09-02 09:42:42",133
"2019-09-02 10:42:46",133
"2019-09-02 11:42:41",133
"2019-09-02 12:42:38",133
"2019-09-02 13:42:40",133
"2019-09-02 14:42:39",133
"2019-09-02 15:42:39",133
"2019-09-02 16:42:48",133
"2019-09-02 17:42:39",133
"2019-09-02 18:42:41",133
"2019-09-02 19:42:39",133
"2019-09-02 20:42:39",133
"2019-09-02 21:42:40",133
"2019-09-02 22:42:41",133
"2019-09-02 23:42:40",133
"2019-09-03 00:42:40",133
"2019-09-03 01:42:42",133
"2019-09-03 02:42:42",133
"2019-09-03 03:42:39",133
"2019-09-03 04:42:37",133
"2019-09-03 05:42:45",133
"2019-09-03 06:42:41",133
"2019-09-03 07:42:38",133
"2019-09-03 08:42:45",133
"2019-09-03 09:42:38",133
"2019-09-03 10:42:43",133
"2019-09-03 11:42:38",133
"2019-09-03 13:06:48",133
"2019-09-03 13:42:46",133
"2019-09-03 14:42:41",133
"2019-09-03 15:42:40",133
"2019-09-03 16:42:44",133
"2019-09-03 17:42:41",133
"2019-09-03 18:42:39",133
"2019-09-03 19:42:38",133
"2019-09-03 20:42:40",133
"2019-09-03 21:42:39",133
"2019-09-03 22:42:44",133
"2019-09-03 23:42:40",133
"2019-09-04 00:42:42",133
"2019-09-04 01:42:41",133
"2019-09-04 02:42:40",133
"2019-09-04 03:42:39",133
"2019-09-04 04:42:38",133
"2019-09-04 05:42:47",133
"2019-09-04 06:42:41",133
"2019-09-04 07:42:40",133
"2019-09-04 08:42:40",133
"2019-09-04 09:42:40",133
"2019-09-04 10:42:40",133
"2019-09-04 11:42:39",133
"2019-09-04 13:05:46",133
"2019-09-04 13:42:40",133
"2019-09-04 14:42:40",133
"2019-09-04 15:42:40",133
"2019-09-04 16:42:47",133
"2019-09-04 17:42:39",133
"2019-09-04 18:42:41",134
"2019-09-04 19:42:40",133
"2019-09-04 20:42:40",133
"2019-09-04 21:42:38",133
"2019-09-04 22:42:39",133
"2019-09-04 23:42:42",133
"2019-09-05 01:42:40",133
"2019-09-05 02:42:45",133
"2019-09-05 03:42:38",133
"2019-09-05 04:42:40",133
"2019-09-05 05:42:47",133
"2019-09-05 06:42:38",133
"2019-09-05 07:42:43",133
"2019-09-05 08:42:40",133
"2019-09-05 09:42:38",133
"2019-09-05 10:42:46",133
"2019-09-05 11:42:39",133
"2019-09-05 13:06:43",133
"2019-09-05 13:42:40",133
"2019-09-05 14:42:43",133
"2019-09-05 15:42:40",132
"2019-09-05 16:42:51",132
"2019-09-05 17:42:41",132
"2019-09-05 18:42:39",132
"2019-09-05 19:42:38",131
"2019-09-05 20:42:41",131
"2019-09-05 21:42:40",131
"2019-09-05 22:42:41",131
"2019-09-05 23:42:42",131
"2019-09-06 00:42:41",131
"2019-09-06 01:42:41",131
"2019-09-06 02:42:40",131
"2019-09-06 03:42:38",131
"2019-09-06 04:42:39",131
"2019-09-06 05:42:51",131
"2019-09-06 06:42:40",131
"2019-09-06 07:42:42",131
"2019-09-06 08:42:39",131
"2019-09-06 09:42:40",131
"2019-09-06 10:42:40",131
"2019-09-06 11:42:52",131
"2019-09-06 13:05:44",131
"2019-09-06 13:42:41",131
"2019-09-06 14:42:38",132
"2019-09-06 15:42:38",132
"2019-09-06 16:42:50",132
"2019-09-06 17:42:40",132
"2019-09-06 18:42:42",132
"2019-09-06 19:42:39",132
"2019-09-06 20:42:40",132
"2019-09-06 21:42:40",132
"2019-09-06 22:42:40",132
"2019-09-06 23:42:39",132
"2019-09-07 00:42:39",132
"2019-09-07 01:42:41",132
"2019-09-07 02:42:41",132
"2019-09-07 03:42:41",132
"2019-09-07 04:42:40",132
"2019-09-07 05:43:02",132
"2019-09-07 06:42:40",132
"2019-09-07 07:42:38",132
"2019-09-07 08:42:38",132
"2019-09-07 09:42:39",132
"2019-09-07 10:42:42",132
"2019-09-07 11:42:39",132
"2019-09-07 12:42:38",132
"2019-09-07 13:42:41",132
"2019-09-07 14:42:41",132
"2019-09-07 15:42:40",132
"2019-09-07 16:42:40",132
"2019-09-07 17:42:40",132
"2019-09-07 18:42:39",132
"2019-09-07 19:42:38",132
"2019-09-07 20:42:39",132
"2019-09-07 22:42:38",132
"2019-09-07 23:42:41",132
"2019-09-08 00:42:41",132
"2019-09-08 01:42:42",132
"2019-09-08 02:42:44",132
"2019-09-08 03:42:41",132
"2019-09-08 04:42:40",132
"2019-09-08 05:42:42",132
"2019-09-08 06:42:40",132
"2019-09-08 07:42:38",132
"2019-09-08 08:42:40",132
"2019-09-08 09:42:38",132
"2019-09-08 10:42:42",132
"2019-09-08 11:42:39",132
"2019-09-08 12:42:39",132
"2019-09-08 13:42:41",132
"2019-09-08 14:42:40",132
"2019-09-08 15:42:39",132
"2019-09-08 16:42:46",132
"2019-09-08 17:42:40",132
"2019-09-08 18:42:39",132
"2019-09-08 19:42:45",132
"2019-09-08 20:42:42",132
"2019-09-08 21:42:40",132
"2019-09-08 22:42:38",132
"2019-09-08 23:42:39",132
"2019-09-09 00:42:39",132
"2019-09-09 01:42:39",132
"2019-09-09 02:42:41",132
"2019-09-09 03:42:40",132
"2019-09-09 04:42:39",132
"2019-09-09 05:42:49",132
"2019-09-09 06:42:39",132
"2019-09-09 07:42:39",132
"2019-09-09 08:42:40",132
"2019-09-09 09:42:38",132
"2019-09-09 10:42:39",132
"2019-09-09 11:42:40",132
"2019-09-09 13:05:45",132
"2019-09-09 13:42:43",132
"2019-09-09 14:42:46",132
"2019-09-09 15:42:41",131
"2019-09-09 16:42:51",130
"2019-09-09 17:42:39",130
"2019-09-09 18:42:40",130
"2019-09-09 19:42:40",130
"2019-09-09 20:42:39",130
"2019-09-09 21:42:40",130
"2019-09-09 22:42:38",130
"2019-09-09 23:42:39",130
"2019-09-10 00:42:40",130
"2019-09-10 01:42:40",130
"2019-09-10 02:42:43",130
"2019-09-10 03:42:41",130
"2019-09-10 04:42:41",130
"2019-09-10 05:42:42",130
"2019-09-10 06:42:40",130
"2019-09-10 07:42:38",130
"2019-09-10 08:42:41",130
"2019-09-10 09:42:50",130
"2019-09-10 10:42:40",130
"2019-09-10 11:42:39",130
"2019-09-10 12:42:41",130
"2019-09-10 13:42:40",130
"2019-09-10 14:42:39",130
"2019-09-10 15:42:39",130
"2019-09-10 16:42:44",130
"2019-09-10 17:42:40",130
"2019-09-10 18:42:39",130
"2019-09-10 19:42:46",130
"2019-09-10 20:42:38",130
"2019-09-10 21:42:40",130
"2019-09-10 22:42:39",130
"2019-09-10 23:42:40",130
"2019-09-11 00:42:39",130
"2019-09-11 01:42:40",130
"2019-09-11 02:42:38",130
"2019-09-11 03:42:38",130
"2019-09-11 04:42:39",130
"2019-09-11 05:42:45",130
"2019-09-11 06:42:41",130
"2019-09-11 07:42:38",130
"2019-09-11 08:42:39",130
"2019-09-11 09:42:42",130
"2019-09-11 10:42:50",130
"2019-09-11 11:42:45",130
"2019-09-11 12:42:40",130
"2019-09-11 13:42:42",130
"2019-09-11 14:42:40",130
"2019-09-11 15:42:39",131
"2019-09-11 16:42:41",131
"2019-09-11 17:42:38",131
"2019-09-11 18:42:39",131
"2019-09-11 19:42:40",131
"2019-09-11 20:42:39",131
"2019-09-11 21:42:45",131
"2019-09-11 22:42:39",131
"2019-09-11 23:42:39",131
"2019-09-12 00:42:40",131
"2019-09-12 01:42:39",131
"2019-09-12 02:42:46",131
"2019-09-12 03:42:40",131
"2019-09-12 04:42:38",131
"2019-09-12 05:42:49",131
"2019-09-12 06:42:40",131
"2019-09-12 07:42:39",131
"2019-09-12 08:42:38",131
"2019-09-12 09:42:38",131
"2019-09-12 10:42:50",131
"2019-09-12 11:42:41",131
"2019-09-12 13:06:46",131
"2019-09-12 13:42:41",131
"2019-09-12 14:42:43",132
"2019-09-12 15:42:42",132
"2019-09-12 16:42:41",132
"2019-09-12 17:42:39",132
"2019-09-12 18:42:39",132
"2019-09-12 19:42:39",132
"2019-09-12 20:42:38",132
"2019-09-12 21:42:37",132
"2019-09-12 22:42:39",132
"2019-09-12 23:42:39",132
"2019-09-13 00:42:38",132
"2019-09-13 01:42:41",132
"2019-09-13 02:42:39",132
"2019-09-13 03:42:40",132
"2019-09-13 04:42:38",132
"2019-09-13 05:42:39",132
"2019-09-13 06:42:40",132
"2019-09-13 07:42:38",132
"2019-09-13 08:42:39",132
"2019-09-13 09:42:39",132
"2019-09-13 10:42:39",132
"2019-09-13 11:42:38",132
"2019-09-13 13:06:41",132
"2019-09-13 14:07:43",132
"2019-09-13 14:42:39",132
"2019-09-13 15:42:39",131
"2019-09-13 16:42:39",131
"2019-09-13 17:42:38",131
"2019-09-13 18:42:38",131
"2019-09-13 19:42:39",131
"2019-09-13 20:42:36",131
"2019-09-13 21:42:41",131
"2019-09-13 22:42:37",131
"2019-09-13 23:42:38",131
"2019-09-14 00:42:41",131
"2019-09-14 01:42:36",131
"2019-09-14 02:42:39",131
"2019-09-14 03:42:39",131
"2019-09-14 04:42:36",131
"2019-09-14 05:42:38",131
"2019-09-14 06:42:38",131
"2019-09-14 07:42:38",131
"2019-09-14 08:42:38",131
"2019-09-14 09:42:36",131
"2019-09-14 10:42:39",131
"2019-09-14 11:42:35",131
"2019-09-14 12:42:38",131
"2019-09-14 13:42:36",131
"2019-09-14 14:42:38",131
"2019-09-14 15:42:36",131
"2019-09-14 16:42:39",131
"2019-09-14 17:42:38",131
"2019-09-14 18:42:36",131
"2019-09-14 19:42:36",131
"2019-09-14 20:42:36",131
"2019-09-14 21:42:40",131
"2019-09-14 22:42:37",131
"2019-09-14 23:42:38",131
"2019-09-15 00:42:39",131
"2019-09-15 01:42:36",131
"2019-09-15 02:42:40",131
"2019-09-15 03:42:40",131
"2019-09-15 04:42:38",131
"2019-09-15 05:42:36",131
"2019-09-15 06:42:41",131
"2019-09-15 07:42:39",131
"2019-09-15 08:42:40",131
"2019-09-15 09:42:37",131
"2019-09-15 10:42:38",131
"2019-09-15 11:42:38",131
"2019-09-15 12:42:40",131
"2019-09-15 13:42:39",131
"2019-09-15 14:42:37",131
"2019-09-15 15:42:36",131
"2019-09-15 16:42:40",131
"2019-09-15 17:42:35",131
"2019-09-15 18:42:37",131
"2019-09-15 19:42:37",131
"2019-09-15 20:42:36",131
"2019-09-15 21:42:39",131
"2019-09-15 22:42:37",131
"2019-09-15 23:42:36",131
"2019-09-16 00:42:39",131
"2019-09-16 01:42:38",131
"2019-09-16 02:42:39",131
"2019-09-16 03:42:40",131
"2019-09-16 04:42:37",131
"2019-09-16 05:42:39",131
"2019-09-16 06:42:40",131
"2019-09-16 07:42:37",131
"2019-09-16 08:42:39",131
"2019-09-16 09:42:39",131
"2019-09-16 10:42:38",131
"2019-09-16 11:42:35",131
"2019-09-16 13:06:13",131
"2019-09-16 13:42:39",131
"2019-09-16 14:42:42",131
"2019-09-16 15:42:40",130
"2019-09-16 16:42:42",130
"2019-09-16 17:42:39",130
"2019-09-16 18:42:40",130
"2019-09-16 19:42:46",130
"2019-09-16 20:42:43",130
"2019-09-16 21:42:41",130
"2019-09-16 22:42:42",130
"2019-09-16 23:42:41",130
"2019-09-17 00:42:40",130
"2019-09-17 01:42:38",130
"2019-09-17 02:42:40",130
"2019-09-17 03:42:42",130
"2019-09-17 04:42:39",130
"2019-09-17 05:42:39",130
"2019-09-17 06:42:37",130
"2019-09-17 07:42:40",130
"2019-09-17 08:42:38",130
"2019-09-17 09:42:42",130
"2019-09-17 10:42:41",130
"2019-09-17 11:42:39",130
"2019-09-17 12:42:39",130
"2019-09-17 13:42:41",130
"2019-09-17 14:42:40",132
"2019-09-17 15:42:40",131
"2019-09-17 16:42:42",131
"2019-09-17 17:42:38",131
"2019-09-17 18:42:40",132
"2019-09-17 19:42:39",132
"2019-09-17 20:42:39",132
"2019-09-17 21:42:39",132
"2019-09-17 22:42:41",132
"2019-09-17 23:42:40",132
"2019-09-18 00:42:39",132
"2019-09-18 01:42:39",132
"2019-09-18 02:42:37",132
"2019-09-18 03:42:38",132
"2019-09-18 04:42:46",132
"2019-09-18 05:42:39",132
"2019-09-18 06:42:41",132
"2019-09-18 07:42:38",132
"2019-09-18 08:42:41",132
"2019-09-18 09:42:40",132
"2019-09-18 10:42:39",132
"2019-09-18 11:42:38",132
"2019-09-18 13:37:48",135
"2019-09-18 13:45:04",135
"2019-09-18 14:42:40",138
"2019-09-18 15:42:41",141
"2019-09-18 16:42:43",143
"2019-09-18 17:42:38",143
"2019-09-18 18:42:38",143
"2019-09-18 19:42:41",141
"2019-09-18 20:42:39",142
"2019-09-18 21:42:39",141
"2019-09-18 22:42:40",141
"2019-09-18 23:42:42",141
"2019-09-19 00:42:37",141
"2019-09-19 01:42:39",141
"2019-09-19 02:42:42",141
"2019-09-19 03:42:40",141
"2019-09-19 04:42:38",141
"2019-09-19 05:42:40",141
"2019-09-19 06:42:42",141
"2019-09-19 07:42:37",141
"2019-09-19 08:42:40",141
"2019-09-19 09:42:39",141
"2019-09-19 10:42:39",141
"2019-09-19 11:42:36",141
"2019-09-19 13:06:15",141
"2019-09-19 13:42:43",141
"2019-09-19 14:42:39",141
"2019-09-19 15:42:41",141
"2019-09-19 16:42:45",140
"2019-09-19 17:42:41",140
"2019-09-19 18:42:41",139
"2019-09-19 19:42:38",139
"2019-09-19 20:42:42",139
"2019-09-19 21:42:39",139
"2019-09-19 22:42:42",139
"2019-09-19 23:42:39",139
"2019-09-20 00:42:42",139
"2019-09-20 01:42:46",139
"2019-09-20 02:42:38",139
"2019-09-20 03:42:41",139
"2019-09-20 04:42:40",139
"2019-09-20 05:42:43",139
"2019-09-20 06:42:40",139
"2019-09-20 07:42:40",139
"2019-09-20 08:42:42",139
"2019-09-20 09:42:38",139
"2019-09-20 10:42:38",139
"2019-09-20 11:42:41",139
"2019-09-20 12:42:42",139
"2019-09-20 13:42:37",139
"2019-09-20 14:42:40",138
"2019-09-20 15:42:41",138
"2019-09-20 16:42:40",138
"2019-09-20 17:42:44",139
"2019-09-20 18:42:38",139
"2019-09-20 19:42:42",139
"2019-09-20 20:42:37",137
"2019-09-20 21:42:39",138
"2019-09-20 22:42:41",138
"2019-09-20 23:42:37",138
"2019-09-21 00:42:37",138
"2019-09-21 01:42:37",138
"2019-09-21 02:42:40",138
"2019-09-21 03:42:42",138
"2019-09-21 04:42:36",138
"2019-09-21 05:42:40",138
"2019-09-21 06:42:40",138
"2019-09-21 07:42:37",138
"2019-09-21 08:42:37",138
"2019-09-21 09:42:39",138
"2019-09-21 10:42:37",138
"2019-09-21 11:42:38",138
"2019-09-21 12:42:40",138
"2019-09-21 13:42:40",138
"2019-09-21 14:42:38",138
"2019-09-21 15:42:37",138
"2019-09-21 16:42:41",138
"2019-09-21 17:42:38",138
"2019-09-21 18:42:38",138
"2019-09-21 19:42:38",138
"2019-09-21 20:42:37",138
"2019-09-21 21:42:38",138
"2019-09-21 22:42:38",138
"2019-09-21 23:42:39",138
"2019-09-22 00:42:37",138
"2019-09-22 01:42:38",138
"2019-09-22 02:42:39",138
"2019-09-22 03:42:38",138
"2019-09-22 04:42:40",138
"2019-09-22 05:42:38",138
"2019-09-22 06:42:40",138
"2019-09-22 07:42:41",138
"2019-09-22 08:42:38",138
"2019-09-22 09:42:40",138
"2019-09-22 10:42:38",138
"2019-09-22 11:42:37",138
"2019-09-22 12:42:39",138
"2019-09-22 13:42:37",138
"2019-09-22 14:42:41",138
"2019-09-22 15:42:37",138
"2019-09-22 16:42:41",138
"2019-09-22 17:42:38",138
"2019-09-22 18:42:38",138
"2019-09-22 19:42:40",138
"2019-09-22 20:42:37",138
"2019-09-22 21:42:38",138
"2019-09-22 22:42:37",138
"2019-09-22 23:42:38",138
"2019-09-23 00:42:40",138
"2019-09-23 01:42:37",138
"2019-09-23 02:42:37",138
"2019-09-23 03:42:40",138
"2019-09-23 04:42:38",138
"2019-09-23 05:42:36",138
"2019-09-23 06:42:39",138
"2019-09-23 07:42:37",138
"2019-09-23 08:42:40",138
"2019-09-23 09:42:38",138
"2019-09-23 10:42:38",138
"2019-09-23 11:42:41",138
"2019-09-23 12:42:40",138
"2019-09-23 13:42:38",138
"2019-09-23 14:42:41",144
"2019-09-23 15:42:37",145
"2019-09-23 16:42:40",145
"2019-09-23 17:42:38",145
"2019-09-23 18:42:41",146
"2019-09-23 19:42:38",148
"2019-09-23 20:42:38",149
"2019-09-23 21:42:39",149
"2019-09-23 22:42:39",149
"2019-09-23 23:42:36",149
"2019-09-24 00:42:39",149
"2019-09-24 01:42:38",149
"2019-09-24 02:46:15",149
"2019-09-24 03:42:40",149
"2019-09-24 04:42:38",149
"2019-09-24 05:42:43",149
"2019-09-24 06:42:37",149
"2019-09-24 07:42:39",149
"2019-09-24 08:42:39",149
"2019-09-24 09:42:37",149
"2019-09-24 10:42:39",149
"2019-09-24 11:42:40",149
"2019-09-24 12:42:40",149
"2019-09-24 13:42:38",149
"2019-09-24 14:42:39",150
"2019-09-24 15:42:41",181
"2019-09-24 16:42:40",194
"2019-09-24 17:42:39",203
"2019-09-24 18:42:40",228
"2019-09-24 19:42:37",250
"2019-09-24 20:42:38",258
"2019-09-24 21:42:41",260
"2019-09-24 22:42:38",261
"2019-09-24 23:42:37",261
"2019-09-25 00:42:39",261
"2019-09-25 01:42:42",261
"2019-09-25 02:42:36",261
"2019-09-25 03:42:42",261
"2019-09-25 04:42:41",261
"2019-09-25 05:42:37",261
"2019-09-25 06:42:40",261
"2019-09-25 07:42:42",261
"2019-09-25 08:42:39",261
"2019-09-25 09:42:40",261
"2019-09-25 10:42:40",261
"2019-09-25 11:42:38",261
"2019-09-25 12:42:41",261
"2019-09-25 13:42:42",261
"2019-09-25 14:42:42",245
"2019-09-25 15:42:42",242
"2019-09-25 16:42:40",240
"2019-09-25 17:42:40",240
"2019-09-25 18:42:40",239
"2019-09-25 19:42:42",241
"2019-09-25 20:42:37",242
"2019-09-25 21:42:39",246
"2019-09-25 22:42:38",245
"2019-09-25 23:42:42",245
"2019-09-26 00:42:39",245
"2019-09-26 01:42:39",245
"2019-09-26 02:42:42",245
"2019-09-26 03:42:39",245
"2019-09-26 04:42:43",245
"2019-09-26 05:42:40",245
"2019-09-26 06:42:40",245
"2019-09-26 07:42:37",245
"2019-09-26 08:42:40",245
"2019-09-26 09:42:40",245
"2019-09-26 10:42:38",245
"2019-09-26 11:42:38",245
"2019-09-26 13:05:45",246
"2019-09-26 13:42:45",246
"2019-09-26 14:42:40",257
"2019-09-26 15:42:42",260
"2019-09-26 16:42:42",261
"2019-09-26 17:42:42",258
"2019-09-26 18:42:44",258
"2019-09-26 19:42:41",258
"2019-09-26 20:42:38",258
"2019-09-26 21:42:42",258
"2019-09-26 22:42:41",258
"2019-09-26 23:42:40",258
"2019-09-27 00:42:40",258
"2019-09-27 01:42:37",258
"2019-09-27 02:42:46",258
"2019-09-27 03:42:40",258
"2019-09-27 04:42:39",258
"2019-09-27 05:42:40",258
"2019-09-27 06:42:40",258
"2019-09-27 07:42:43",258
"2019-09-27 08:42:39",258
"2019-09-27 09:42:39",258
"2019-09-27 10:42:41",258
"2019-09-27 11:42:39",258
"2019-09-27 13:06:45",257
"2019-09-27 13:42:43",257
"2019-09-27 14:42:41",247
"2019-09-27 15:42:41",247
"2019-09-27 16:42:41",246
"2019-09-27 17:42:40",246
"2019-09-27 18:42:37",245
"2019-09-27 19:42:41",245
"2019-09-27 20:42:36",244
"2019-09-27 21:42:38",244
"2019-09-27 22:42:43",243
"2019-09-27 23:42:39",243
"2019-09-28 00:42:38",243
"2019-09-28 01:42:41",243
"2019-09-28 02:42:40",243
"2019-09-28 03:42:40",243
"2019-09-28 04:42:40",243
"2019-09-28 05:42:42",243
"2019-09-28 06:42:37",243
"2019-09-28 07:42:41",243
"2019-09-28 08:42:39",243
"2019-09-28 09:42:40",243
"2019-09-28 10:42:36",243
"2019-09-28 11:42:39",243
"2019-09-28 12:42:40",243
"2019-09-28 13:42:42",243
"2019-09-28 14:42:38",243
"2019-09-28 15:42:37",243
"2019-09-28 16:42:42",243
"2019-09-28 17:42:40",243
"2019-09-28 18:42:37",243
"2019-09-28 19:42:38",243
"2019-09-28 20:42:40",243
"2019-09-28 21:42:38",243
"2019-09-28 22:42:39",243
"2019-09-28 23:42:37",243
"2019-09-29 00:42:38",243
"2019-09-29 01:42:40",243
"2019-09-29 02:42:40",243
"2019-09-29 03:42:40",243
"2019-09-29 04:42:38",243
"2019-09-29 05:42:40",243
"2019-09-29 06:42:37",243
"2019-09-29 07:42:39",243
"2019-09-29 08:42:38",243
"2019-09-29 09:42:39",243
"2019-09-29 10:42:37",243
"2019-09-29 11:42:39",243
"2019-09-29 12:42:38",243
"2019-09-29 13:42:38",243
"2019-09-29 14:42:39",243
"2019-09-29 15:42:37",243
"2019-09-29 16:42:40",243
"2019-09-29 17:42:43",243
"2019-09-29 18:42:38",243
"2019-09-29 19:42:43",243
"2019-09-29 20:42:41",243
"2019-09-29 21:42:38",243
"2019-09-29 22:42:39",243
"2019-09-29 23:42:41",243
"2019-09-30 00:42:36",243
"2019-09-30 01:42:40",243
"2019-09-30 02:42:37",243
"2019-09-30 03:42:40",243
"2019-09-30 04:42:38",243
"2019-09-30 05:42:39",243
"2019-09-30 06:42:38",243
"2019-09-30 07:42:42",243
"2019-09-30 08:42:39",243
"2019-09-30 09:42:39",243
"2019-09-30 10:42:37",243
"2019-09-30 11:42:38",243
"2019-09-30 12:42:41",243
"2019-09-30 13:42:38",243
"2019-09-30 14:42:43",242
"2019-09-30 15:42:40",243
"2019-09-30 16:42:46",245
"2019-09-30 17:42:40",248
"2019-09-30 18:42:43",249
"2019-09-30 19:42:39",249
"2019-09-30 20:42:38",250
"2019-09-30 21:42:40",250
"2019-09-30 22:42:38",250
"2019-09-30 23:42:41",250
"2019-10-01 00:42:39",250
"2019-10-01 01:42:38",250
"2019-10-01 02:42:39",250
"2019-10-01 03:42:40",250
"2019-10-01 04:42:37",250
"2019-10-01 05:42:38",250
"2019-10-01 06:42:39",250
"2019-10-01 07:42:41",250
"2019-10-01 08:42:38",250
"2019-10-01 09:42:43",250
"2019-10-01 10:42:39",250
"2019-10-01 11:42:38",250
"2019-10-01 13:05:44",250
"2019-10-01 13:42:41",250
"2019-10-01 14:42:39",247
"2019-10-01 15:42:39",246
"2019-10-01 16:42:42",243
"2019-10-01 17:42:37",244
"2019-10-01 18:42:40",243
"2019-10-01 19:42:40",245
"2019-10-01 20:42:38",245
"2019-10-01 21:42:39",245
"2019-10-01 22:42:40",245
"2019-10-01 23:42:39",245
"2019-10-02 00:42:50",245
"2019-10-02 01:42:39",245
"2019-10-02 02:42:38",245
"2019-10-02 03:42:39",245
"2019-10-02 04:42:42",245
"2019-10-02 05:42:41",245
"2019-10-02 06:42:38",245
"2019-10-02 07:42:38",245
"2019-10-02 08:42:38",245
"2019-10-02 09:42:41",245
"2019-10-02 10:42:37",245
"2019-10-02 11:42:37",245
"2019-10-02 13:06:14",245
"2019-10-02 13:42:39",245
"2019-10-02 14:42:39",244
"2019-10-02 15:42:40",243
"2019-10-02 16:42:37",243
"2019-10-02 17:42:38",242
"2019-10-02 18:42:39",241
"2019-10-02 19:42:39",239
"2019-10-02 20:42:39",239
"2019-10-02 21:42:39",239
"2019-10-02 22:42:41",239
"2019-10-02 23:42:37",239
"2019-10-03 00:42:37",239
"2019-10-03 01:42:38",239
"2019-10-03 02:42:38",239
"2019-10-03 03:42:38",239
"2019-10-03 04:42:39",239
"2019-10-03 06:42:38",239
"2019-10-03 07:42:39",239
"2019-10-03 08:42:39",239
"2019-10-03 09:42:38",239
"2019-10-03 10:42:41",239
"2019-10-03 11:42:37",239
"2019-10-03 13:06:10",239
"2019-10-03 13:43:22",239
"2019-10-03 14:42:41",239
"2019-10-03 15:42:37",238
"2019-10-03 16:42:38",238
"2019-10-03 17:42:39",237
"2019-10-03 18:42:39",238
"2019-10-03 19:42:39",237
"2019-10-03 20:42:38",239
"2019-10-03 21:42:38",239
"2019-10-03 22:42:38",239
"2019-10-03 23:42:40",239
"2019-10-04 00:42:38",239
"2019-10-04 01:42:38",239
"2019-10-04 02:42:37",239
"2019-10-04 03:42:38",239
"2019-10-04 04:42:38",239
"2019-10-04 05:42:42",239
"2019-10-04 06:42:40",239
"2019-10-04 07:42:38",239
"2019-10-04 08:42:39",239
"2019-10-04 09:42:38",239
"2019-10-04 10:42:40",239
"2019-10-04 11:42:38",239
"2019-10-04 12:42:38",239
"2019-10-04 13:42:41",239
"2019-10-04 14:42:37",238
"2019-10-04 15:42:38",238
"2019-10-04 16:42:41",239
"2019-10-04 17:42:38",238
"2019-10-04 18:42:39",239
"2019-10-04 19:42:38",239
"2019-10-04 20:42:38",239
"2019-10-04 21:42:39",239
"2019-10-04 22:42:37",239
"2019-10-04 23:42:37",239
"2019-10-05 00:42:40",239
"2019-10-05 01:42:38",239
"2019-10-05 02:42:37",239
"2019-10-05 03:42:37",239
"2019-10-05 04:42:37",239
"2019-10-05 05:42:42",239
"2019-10-05 06:42:37",239
"2019-10-05 07:42:38",239
"2019-10-05 08:42:40",239
"2019-10-05 09:42:37",239
"2019-10-05 10:42:37",239
"2019-10-05 11:42:38",239
"2019-10-05 12:42:38",239
"2019-10-05 13:42:39",239
"2019-10-05 14:42:38",239
"2019-10-05 15:42:37",239
"2019-10-05 16:42:39",239
"2019-10-05 17:42:42",239
"2019-10-05 18:42:38",239
"2019-10-05 19:42:37",239
"2019-10-05 20:42:40",239
"2019-10-05 21:42:38",239
"2019-10-05 22:42:38",239
"2019-10-05 23:42:39",239
"2019-10-06 00:42:38",239
"2019-10-06 01:42:39",239
"2019-10-06 02:42:43",239
"2019-10-06 03:42:40",239
"2019-10-06 04:42:38",239
"2019-10-06 05:42:38",239
"2019-10-06 06:42:42",239
"2019-10-06 07:42:39",239
"2019-10-06 08:42:41",239
"2019-10-06 09:42:39",239
"2019-10-06 10:42:38",239
"2019-10-06 11:42:39",239
"2019-10-06 12:42:39",239
"2019-10-06 13:42:37",239
"2019-10-06 14:42:39",239
"2019-10-06 15:42:37",239
"2019-10-06 16:42:38",239
"2019-10-06 17:42:38",239
"2019-10-06 18:42:41",239
"2019-10-06 19:42:40",239
"2019-10-06 20:42:37",239
"2019-10-06 21:42:37",239
"2019-10-06 22:42:37",239
"2019-10-06 23:42:37",239
"2019-10-07 00:42:38",239
"2019-10-07 01:42:39",239
"2019-10-07 02:42:40",239
"2019-10-07 03:42:38",239
"2019-10-07 04:42:38",239
"2019-10-07 05:42:38",239
"2019-10-07 06:42:39",239
"2019-10-07 07:42:38",239
"2019-10-07 08:42:38",239
"2019-10-07 09:42:43",239
"2019-10-07 10:42:38",239
"2019-10-07 11:42:38",239
"2019-10-07 12:42:44",239
"2019-10-07 13:42:40",239
"2019-10-07 14:42:38",242
"2019-10-07 15:42:38",246
"2019-10-07 16:42:40",246
"2019-10-07 17:42:38",247
"2019-10-07 18:42:38",247
"2019-10-07 19:42:40",246
"2019-10-07 20:42:37",246
"2019-10-07 21:42:37",246
"2019-10-07 22:42:37",246
"2019-10-07 23:42:41",246
"2019-10-08 00:42:37",246
"2019-10-08 01:42:37",246
"2019-10-08 02:42:37",246
"2019-10-08 03:42:40",246
"2019-10-08 04:42:38",246
"2019-10-08 05:42:38",246
"2019-10-08 06:42:39",246
"2019-10-08 07:42:38",246
"2019-10-08 08:42:38",246
"2019-10-08 09:42:39",246
"2019-10-08 10:42:40",246
"2019-10-08 11:42:37",246
"2019-10-08 12:42:37",246
"2019-10-08 13:42:39",246
"2019-10-08 14:42:37",248
"2019-10-08 15:42:38",249
"2019-10-08 16:42:41",250
"2019-10-08 17:42:40",250
"2019-10-08 18:42:40",249
"2019-10-08 19:42:40",247
"2019-10-08 20:42:38",246
"2019-10-08 21:42:38",246
"2019-10-08 22:42:39",246
"2019-10-08 23:42:38",246
"2019-10-09 00:42:38",246
"2019-10-09 01:42:39",246
"2019-10-09 02:42:39",246
"2019-10-09 03:42:37",246
"2019-10-09 04:42:40",246
"2019-10-09 05:42:38",246
"2019-10-09 06:42:38",246
"2019-10-09 07:42:42",246
"2019-10-09 08:42:39",246
"2019-10-09 09:42:37",246
"2019-10-09 10:42:39",246
"2019-10-09 11:42:37",246
"2019-10-09 12:42:43",246
"2019-10-09 13:42:39",246
"2019-10-09 14:42:39",246
"2019-10-09 15:42:44",245
"2019-10-09 16:42:39",245
"2019-10-09 17:42:45",245
"2019-10-09 18:42:41",246
"2019-10-09 19:42:42",246
"2019-10-09 20:42:39",247
"2019-10-09 21:42:37",247
"2019-10-09 22:42:39",247
"2019-10-09 23:42:39",247
"2019-10-10 00:42:40",247
"2019-10-10 01:42:38",247
"2019-10-10 02:42:40",247
"2019-10-10 03:42:38",247
"2019-10-10 04:42:38",247
"2019-10-10 05:42:43",247
"2019-10-10 06:42:39",247
"2019-10-10 07:42:41",247
"2019-10-10 08:42:39",247
"2019-10-10 09:42:38",247
"2019-10-10 10:42:38",247
"2019-10-10 11:42:39",247
"2019-10-10 13:05:46",247
"2019-10-10 13:42:41",247
"2019-10-10 14:42:40",247
"2019-10-10 15:42:40",246
"2019-10-10 16:42:40",246
"2019-10-10 17:42:40",245
"2019-10-10 18:42:39",245
"2019-10-10 19:42:40",245
"2019-10-10 20:42:40",246
"2019-10-10 21:42:41",246
"2019-10-10 22:42:40",246
"2019-10-10 23:42:52",246
"2019-10-11 00:42:40",246
"2019-10-11 01:42:40",246
"2019-10-11 02:42:41",246
"2019-10-11 03:42:44",246
"2019-10-11 04:42:40",246
"2019-10-11 05:42:39",246
"2019-10-11 06:42:42",246
"2019-10-11 07:42:41",246
"2019-10-11 08:42:40",246
"2019-10-11 09:42:44",246
"2019-10-11 10:42:40",246
"2019-10-11 11:42:40",246
"2019-10-11 13:06:15",246
"2019-10-11 13:42:43",246
"2019-10-11 14:42:39",244
"2019-10-11 15:42:46",245
"2019-10-11 16:42:42",246
"2019-10-11 17:42:40",245
"2019-10-11 18:42:41",244
"2019-10-11 19:42:41",244
"2019-10-11 20:42:39",243
"2019-10-11 21:42:40",243
"2019-10-11 22:42:40",243
"2019-10-11 23:42:39",243
"2019-10-12 00:42:43",243
"2019-10-12 01:42:39",243
"2019-10-12 02:42:40",243
"2019-10-12 03:42:42",243
"2019-10-12 04:42:39",243
"2019-10-12 05:42:42",243
"2019-10-12 06:42:44",243
"2019-10-12 07:42:39",243
"2019-10-12 08:42:40",243
"2019-10-12 09:42:43",243
"2019-10-12 10:42:39",243
"2019-10-12 11:42:39",243
"2019-10-12 12:42:43",243
"2019-10-12 13:42:40",243
"2019-10-12 14:42:40",243
"2019-10-12 15:42:40",243
"2019-10-12 16:42:42",243
"2019-10-12 17:42:42",243
"2019-10-12 18:42:40",243
"2019-10-12 19:42:41",243
"2019-10-12 20:42:41",243
"2019-10-12 21:42:39",243
"2019-10-12 22:42:41",243
"2019-10-12 23:42:40",243
"2019-10-13 00:42:43",243
"2019-10-13 01:42:40",243
"2019-10-13 02:42:40",243
"2019-10-13 03:42:43",243
"2019-10-13 04:42:39",243
"2019-10-13 05:42:40",243
"2019-10-13 06:42:41",243
"2019-10-13 07:42:40",243
"2019-10-13 08:42:43",243
"2019-10-13 09:42:42",243
"2019-10-13 10:42:38",243
"2019-10-13 11:42:43",243
"2019-10-13 12:42:39",243
"2019-10-13 13:42:42",243
"2019-10-13 14:42:41",243
"2019-10-13 15:42:40",243
"2019-10-13 16:42:45",243
"2019-10-13 17:42:40",243
"2019-10-13 18:42:41",243
"2019-10-13 19:42:41",243
"2019-10-13 20:42:43",243
"2019-10-13 21:42:42",243
"2019-10-13 22:42:41",243
"2019-10-13 23:42:45",243
"2019-10-14 00:42:40",243
"2019-10-14 01:42:42",243
"2019-10-14 02:42:40",243
"2019-10-14 03:42:40",243
"2019-10-14 04:42:42",243
"2019-10-14 05:42:40",243
"2019-10-14 06:42:42",243
"2019-10-14 07:42:40",243
"2019-10-14 08:42:40",243
"2019-10-14 09:42:43",243
"2019-10-14 10:42:41",243
"2019-10-14 11:42:42",243
"2019-10-14 12:42:43",243
"2019-10-14 13:42:41",243
"2019-10-14 14:42:41",245
"2019-10-14 15:42:41",245
"2019-10-14 16:42:45",245
"2019-10-14 17:42:40",245
"2019-10-14 18:42:43",245
"2019-10-14 19:42:40",243
"2019-10-14 20:42:42",243
"2019-10-14 21:42:41",243
"2019-10-14 22:42:43",243
"2019-10-14 23:42:48",243
"2019-10-15 00:42:39",243
"2019-10-15 02:42:45",243
"2019-10-15 03:42:40",243
"2019-10-15 04:42:40",243
"2019-10-15 05:42:42",243
"2019-10-15 06:42:42",243
"2019-10-15 07:42:45",243
"2019-10-15 08:42:42",243
"2019-10-15 09:42:40",243
"2019-10-15 10:42:41",243
"2019-10-15 11:42:43",243
"2019-10-15 12:42:41",243
"2019-10-15 13:42:44",243
"2019-10-15 14:42:40",242
"2019-10-15 15:42:39",241
"2019-10-15 16:42:42",241
"2019-10-15 17:42:42",242
"2019-10-15 18:42:44",241
"2019-10-15 19:42:43",242
"2019-10-15 20:42:47",242
"2019-10-15 21:42:41",242
"2019-10-15 22:42:39",242
"2019-10-15 23:42:40",242
"2019-10-16 00:42:40",242
"2019-10-16 01:42:40",242
"2019-10-16 02:42:41",242
"2019-10-16 03:42:45",242
"2019-10-16 04:42:41",242
"2019-10-16 05:42:41",242
"2019-10-16 06:42:40",242
"2019-10-16 07:42:46",242
"2019-10-16 08:42:47",242
"2019-10-16 09:42:41",242
"2019-10-16 10:42:42",242
"2019-10-16 11:42:40",242
"2019-10-16 12:42:41",242
"2019-10-16 13:42:44",241
"2019-10-16 14:42:40",242
"2019-10-16 15:42:46",243
"2019-10-16 16:42:40",242
"2019-10-16 17:42:39",242
"2019-10-16 18:42:41",242
"2019-10-16 19:42:39",242
"2019-10-16 20:42:41",242
"2019-10-16 21:42:42",242
"2019-10-16 22:42:39",242
"2019-10-16 23:42:41",242
"2019-10-17 00:42:40",242
"2019-10-17 01:42:41",242
"2019-10-17 02:42:41",242
"2019-10-17 04:42:42",242
"2019-10-17 05:42:39",242
"2019-10-17 06:42:39",242
"2019-10-17 07:42:42",242
"2019-10-17 08:42:41",242
"2019-10-17 09:42:39",242
"2019-10-17 10:42:39",242
"2019-10-17 11:42:42",242
"2019-10-17 12:42:40",242
"2019-10-17 13:42:42",242
"2019-10-17 14:42:43",242
"2019-10-17 15:42:39",242
"2019-10-17 16:42:39",243
"2019-10-17 17:42:41",242
"2019-10-17 18:42:40",242
"2019-10-17 19:42:43",242
"2019-10-17 20:42:41",242
"2019-10-17 21:42:40",242
"2019-10-17 22:42:40",242
"2019-10-17 23:42:41",242
"2019-10-18 00:42:40",242
"2019-10-18 01:42:40",242
"2019-10-18 02:42:39",242
"2019-10-18 03:42:43",242
"2019-10-18 04:42:39",242
"2019-10-18 05:42:40",242
"2019-10-18 06:42:44",242
"2019-10-18 07:42:40",242
"2019-10-18 08:42:41",242
"2019-10-18 09:42:41",242
"2019-10-18 10:42:43",242
"2019-10-18 11:42:40",242
"2019-10-18 13:05:15",242
"2019-10-18 13:42:39",242
"2019-10-18 14:42:40",241
"2019-10-18 15:42:43",241
"2019-10-18 16:42:39",242
"2019-10-18 17:42:41",243
"2019-10-18 18:42:39",243
"2019-10-18 19:42:40",243
"2019-10-18 20:42:42",243
"2019-10-18 21:42:39",243
"2019-10-18 22:42:39",243
"2019-10-18 23:42:40",243
"2019-10-19 00:42:39",243
"2019-10-19 01:42:43",243
"2019-10-19 02:42:40",243
"2019-10-19 03:42:39",243
"2019-10-19 04:42:41",243
"2019-10-19 05:42:39",243
"2019-10-19 06:42:42",243
"2019-10-19 07:42:41",243
"2019-10-19 08:42:41",243
"2019-10-19 09:42:41",243
"2019-10-19 10:42:42",243
"2019-10-19 11:42:39",243
"2019-10-19 12:42:43",243
"2019-10-19 13:42:39",243
"2019-10-19 14:42:41",243
"2019-10-19 15:42:41",243
"2019-10-19 16:42:43",243
"2019-10-19 17:42:40",243
"2019-10-19 18:42:39",243
"2019-10-19 19:42:42",243
"2019-10-19 20:42:40",243
"2019-10-19 21:42:39",243
"2019-10-19 22:42:39",243
"2019-10-19 23:42:39",243
"2019-10-20 00:42:40",243
"2019-10-20 01:42:39",243
"2019-10-20 02:42:42",243
"2019-10-20 03:42:39",243
"2019-10-20 04:42:41",243
"2019-10-20 05:42:42",243
"2019-10-20 06:42:41",243
"2019-10-20 07:42:43",243
"2019-10-20 08:42:40",243
"2019-10-20 09:42:40",243
"2019-10-20 10:42:42",243
"2019-10-20 11:42:39",243
"2019-10-20 12:42:42",243
"2019-10-20 13:42:40",243
"2019-10-20 14:42:39",243
"2019-10-20 16:42:42",243
"2019-10-20 17:42:39",243
"2019-10-20 18:42:40",243
"2019-10-20 19:42:39",243
"2019-10-20 20:42:38",243
"2019-10-20 21:42:39",243
"2019-10-20 22:42:39",243
"2019-10-20 23:42:40",243
"2019-10-21 00:42:41",243
"2019-10-21 01:42:42",243
"2019-10-21 02:42:40",243
"2019-10-21 03:42:40",243
"2019-10-21 04:42:39",243
"2019-10-21 05:42:44",243
"2019-10-21 06:42:40",243
"2019-10-21 07:42:41",243
"2019-10-21 08:42:41",243
"2019-10-21 09:42:41",243
"2019-10-21 10:42:40",243
"2019-10-21 11:42:42",243
"2019-10-21 13:06:13",243
"2019-10-21 13:42:44",243
"2019-10-21 14:42:40",241
"2019-10-21 15:42:41",238
"2019-10-21 16:42:41",236
"2019-10-21 17:42:39",236
"2019-10-21 18:42:40",239
"2019-10-21 19:42:41",239
"2019-10-21 20:42:40",240
"2019-10-21 22:42:43",239
"2019-10-21 23:42:40",239
"2019-10-22 00:42:40",239
"2019-10-22 01:42:40",239
"2019-10-22 02:42:42",239
"2019-10-22 03:42:44",239
"2019-10-22 04:42:42",239
"2019-10-22 05:42:40",239
"2019-10-22 06:42:40",239
"2019-10-22 07:42:44",239
"2019-10-22 08:42:41",239
"2019-10-22 09:42:42",239
"2019-10-22 10:42:39",239
"2019-10-22 11:42:39",239
"2019-10-22 12:42:46",239
"2019-10-22 13:42:40",239
"2019-10-22 14:42:40",243
"2019-10-22 15:42:45",243
"2019-10-22 16:42:42",241
"2019-10-22 17:42:44",241
"2019-10-22 18:42:42",241
"2019-10-22 19:42:40",241
"2019-10-22 20:42:42",241
"2019-10-22 21:42:41",241
"2019-10-22 22:42:42",241
"2019-10-22 23:42:42",241
"2019-10-23 00:42:46",241
"2019-10-23 01:42:43",241
"2019-10-23 02:42:40",241
"2019-10-23 03:42:40",241
"2019-10-23 04:42:44",241
"2019-10-23 05:42:42",241
"2019-10-23 06:42:48",241
"2019-10-23 07:42:42",241
"2019-10-23 08:42:41",241
"2019-10-23 09:42:43",241
"2019-10-23 10:42:42",241
"2019-10-23 11:42:40",241
"2019-10-23 12:42:45",241
"2019-10-23 13:42:45",241
"2019-10-23 14:42:40",241
"2019-10-23 15:42:40",240
"2019-10-23 16:42:43",241
"2019-10-23 17:42:40",240
"2019-10-23 18:42:39",240
"2019-10-23 19:42:40",239
"2019-10-23 20:42:42",240
"2019-10-23 21:42:40",240
"2019-10-23 22:42:41",240
"2019-10-23 23:42:41",240
"2019-10-24 00:48:38",240
"2019-10-24 01:42:41",240
"2019-10-24 02:42:42",240
"2019-10-24 03:42:45",240
"2019-10-24 04:42:40",240
"2019-10-24 05:42:43",240
"2019-10-24 06:42:47",240
"2019-10-24 07:42:41",240
"2019-10-24 08:42:41",240
"2019-10-24 09:42:44",240
"2019-10-24 10:42:40",240
"2019-10-24 11:42:39",240
"2019-10-24 13:06:16",240
"2019-10-24 13:42:41",240
"2019-10-24 14:42:40",239
"2019-10-24 15:42:44",236
"2019-10-24 16:42:40",237
"2019-10-24 17:42:41",237
"2019-10-24 18:42:40",237
"2019-10-24 19:42:43",237
"2019-10-24 20:42:40",237
"2019-10-24 21:42:40",237
"2019-10-24 22:42:40",237
"2019-10-24 23:42:41",237
"2019-10-25 00:42:41",237
"2019-10-25 01:42:41",237
"2019-10-25 02:42:44",237
"2019-10-25 03:42:41",237
"2019-10-25 04:42:39",237
"2019-10-25 05:42:42",237
"2019-10-25 06:42:42",237
"2019-10-25 07:42:42",237
"2019-10-25 08:42:43",237
"2019-10-25 09:42:40",237
"2019-10-25 10:42:40",237
"2019-10-25 11:42:46",237
"2019-10-25 13:06:13",237
"2019-10-25 13:42:43",237
"2019-10-25 14:42:45",237
"2019-10-25 15:42:40",238
"2019-10-25 16:42:45",238
"2019-10-25 17:42:41",238
"2019-10-25 18:42:40",237
"2019-10-25 19:42:40",237
"2019-10-25 20:42:40",237
"2019-10-25 21:42:40",237
"2019-10-25 22:42:41",237
"2019-10-25 23:42:41",237
"2019-10-26 00:42:41",237
"2019-10-26 01:42:43",237
"2019-10-26 02:42:41",237
"2019-10-26 03:42:42",237
"2019-10-26 04:42:44",237
"2019-10-26 05:42:40",237
"2019-10-26 06:42:39",237
"2019-10-26 07:42:44",237
"2019-10-26 08:42:40",237
"2019-10-26 09:42:40",237
"2019-10-26 10:42:39",237
"2019-10-26 11:42:43",237
"2019-10-26 12:42:40",237
"2019-10-26 13:42:42",237
"2019-10-26 14:42:43",237
"2019-10-26 15:42:43",237
"2019-10-26 16:42:42",237
"2019-10-26 17:42:42",237
"2019-10-26 18:42:43",237
"2019-10-26 19:42:42",237
"2019-10-26 20:42:41",237
"2019-10-26 21:42:43",237
"2019-10-26 22:42:41",237
"2019-10-26 23:42:41",237
"2019-10-27 00:42:43",237
"2019-10-27 01:42:41",237
"2019-10-27 02:42:43",237
"2019-10-27 03:42:42",237
"2019-10-27 04:42:40",237
"2019-10-27 05:42:44",237
"2019-10-27 06:42:41",237
"2019-10-27 07:42:40",237
"2019-10-27 08:42:41",237
"2019-10-27 09:42:40",237
"2019-10-27 10:42:39",237
"2019-10-27 11:42:39",237
"2019-10-27 12:42:42",237
"2019-10-27 13:42:40",237
"2019-10-27 14:42:40",237
"2019-10-27 15:42:46",237
"2019-10-27 16:42:40",237
"2019-10-27 17:42:41",237
"2019-10-27 18:42:42",237
"2019-10-27 19:42:43",237
"2019-10-27 20:42:44",237
"2019-10-27 21:42:40",237
"2019-10-27 22:42:39",237
"2019-10-27 23:42:40",237
"2019-10-28 00:42:39",237
"2019-10-28 01:42:41",237
"2019-10-28 02:42:40",237
"2019-10-28 03:42:43",237
"2019-10-28 04:42:40",237
"2019-10-28 05:42:39",237
"2019-10-28 06:42:42",237
"2019-10-28 07:42:42",237
"2019-10-28 08:42:40",237
"2019-10-28 09:42:40",237
"2019-10-28 10:42:43",237
"2019-10-28 11:42:38",237
"2019-10-28 12:42:45",237
"2019-10-28 14:42:44",237
"2019-10-28 15:42:49",237
"2019-10-28 16:42:48",239
"2019-10-28 17:42:44",238
"2019-10-28 18:42:44",237
"2019-10-28 19:42:44",238
"2019-10-28 23:42:42",239
"2019-10-29 00:42:42",239
"2019-10-29 01:42:45",239
"2019-10-29 02:42:43",239
"2019-10-29 03:42:46",239
"2019-10-29 04:42:42",239
"2019-10-29 05:42:45",239
"2019-10-29 06:42:44",239
"2019-10-29 07:42:42",239
"2019-10-29 08:42:43",239
"2019-10-29 09:42:41",239
"2019-10-29 10:42:45",239
"2019-10-29 11:42:41",239
"2019-10-29 12:42:42",239
"2019-10-29 13:42:48",239
"2019-10-29 14:42:42",241
"2019-10-29 15:42:44",241
"2019-10-29 16:42:45",241
"2019-10-29 17:42:41",241
"2019-10-29 18:42:44",240
"2019-10-29 19:42:44",240
"2019-10-29 20:42:42",240
"2019-10-29 21:42:44",240
"2019-10-29 22:42:42",240
"2019-10-29 23:42:43",240
"2019-10-30 00:42:47",240
"2019-10-30 01:42:43",240
"2019-10-30 02:42:42",240
"2019-10-30 03:42:42",240
"2019-10-30 04:42:45",240
"2019-10-30 05:42:47",240
"2019-10-30 06:42:42",240
"2019-10-30 07:42:50",240
"2019-10-30 08:42:43",240
"2019-10-30 09:42:43",240
"2019-10-30 10:42:44",240
"2019-10-30 11:42:40",240
"2019-10-30 13:42:44",240
"2019-10-30 14:42:41",239
"2019-10-30 15:42:41",240
"2019-10-30 16:42:42",240
"2019-10-30 17:42:42",238
"2019-10-30 18:42:41",238
"2019-10-30 19:42:41",238
"2019-10-30 20:42:41",238
"2019-10-30 21:42:42",238
"2019-10-30 22:42:41",238
"2019-10-30 23:42:42",238
"2019-10-31 00:42:41",238
"2019-10-31 01:42:42",238
"2019-10-31 02:42:41",238
"2019-10-31 03:42:44",238
"2019-10-31 04:42:41",238
"2019-10-31 05:42:41",238
"2019-10-31 06:42:44",238
"2019-10-31 07:42:43",238
"2019-10-31 08:42:42",238
"2019-10-31 09:42:45",238
"2019-10-31 10:42:42",238
"2019-10-31 11:42:43",238
"2019-10-31 13:07:47",238
"2019-10-31 13:42:43",238
"2019-10-31 14:42:42",237
"2019-10-31 15:42:44",237
"2019-10-31 16:42:43",238
"2019-10-31 17:42:43",238
"2019-10-31 18:42:42",238
"2019-10-31 19:42:42",238
"2019-10-31 20:42:44",238
"2019-10-31 22:05:46",238
"2019-10-31 22:42:46",238
"2019-10-31 23:42:41",238
"2019-11-01 00:42:42",238
"2019-11-01 01:42:42",238
"2019-11-01 02:42:42",238
"2019-11-01 03:42:44",238
"2019-11-01 04:42:42",238
"2019-11-01 05:42:45",238
"2019-11-01 06:42:41",238
"2019-11-01 07:42:46",238
"2019-11-01 08:42:43",238
"2019-11-01 09:42:44",238
"2019-11-01 10:42:44",238
"2019-11-01 11:42:46",238
"2019-11-01 13:38:52",237
"2019-11-01 13:48:10",237
"2019-11-01 14:42:43",237
"2019-11-01 15:42:42",238
"2019-11-01 16:42:46",238
"2019-11-01 17:42:44",238
"2019-11-01 18:42:48",238
"2019-11-01 19:42:42",238
"2019-11-01 20:42:43",238
"2019-11-01 21:42:42",238
"2019-11-01 22:42:42",238
"2019-11-01 23:42:42",238
"2019-11-02 00:42:45",238
"2019-11-02 01:42:43",238
"2019-11-02 02:42:42",238
"2019-11-02 03:42:46",238
"2019-11-02 04:42:42",238
"2019-11-02 05:42:42",238
"2019-11-02 06:42:45",238
"2019-11-02 07:42:42",238
"2019-11-02 08:42:43",238
"2019-11-02 09:42:41",238
"2019-11-02 10:42:46",238
"2019-11-02 11:42:42",238
"2019-11-02 12:42:46",238
"2019-11-02 13:42:44",238
"2019-11-02 14:42:44",238
"2019-11-02 15:42:46",238
"2019-11-02 16:42:42",238
"2019-11-02 17:42:43",238
"2019-11-02 18:42:43",238
"2019-11-02 19:42:42",238
"2019-11-02 20:42:43",238
"2019-11-02 23:42:44",238
"2019-11-03 00:42:42",238
"2019-11-03 01:42:43",238
"2019-11-03 03:42:43",238
"2019-11-03 05:42:44",238
"2019-11-03 06:42:42",238
"2019-11-03 07:42:43",238
"2019-11-03 21:42:45",238
"2019-11-03 22:42:42",238
"2019-11-03 23:42:46",238
"2019-11-04 00:42:42",238
"2019-11-04 01:42:43",238
"2019-11-04 02:42:42",238
"2019-11-04 03:42:42",238
"2019-11-04 04:42:42",238
"2019-11-04 05:42:45",238
"2019-11-04 06:42:42",238
"2019-11-04 07:42:41",238
"2019-11-04 08:42:42",238
"2019-11-04 09:42:44",238
"2019-11-04 10:42:42",238
"2019-11-04 11:42:41",238
"2019-11-04 12:42:42",238
"2019-11-04 14:08:15",238
"2019-11-04 15:42:42",237
"2019-11-04 16:42:43",237
"2019-11-04 17:42:43",237
"2019-11-04 18:42:43",237
"2019-11-04 19:42:45",237
"2019-11-04 20:42:42",236
"2019-11-04 21:42:43",236
"2019-11-04 22:42:43",235
"2019-11-04 23:42:42",235
"2019-11-05 00:42:43",235
"2019-11-05 01:42:42",235
"2019-11-05 02:42:45",235
"2019-11-05 03:42:43",235
"2019-11-05 04:42:42",235
"2019-11-05 05:42:45",235
"2019-11-05 06:42:44",235
"2019-11-05 07:42:43",235
"2019-11-05 08:42:43",235
"2019-11-05 09:42:44",235
"2019-11-05 10:42:42",235
"2019-11-05 11:42:43",235
"2019-11-05 12:42:42",235
"2019-11-05 14:08:16",235
"2019-11-05 14:42:46",235
"2019-11-05 15:42:43",235
"2019-11-05 16:42:43",235
"2019-11-05 17:42:43",235
"2019-11-05 18:42:42",235
"2019-11-05 19:42:44",235
"2019-11-05 20:42:44",235
"2019-11-05 21:42:43",235
"2019-11-05 22:42:43",235
"2019-11-05 23:42:42",235
"2019-11-06 00:42:43",235
"2019-11-06 01:42:43",235
"2019-11-06 02:42:44",235
"2019-11-06 03:42:44",235
"2019-11-06 04:42:46",235
"2019-11-06 05:42:43",235
"2019-11-06 06:42:47",235
"2019-11-06 07:42:42",235
"2019-11-06 08:42:42",235
"2019-11-06 09:42:44",235
"2019-11-06 10:42:45",235
"2019-11-06 11:42:42",235
"2019-11-06 12:42:42",235
"2019-11-06 13:42:43",235
"2019-11-06 14:42:46",235
"2019-11-06 15:42:44",236
"2019-11-06 16:42:44",235
"2019-11-06 17:42:45",236
"2019-11-06 18:42:45",235
"2019-11-06 19:42:44",235
"2019-11-06 20:42:45",235
"2019-11-06 21:42:45",235
"2019-11-06 22:42:44",235
"2019-11-06 23:42:44",235
"2019-11-07 00:42:44",235
"2019-11-07 01:42:43",235
"2019-11-07 02:42:45",235
"2019-11-07 03:42:44",235
"2019-11-07 04:42:45",235
"2019-11-07 05:42:45",235
"2019-11-07 06:42:43",235
"2019-11-07 07:42:44",235
"2019-11-07 08:42:44",235
"2019-11-07 09:42:44",235
"2019-11-07 10:42:42",235
"2019-11-07 11:42:42",235
"2019-11-07 12:42:43",235
"2019-11-07 14:06:45",235
"2019-11-07 14:43:16",235
"2019-11-07 15:42:46",235
"2019-11-07 16:42:45",234
"2019-11-07 17:42:45",234
"2019-11-07 18:42:45",233
"2019-11-07 19:42:46",232
"2019-11-07 21:07:18",230
"2019-11-07 21:42:48",230
"2019-11-07 22:42:49",230
"2019-11-07 23:42:50",230
"2019-11-08 00:42:51",230
"2019-11-08 01:42:49",230
"2019-11-08 02:42:51",230
"2019-11-08 03:42:49",230
"2019-11-08 04:42:49",230
"2019-11-08 05:42:51",230
"2019-11-08 06:42:48",230
"2019-11-08 07:42:49",230
"2019-11-08 08:42:52",230
"2019-11-08 09:42:49",230
"2019-11-08 10:42:49",230
"2019-11-08 11:42:47",230
"2019-11-08 12:42:48",230
"2019-11-08 14:08:23",230
"2019-11-08 14:43:23",230
"2019-11-08 15:42:49",230
"2019-11-08 16:42:48",230
"2019-11-08 17:42:50",231
"2019-11-08 18:42:49",231
"2019-11-08 19:42:51",232
"2019-11-08 20:42:48",232
"2019-11-08 21:42:50",232
"2019-11-08 22:42:49",232
"2019-11-08 23:42:49",232
"2019-11-09 00:42:50",232
"2019-11-09 01:42:50",232
"2019-11-09 02:42:49",232
"2019-11-09 03:42:48",232
"2019-11-09 04:42:51",232
"2019-11-09 05:42:48",232
"2019-11-09 06:42:49",232
"2019-11-09 07:42:50",232
"2019-11-09 08:42:50",232
"2019-11-09 09:42:48",232
"2019-11-09 10:42:48",232
"2019-11-09 11:42:51",232
"2019-11-09 12:42:48",232
"2019-11-09 13:42:48",232
"2019-11-09 14:42:50",232
"2019-11-09 15:42:51",232
"2019-11-09 16:42:49",232
"2019-11-09 17:42:49",232
"2019-11-09 18:42:48",232
"2019-11-09 19:42:50",232
"2019-11-09 20:42:51",232
"2019-11-09 21:42:49",232
"2019-11-09 22:42:51",232
"2019-11-09 23:42:49",232
"2019-11-10 00:42:48",232
"2019-11-10 01:42:49",232
"2019-11-10 02:42:51",232
"2019-11-10 03:42:47",232
"2019-11-10 04:42:49",232
"2019-11-10 05:42:49",232
"2019-11-10 06:42:48",232
"2019-11-10 07:42:47",232
"2019-11-10 08:42:50",232
"2019-11-10 09:42:50",232
"2019-11-10 10:42:48",232
"2019-11-10 11:42:48",232
"2019-11-10 12:42:48",232
"2019-11-10 13:42:47",232
"2019-11-10 14:42:47",232
"2019-11-10 15:42:50",232
"2019-11-10 16:42:48",232
"2019-11-10 17:42:48",232
"2019-11-10 18:42:50",232
"2019-11-10 19:42:47",232
"2019-11-10 20:42:48",232
"2019-11-10 21:42:47",232
"2019-11-10 22:42:50",232
"2019-11-10 23:42:50",232
"2019-11-11 00:42:49",232
"2019-11-11 01:42:51",232
"2019-11-11 02:42:50",232
"2019-11-11 03:42:49",232
"2019-11-11 04:42:49",232
"2019-11-11 05:42:51",232
"2019-11-11 06:42:49",232
"2019-11-11 07:42:50",232
"2019-11-11 08:42:52",232
"2019-11-11 09:42:51",232
"2019-11-11 10:42:50",232
"2019-11-11 11:42:49",232
"2019-11-11 12:42:50",232
"2019-11-11 13:42:50",232
"2019-11-11 14:42:52",232
"2019-11-11 15:42:53",233
"2019-11-11 16:42:50",233
"2019-11-11 17:42:51",233
"2019-11-11 18:42:52",233
"2019-11-11 19:42:50",233
"2019-11-11 21:42:50",234
"2019-11-11 22:42:49",234
"2019-11-11 23:42:49",234
"2019-11-12 00:42:47",234
"2019-11-12 01:42:48",234
"2019-11-12 02:42:51",234
"2019-11-12 03:42:50",234
"2019-11-12 04:42:47",234
"2019-11-12 05:42:50",234
"2019-11-12 06:42:48",234
"2019-11-12 07:42:51",234
"2019-11-12 08:42:48",234
"2019-11-12 09:42:48",234
"2019-11-12 10:42:47",234
"2019-11-12 11:42:50",234
"2019-11-12 12:42:52",234
"2019-11-12 14:06:52",234
"2019-11-12 14:42:51",234
"2019-11-12 15:42:48",234
"2019-11-12 16:42:50",235
"2019-11-12 17:42:50",235
"2019-11-12 18:42:52",235
"2019-11-12 19:42:48",234
"2019-11-12 20:42:47",234
"2019-11-12 21:42:49",235
"2019-11-12 22:42:51",235
"2019-11-12 23:42:49",235
"2019-11-13 00:42:52",235
"2019-11-13 01:42:49",235
"2019-11-13 02:42:49",235
"2019-11-13 03:42:52",235
"2019-11-13 04:42:49",235
"2019-11-13 05:42:55",235
"2019-11-13 06:42:48",235
"2019-11-13 07:42:54",235
"2019-11-13 08:42:51",235
"2019-11-13 09:42:50",235
"2019-11-13 10:42:49",235
"2019-11-13 11:42:53",235
"2019-11-13 12:42:48",235
"2019-11-13 13:42:48",235
"2019-11-13 15:42:53",235
"2019-11-13 16:42:48",235
"2019-11-13 17:42:50",235
"2019-11-13 18:42:52",234
"2019-11-13 19:42:49",234
"2019-11-13 20:42:49",235
"2019-11-13 21:42:47",236
"2019-11-13 22:42:49",236
"2019-11-13 23:42:50",236
"2019-11-14 00:42:49",236
"2019-11-14 01:42:48",236
"2019-11-14 02:42:52",236
"2019-11-14 03:42:48",236
"2019-11-14 04:42:48",236
"2019-11-14 05:42:53",236
"2019-11-14 06:42:47",236
"2019-11-14 07:42:53",236
"2019-11-14 08:42:51",236
"2019-11-14 09:42:52",236
"2019-11-14 10:42:50",236
"2019-11-14 11:42:53",236
"2019-11-14 12:42:47",236
"2019-11-14 14:06:26",236
"2019-11-14 14:42:50",236
"2019-11-14 15:42:49",236
"2019-11-14 17:42:49",234
"2019-11-14 18:42:48",234
"2019-11-14 19:42:48",234
"2019-11-14 20:42:50",233
"2019-11-14 21:42:53",232
"2019-11-14 22:42:48",232
"2019-11-14 23:42:49",232
"2019-11-15 00:42:49",232
"2019-11-15 01:42:49",232
"2019-11-15 02:42:48",232
"2019-11-15 03:42:49",232
"2019-11-15 04:42:50",232
"2019-11-15 05:42:50",232
"2019-11-15 06:42:50",232
"2019-11-15 07:42:48",232
"2019-11-15 08:42:55",232
"2019-11-15 09:42:48",232
"2019-11-15 10:42:49",232
"2019-11-15 11:42:48",232
"2019-11-15 12:42:51",232
"2019-11-15 14:09:22",232
"2019-11-15 15:42:53",231
"2019-11-15 16:42:48",232
"2019-11-15 17:42:49",231
"2019-11-15 18:42:55",233
"2019-11-15 19:42:51",234
"2019-11-15 20:42:51",234
"2019-11-15 21:42:47",234
"2019-11-15 22:42:50",234
"2019-11-15 23:42:49",234
"2019-11-16 00:42:50",234
"2019-11-16 01:42:48",234
"2019-11-16 02:42:50",234
"2019-11-16 03:42:48",234
"2019-11-16 04:42:50",234
"2019-11-16 05:42:49",234
"2019-11-16 06:42:49",234
"2019-11-16 07:42:49",234
"2019-11-16 08:42:49",234
"2019-11-16 09:42:51",234
"2019-11-16 10:42:47",234
"2019-11-16 11:42:48",234
"2019-11-16 12:42:51",234
"2019-11-16 13:42:51",234
"2019-11-16 14:42:50",234
"2019-11-16 15:42:49",234
"2019-11-16 16:42:48",234
"2019-11-16 17:42:50",234
"2019-11-16 18:42:48",234
"2019-11-16 19:42:47",234
"2019-11-16 20:42:47",234
"2019-11-16 21:42:47",234
"2019-11-16 22:42:48",234
"2019-11-16 23:42:47",234
"2019-11-17 00:42:47",234
"2019-11-17 01:42:47",234
"2019-11-17 02:42:50",234
"2019-11-17 03:42:47",234
"2019-11-17 04:42:48",234
"2019-11-17 05:42:49",234
"2019-11-17 06:42:50",234
"2019-11-17 07:42:50",234
"2019-11-17 08:42:48",234
"2019-11-17 10:42:52",234
"2019-11-17 11:42:51",234
"2019-11-17 12:42:48",234
"2019-11-17 13:42:49",234
"2019-11-17 14:42:47",234
"2019-11-17 15:42:47",234
"2019-11-17 16:42:49",234
"2019-11-17 17:42:46",234
"2019-11-17 18:42:46",234
"2019-11-17 19:42:48",234
"2019-11-17 20:42:49",234
"2019-11-17 21:42:51",234
"2019-11-17 22:42:48",234
"2019-11-17 23:42:51",234
"2019-11-18 00:42:47",234
"2019-11-18 01:42:47",234
"2019-11-18 02:42:49",234
"2019-11-18 03:42:47",234
"2019-11-18 04:42:46",234
"2019-11-18 05:42:50",234
"2019-11-18 06:42:46",234
"2019-11-18 07:42:48",234
"2019-11-18 08:42:51",234
"2019-11-18 09:42:52",234
"2019-11-18 10:42:50",234
"2019-11-18 11:42:47",234
"2019-11-18 12:42:49",234
"2019-11-18 14:07:54",234
"2019-11-18 14:42:49",234
"2019-11-18 15:42:53",233
"2019-11-18 16:42:51",233
"2019-11-18 17:42:53",232
"2019-11-18 18:42:52",232
"2019-11-18 19:42:50",233
"2019-11-18 20:42:52",233
"2019-11-18 21:42:51",232
"2019-11-18 22:42:48",232
"2019-11-18 23:42:51",232
"2019-11-19 00:42:49",232
"2019-11-19 01:42:50",232
"2019-11-19 02:42:49",232
"2019-11-19 03:42:49",232
"2019-11-19 04:42:50",232
"2019-11-19 05:42:48",232
"2019-11-19 06:42:50",232
"2019-11-19 07:42:49",232
"2019-11-19 08:42:50",232
"2019-11-19 09:42:52",232
"2019-11-19 10:42:49",232
"2019-11-19 11:42:48",232
"2019-11-19 12:42:50",232
"2019-11-19 14:07:54",232
"2019-11-19 14:42:50",232
"2019-11-19 15:42:51",230
"2019-11-19 16:42:49",230
"2019-11-19 17:42:50",230
"2019-11-19 18:42:48",230
"2019-11-19 19:42:51",230
"2019-11-19 20:42:51",230
"2019-11-19 21:42:53",231
"2019-11-19 22:42:51",231
"2019-11-19 23:42:50",231
"2019-11-20 00:42:51",231
"2019-11-20 01:42:50",231
"2019-11-20 02:42:51",231
"2019-11-20 03:42:51",231
"2019-11-20 04:42:50",231
"2019-11-20 05:42:50",231
"2019-11-20 06:42:50",231
"2019-11-20 07:42:51",231
"2019-11-20 08:42:53",231
"2019-11-20 09:42:56",231
"2019-11-20 10:42:56",231
"2019-11-20 11:42:55",231
"2019-11-20 12:42:53",231
"2019-11-20 14:07:26",231
"2019-11-20 14:42:56",231
"2019-11-20 15:42:53",232
"2019-11-20 16:42:54",232
"2019-11-20 22:42:52",231
"2019-11-20 23:42:49",231
"2019-11-21 00:42:49",231
"2019-11-21 01:42:49",231
"2019-11-21 02:42:52",231
"2019-11-21 03:42:49",231
"2019-11-21 04:42:48",231
"2019-11-21 05:42:51",231
"2019-11-21 06:42:52",231
"2019-11-21 07:42:48",231
"2019-11-21 08:42:48",231
"2019-11-21 09:42:50",231
"2019-11-21 10:42:50",231
"2019-11-21 11:42:49",231
"2019-11-21 12:42:49",231
"2019-11-21 14:06:53",231
"2019-11-21 14:42:54",231
"2019-11-21 15:42:48",230
"2019-11-21 16:42:50",229
"2019-11-21 17:42:51",229
"2019-11-21 18:42:48",228
"2019-11-21 19:42:48",228
"2019-11-21 20:42:48",228
"2019-11-21 21:42:48",228
"2019-11-21 22:42:49",228
"2019-11-21 23:42:48",228
"2019-11-22 00:42:49",228
"2019-11-22 01:42:51",228
"2019-11-22 02:42:48",228
"2019-11-22 03:42:48",228
"2019-11-22 04:42:47",228
"2019-11-22 05:42:52",228
"2019-11-22 06:42:50",228
"2019-11-22 07:42:52",228
"2019-11-22 08:42:53",228
"2019-11-22 09:42:52",228
"2019-11-22 10:42:52",228
"2019-11-22 11:42:49",228
"2019-11-22 12:42:49",228
"2019-11-22 13:42:48",228
"2019-11-22 14:42:50",228
"2019-11-22 15:42:46",227
"2019-11-22 16:42:48",227
"2019-11-22 17:42:52",227
"2019-11-22 18:42:51",227
"2019-11-22 19:42:47",226
"2019-11-22 20:42:49",226
"2019-11-22 21:42:48",225
"2019-11-22 22:42:47",225
"2019-11-22 23:42:50",225
"2019-11-23 00:42:54",225
"2019-11-23 01:42:48",225
"2019-11-23 02:42:48",225
"2019-11-23 03:42:48",225
"2019-11-23 04:42:51",225
"2019-11-23 05:42:48",225
"2019-11-23 06:42:49",225
"2019-11-23 07:42:49",225
"2019-11-23 08:42:49",225
"2019-11-23 09:42:51",225
"2019-11-23 10:42:51",225
"2019-11-23 11:42:47",225
"2019-11-23 12:42:47",225
"2019-11-23 13:42:47",225
"2019-11-23 14:42:48",225
"2019-11-23 15:42:48",225
"2019-11-23 16:42:48",225
"2019-11-23 17:42:48",225
"2019-11-23 18:42:48",225
"2019-11-23 19:42:49",225
"2019-11-23 20:42:45",225
"2019-11-23 21:42:48",225
"2019-11-23 22:42:46",225
"2019-11-23 23:42:46",225
"2019-11-24 00:42:49",225
"2019-11-24 01:42:47",225
"2019-11-24 02:42:47",225
"2019-11-24 03:42:48",225
"2019-11-24 04:42:46",225
"2019-11-24 05:42:47",225
"2019-11-24 06:42:47",225
"2019-11-24 07:42:45",225
"2019-11-24 08:42:48",225
"2019-11-24 09:42:49",225
"2019-11-24 10:42:50",225
"2019-11-24 11:42:48",225
"2019-11-24 12:42:46",225
"2019-11-24 13:42:46",225
"2019-11-24 14:42:47",225
"2019-11-24 15:42:48",225
"2019-11-24 16:42:47",225
"2019-11-24 17:42:47",225
"2019-11-24 18:42:49",225
"2019-11-24 19:42:47",225
"2019-11-24 20:42:49",225
"2019-11-24 21:42:47",225
"2019-11-24 22:42:50",225
"2019-11-24 23:42:47",225
"2019-11-25 00:42:48",225
"2019-11-25 01:42:50",225
"2019-11-25 02:42:49",225
"2019-11-25 04:42:46",225
"2019-11-25 05:42:48",225
"2019-11-25 06:42:48",225
"2019-11-25 07:42:48",225
"2019-11-25 08:42:53",225
"2019-11-25 09:42:52",225
"2019-11-25 10:42:52",225
"2019-11-25 11:42:51",225
"2019-11-25 12:42:51",225
"2019-11-25 13:42:47",225
"2019-11-25 14:42:49",225
"2019-11-25 15:42:51",225
"2019-11-25 16:42:48",225
"2019-11-25 17:42:48",225
"2019-11-25 18:42:47",225
"2019-11-25 19:42:50",225
"2019-11-25 20:42:49",225
"2019-11-25 21:42:47",225
"2019-11-25 22:42:52",225
"2019-11-25 23:42:48",225
"2019-11-26 00:42:50",225
"2019-11-26 01:42:48",225
"2019-11-26 02:42:50",225
"2019-11-26 03:42:49",225
"2019-11-26 04:42:48",225
"2019-11-26 05:42:52",225
"2019-11-26 06:42:55",225
"2019-11-26 07:42:49",225
"2019-11-26 08:42:50",225
"2019-11-26 09:42:55",225
"2019-11-26 20:42:52",226
"2019-11-26 21:42:50",226
"2019-11-26 22:42:52",226
"2019-11-26 23:42:49",226
"2019-11-27 00:42:52",226
"2019-11-27 01:42:49",226
"2019-11-27 02:42:48",226
"2019-11-27 03:42:50",226
"2019-11-27 04:42:48",226
"2019-11-27 05:42:49",226
"2019-11-27 06:42:49",226
"2019-11-27 07:42:49",226
"2019-11-27 08:42:54",226
"2019-11-27 09:42:54",226
"2019-11-27 10:42:48",226
"2019-11-27 11:42:46",226
"2019-11-27 12:42:54",226
"2019-11-27 13:42:49",226
"2019-11-27 14:42:50",226
"2019-11-27 15:42:53",225
"2019-11-27 16:42:50",223
"2019-11-27 17:42:49",223
"2019-11-27 18:42:50",223
"2019-11-27 19:42:50",223
"2019-11-27 20:42:49",223
"2019-11-27 21:42:49",221
"2019-11-27 22:42:50",221
"2019-11-27 23:42:49",221
"2019-11-28 00:42:49",221
"2019-11-28 01:42:50",221
"2019-11-28 02:42:53",221
"2019-11-28 03:42:52",221
"2019-11-28 04:42:51",221
"2019-11-28 05:42:49",221
"2019-11-28 06:42:49",221
"2019-11-28 07:42:51",221
"2019-11-28 08:42:50",221
"2019-11-28 09:42:54",221
"2019-11-28 10:42:51",221
"2019-11-28 11:42:49",221
"2019-11-28 12:42:48",221
"2019-11-28 13:42:47",221
"2019-11-28 14:42:49",221
"2019-11-28 15:42:49",221
"2019-11-28 16:42:49",221
"2019-11-28 17:42:50",221
"2019-11-28 18:42:49",221
"2019-11-28 19:42:49",221
"2019-11-28 20:42:48",221
"2019-11-28 21:42:49",221
"2019-11-28 22:42:48",221
"2019-11-28 23:42:49",221
"2019-11-29 00:42:49",221
"2019-11-29 01:42:48",221
"2019-11-29 02:42:49",221
"2019-11-29 03:42:48",221
"2019-11-29 04:42:50",221
"2019-11-29 05:42:50",221
"2019-11-29 06:42:49",221
"2019-11-29 07:42:51",221
"2019-11-29 08:42:57",221
"2019-11-29 09:42:59",221
"2019-11-29 10:43:05",221
"2019-11-29 11:42:52",221
"2019-11-29 12:42:52",221
"2019-11-29 13:42:56",221
"2019-11-29 14:42:56",221
"2019-11-29 15:42:54",220
"2019-11-29 16:42:57",220
"2019-11-29 17:42:56",220
"2019-11-29 18:42:54",220
"2019-11-29 20:42:53",220
"2019-11-29 21:42:48",220
"2019-11-29 22:42:55",220
"2019-11-29 23:42:53",220
"2019-11-30 00:42:50",220
"2019-11-30 01:42:49",220
"2019-11-30 02:42:51",220
"2019-11-30 03:42:52",220
"2019-11-30 04:42:51",220
"2019-11-30 05:42:54",220
"2019-11-30 06:42:52",220
"2019-11-30 07:42:53",220
"2019-11-30 08:42:51",220
"2019-11-30 21:43:07",220
"2019-11-30 22:42:55",220
"2019-11-30 23:42:52",220
"2019-12-01 00:42:52",220
"2019-12-01 01:42:49",220
"2019-12-01 02:42:54",220
"2019-12-01 22:42:58",220
"2019-12-01 23:42:50",220
"2019-12-02 00:42:48",220
"2019-12-02 01:42:52",220
"2019-12-02 02:42:51",220
"2019-12-02 06:15:32",220
"2019-12-02 06:44:09",220
"2019-12-02 07:44:17",220
"2019-12-02 08:44:08",220
"2019-12-02 09:44:08",220
"2019-12-02 10:44:08",220
"2019-12-02 11:44:08",220
"2019-12-02 12:44:05",220
"2019-12-02 14:07:28",220
"2019-12-02 14:44:12",220
"2019-12-02 15:44:14",220
"2019-12-02 16:44:09",220
"2019-12-02 17:44:20",219
"2019-12-02 18:44:21",219
"2019-12-02 19:44:23",219
"2019-12-02 20:44:18",219
"2019-12-02 21:44:19",219
"2019-12-02 22:44:24",219
"2019-12-02 23:44:21",219
"2019-12-03 00:44:16",219
"2019-12-03 01:44:20",219
"2019-12-03 02:44:21",219
"2019-12-03 03:44:19",219
"2019-12-03 04:44:19",219
"2019-12-03 05:44:21",219
"2019-12-03 06:44:09",219
"2019-12-03 07:44:09",219
"2019-12-03 08:44:07",219
"2019-12-03 09:44:17",219
"2019-12-03 10:44:21",219
"2019-12-03 11:44:17",219
"2019-12-03 12:44:06",219
"2019-12-03 13:44:05",219
"2019-12-03 14:44:20",219
"2019-12-03 15:44:08",219
"2019-12-03 16:44:21",220
"2019-12-03 17:44:18",220
"2019-12-03 18:44:19",220
"2019-12-03 19:44:19",219
"2019-12-03 20:44:19",219
"2019-12-03 21:44:33",219
"2019-12-03 22:44:21",219
"2019-12-03 23:44:22",219
"2019-12-04 00:44:38",219
"2019-12-04 01:44:43",219
"2019-12-04 02:44:38",219
"2019-12-04 03:44:25",219
"2019-12-04 04:44:23",219
"2019-12-04 05:44:25",219
"2019-12-04 06:44:23",219
"2019-12-04 07:44:24",219
"2019-12-04 08:44:14",219
"2019-12-04 09:44:12",219
"2019-12-04 10:44:12",219
"2019-12-04 11:44:15",219
"2019-12-04 12:44:12",219
"2019-12-04 14:07:00",219
"2019-12-04 14:44:29",219
"2019-12-04 15:44:28",219
"2019-12-04 16:44:24",219
"2019-12-04 17:44:23",218
"2019-12-04 18:44:24",218
"2019-12-04 19:44:24",218
"2019-12-04 20:44:22",218
"2019-12-04 21:44:19",218
"2019-12-04 22:44:19",218
"2019-12-04 23:44:21",218
"2019-12-05 00:44:22",218
"2019-12-05 01:44:23",218
"2019-12-05 02:44:22",218
"2019-12-05 03:44:22",218
"2019-12-05 04:44:22",218
"2019-12-05 05:44:20",218
"2019-12-05 06:44:24",218
"2019-12-05 07:44:10",218
"2019-12-05 08:44:21",218
"2019-12-05 09:44:08",218
"2019-12-05 10:44:08",218
"2019-12-05 11:44:09",218
"2019-12-05 12:44:08",218
"2019-12-05 13:44:21",218
"2019-12-05 14:44:22",218
"2019-12-05 15:44:22",222
"2019-12-05 16:44:21",222
"2019-12-05 17:44:21",222
"2019-12-05 18:44:21",221
"2019-12-05 20:07:30",223
"2019-12-05 20:44:32",223
"2019-12-05 21:44:20",223
"2019-12-05 22:44:21",223
"2019-12-05 23:44:13",223
"2019-12-06 00:44:21",223
"2019-12-06 01:44:20",223
"2019-12-06 02:44:24",223
"2019-12-06 03:44:22",223
"2019-12-06 04:44:19",223
"2019-12-06 05:44:28",223
"2019-12-06 06:44:20",223
"2019-12-06 07:44:23",223
"2019-12-06 08:44:22",223
"2019-12-06 09:44:20",223
"2019-12-06 10:44:21",223
"2019-12-06 11:44:21",223
"2019-12-06 12:44:09",223
"2019-12-06 13:45:01",223
"2019-12-06 14:44:26",223
"2019-12-06 15:44:37",225
"2019-12-06 16:44:23",228
"2019-12-06 17:44:20",225
"2019-12-06 18:44:21",225
"2019-12-06 19:44:21",230
"2019-12-06 20:44:20",231
"2019-12-06 21:44:08",231
"2019-12-06 22:44:09",231
"2019-12-06 23:44:12",231
"2019-12-07 00:44:10",231
"2019-12-07 01:44:23",231
"2019-12-07 02:44:24",231
"2019-12-07 03:44:20",231
"2019-12-07 04:44:18",231
"2019-12-07 05:44:37",231
"2019-12-07 06:44:11",231
"2019-12-07 07:44:11",231
"2019-12-07 08:44:11",231
"2019-12-07 09:44:08",231
"2019-12-07 10:44:09",231
"2019-12-07 11:44:08",231
"2019-12-07 12:44:21",231
"2019-12-07 13:44:38",231
"2019-12-07 14:44:22",231
"2019-12-07 15:44:24",231
"2019-12-07 16:44:21",231
"2019-12-07 17:44:24",231
"2019-12-07 18:44:22",231
"2019-12-07 19:44:10",231
"2019-12-07 20:44:22",231
"2019-12-07 21:44:25",231
"2019-12-07 22:44:11",231
"2019-12-07 23:44:10",231
"2019-12-08 00:44:15",231
"2019-12-08 01:44:10",231
"2019-12-08 02:44:24",231
"2019-12-08 03:44:22",231
"2019-12-08 04:44:19",231
"2019-12-08 05:44:24",231
"2019-12-08 06:44:22",231
"2019-12-08 07:44:21",231
"2019-12-08 08:44:20",231
"2019-12-08 09:44:20",231
"2019-12-08 10:44:20",231
"2019-12-08 11:44:09",231
"2019-12-08 12:44:11",231
"2019-12-08 13:44:20",231
"2019-12-08 14:44:14",231
"2019-12-08 15:44:13",231
"2019-12-08 16:44:20",231
"2019-12-08 17:44:23",231
"2019-12-08 18:44:09",231
"2019-12-08 19:44:18",231
"2019-12-08 20:44:19",231
"2019-12-08 21:44:26",231
"2019-12-08 22:44:23",231
"2019-12-08 23:44:21",231
"2019-12-09 00:44:20",231
"2019-12-09 01:44:09",231
"2019-12-09 02:44:11",231
"2019-12-09 03:44:22",231
"2019-12-09 04:44:11",231
"2019-12-09 05:44:15",231
"2019-12-09 06:44:25",231
"2019-12-09 07:44:11",231
"2019-12-09 08:44:12",231
"2019-12-09 09:44:08",231
"2019-12-09 10:44:10",231
"2019-12-09 11:44:06",231
"2019-12-09 12:44:07",231
"2019-12-09 14:08:01",231
"2019-12-09 14:44:16",231
"2019-12-09 15:44:16",236
"2019-12-09 16:44:27",237
"2019-12-09 17:44:35",237
"2019-12-09 18:44:18",234
"2019-12-09 19:44:09",233
"2019-12-09 20:44:24",233
"2019-12-09 21:44:23",233
"2019-12-09 22:44:10",233
"2019-12-09 23:44:20",233
"2019-12-10 00:44:27",233
"2019-12-10 01:44:20",233
"2019-12-10 02:44:23",233
"2019-12-10 03:44:28",233
"2019-12-10 04:44:21",233
"2019-12-10 05:44:29",233
"2019-12-10 06:44:25",233
"2019-12-10 07:44:23",233
"2019-12-10 08:44:26",233
"2019-12-10 09:44:11",233
"2019-12-10 10:44:10",233
"2019-12-10 11:44:10",233
"2019-12-10 12:44:27",233
"2019-12-10 13:44:09",233
"2019-12-10 14:44:13",233
"2019-12-10 15:44:11",232
"2019-12-10 16:44:26",231
"2019-12-10 17:44:18",231
"2019-12-10 18:44:19",231
"2019-12-10 19:44:12",231
"2019-12-10 20:44:20",231
"2019-12-10 21:44:20",232
"2019-12-10 22:44:23",232
"2019-12-10 23:44:25",232
"2019-12-11 00:44:25",232
"2019-12-11 01:44:32",232
"2019-12-11 02:44:39",232
"2019-12-11 03:44:23",232
"2019-12-11 04:44:26",232
"2019-12-11 05:44:29",232
"2019-12-11 06:44:17",232
"2019-12-11 07:44:13",232
"2019-12-11 08:44:23",232
"2019-12-11 09:44:09",232
"2019-12-11 10:44:15",232
"2019-12-11 11:44:13",232
"2019-12-11 12:44:24",232
"2019-12-11 13:44:20",232
"2019-12-11 14:44:43",232
"2019-12-11 15:44:20",231
"2019-12-11 16:44:33",228
"2019-12-11 17:44:32",229
"2019-12-11 18:44:24",229
"2019-12-11 19:44:30",229
"2019-12-11 20:44:14",230
"2019-12-11 21:44:23",230
"2019-12-11 22:44:25",230
"2019-12-11 23:44:25",230
"2019-12-12 00:44:20",230
"2019-12-12 01:44:31",230
"2019-12-12 02:44:27",230
"2019-12-12 03:44:15",230
"2019-12-12 04:44:23",230
"2019-12-12 05:44:27",230
"2019-12-12 06:44:29",230
"2019-12-12 07:44:27",230
"2019-12-12 08:44:15",230
"2019-12-12 09:44:22",230
"2019-12-12 10:44:23",230
"2019-12-12 11:44:16",230
"2019-12-12 12:44:10",230
"2019-12-12 14:06:31",230
"2019-12-12 14:44:39",230
"2019-12-12 15:44:18",230
"2019-12-12 16:44:30",230
"2019-12-12 17:44:15",229
"2019-12-12 18:44:16",230
"2019-12-12 19:44:20",229
"2019-12-12 20:44:16",229
"2019-12-12 21:44:19",229
"2019-12-12 22:44:13",229
"2019-12-12 23:44:16",229
"2019-12-13 00:44:48",229
"2019-12-13 01:44:45",229
"2019-12-13 02:44:34",229
"2019-12-13 03:44:31",229
"2019-12-13 04:44:36",229
"2019-12-13 05:44:48",229
"2019-12-13 06:44:52",229
"2019-12-13 07:44:43",229
"2019-12-13 08:44:34",229
"2019-12-13 09:44:44",229
"2019-12-13 10:44:39",229
"2019-12-13 11:44:27",229
"2019-12-13 12:44:33",229
"2019-12-13 14:38:38",229
"2019-12-13 14:46:20",229
"2019-12-13 15:44:47",229
"2019-12-13 16:44:36",229
"2019-12-13 17:44:46",230
"2019-12-13 18:44:41",230
"2019-12-13 19:44:38",230
"2019-12-13 20:45:11",230
"2019-12-13 21:44:38",230
"2019-12-13 22:44:39",230
"2019-12-13 23:44:33",230
"2019-12-14 00:44:37",230
"2019-12-14 01:44:27",230
"2019-12-14 02:44:40",230
"2019-12-14 03:44:38",230
"2019-12-14 04:44:43",230
"2019-12-14 05:44:41",230
"2019-12-14 06:44:36",230
"2019-12-14 07:44:28",230
"2019-12-14 08:44:30",230
"2019-12-14 09:44:38",230
"2019-12-14 10:44:34",230
"2019-12-14 11:44:34",230
"2019-12-14 12:44:27",230
"2019-12-14 13:44:42",230
"2019-12-14 14:44:32",230
"2019-12-14 15:44:50",230
"2019-12-14 16:44:44",230
"2019-12-14 17:44:29",230
"2019-12-14 18:44:53",230
"2019-12-14 19:44:34",230
"2019-12-14 20:44:39",230
"2019-12-14 22:44:45",230
"2019-12-14 23:44:40",230
"2019-12-15 00:44:42",230
"2019-12-15 01:44:47",230
"2019-12-15 02:44:40",230
"2019-12-15 03:44:39",230
"2019-12-15 04:44:43",230
"2019-12-15 05:44:32",230
"2019-12-15 06:44:36",230
"2019-12-15 07:44:34",230
"2019-12-15 08:44:38",230
"2019-12-15 09:44:25",230
"2019-12-15 10:44:32",230
"2019-12-15 11:44:35",230
"2019-12-15 13:44:37",230
"2019-12-15 14:44:20",230
"2019-12-15 15:44:38",230
"2019-12-15 16:44:41",230
"2019-12-15 17:44:37",230
"2019-12-15 19:44:32",230
"2019-12-15 20:44:42",230
"2019-12-15 21:44:33",230
"2019-12-15 22:44:42",230
"2019-12-15 23:44:38",230
"2019-12-16 00:44:33",230
"2019-12-16 01:44:48",230
"2019-12-16 02:44:38",230
"2019-12-16 04:45:01",230
"2019-12-16 05:44:37",230
"2019-12-16 06:44:38",230
"2019-12-16 07:44:25",230
"2019-12-16 08:44:33",230
"2019-12-16 09:44:32",230
"2019-12-16 10:44:27",230
"2019-12-16 11:44:38",230
"2019-12-16 12:44:33",230
"2019-12-16 13:44:35",230
"2019-12-16 14:45:31",230
"2019-12-16 16:06:00",231
"2019-12-16 16:44:52",231
"2019-12-16 17:44:48",230
"2019-12-16 18:44:42",230
"2019-12-16 19:44:40",229
"2019-12-16 20:44:43",229
"2019-12-16 21:44:40",229
"2019-12-16 22:44:37",229
"2019-12-16 23:44:39",229
"2019-12-17 00:44:30",229
"2019-12-17 01:44:29",229
"2019-12-17 02:44:54",229
"2019-12-17 03:44:38",229
"2019-12-17 04:44:40",229
"2019-12-17 05:44:35",229
"2019-12-17 06:44:37",229
"2019-12-17 07:44:35",229
"2019-12-17 08:44:52",229
"2019-12-17 09:44:22",229
"2019-12-17 10:44:36",229
"2019-12-17 11:44:26",229
"2019-12-17 12:44:26",229
"2019-12-17 14:07:30",229
"2019-12-17 14:44:58",229
"2019-12-17 15:44:53",228
"2019-12-17 16:44:38",228
"2019-12-17 17:44:41",228
"2019-12-17 18:44:35",227
"2019-12-17 19:44:49",227
"2019-12-17 20:44:43",227
"2019-12-17 21:44:27",227
"2019-12-17 22:44:30",227
"2019-12-17 23:44:43",227
"2019-12-18 01:44:44",227
"2019-12-18 02:44:50",227
"2019-12-18 03:44:32",227
"2019-12-18 04:44:23",227
"2019-12-18 05:44:42",227
"2019-12-18 06:44:37",227
"2019-12-18 07:44:25",227
"2019-12-18 08:44:37",227
"2019-12-18 09:44:34",227
"2019-12-18 10:44:39",227
"2019-12-18 11:44:26",227
"2019-12-18 12:44:31",227
"2019-12-18 14:06:30",227
"2019-12-18 14:45:00",227
"2019-12-18 15:44:36",227
"2019-12-18 16:44:43",227
"2019-12-18 17:44:44",227
"2019-12-18 18:44:34",227
"2019-12-18 19:44:35",227
"2019-12-18 20:44:39",227
"2019-12-18 21:44:33",227
"2019-12-18 22:44:28",227
"2019-12-18 23:44:32",227
"2019-12-19 00:44:43",227
"2019-12-19 01:44:40",227
"2019-12-19 02:44:57",227
"2019-12-19 03:44:33",227
"2019-12-19 04:44:39",227
"2019-12-19 05:44:36",227
"2019-12-19 06:44:38",227
"2019-12-19 07:44:40",227
"2019-12-19 08:44:30",227
"2019-12-19 09:44:35",227
"2019-12-19 10:44:27",227
"2019-12-19 11:44:24",227
"2019-12-19 12:44:36",227
"2019-12-19 14:08:02",227
"2019-12-19 14:44:59",227
"2019-12-19 15:45:04",227
"2019-12-19 16:44:52",227
"2019-12-19 17:44:54",227
"2019-12-19 18:44:53",227
"2019-12-19 19:44:44",227
"2019-12-19 21:08:04",227
"2019-12-19 21:44:50",227
"2019-12-19 22:44:56",227
"2019-12-19 23:44:51",227
"2019-12-20 00:44:50",227
"2019-12-20 01:44:46",227
"2019-12-20 02:44:52",227
"2019-12-20 03:44:43",227
"2019-12-20 04:44:52",227
"2019-12-20 05:44:50",227
"2019-12-20 06:44:57",227
"2019-12-20 07:44:48",227
"2019-12-20 08:44:54",227
"2019-12-20 09:44:51",227
"2019-12-20 10:44:25",227
"2019-12-20 11:44:45",227
"2019-12-20 12:44:49",227
"2019-12-20 14:07:02",227
"2019-12-20 14:45:13",227
"2019-12-20 15:45:17",226
"2019-12-20 16:45:03",226
"2019-12-20 17:45:08",224
"2019-12-20 18:44:51",224
"2019-12-20 19:45:08",225
"2019-12-20 20:45:08",225
"2019-12-20 21:44:48",225
"2019-12-20 22:44:49",225
"2019-12-20 23:44:53",225
"2019-12-21 00:44:58",225
"2019-12-21 01:44:54",225
"2019-12-21 02:44:54",225
"2019-12-21 03:44:43",225
"2019-12-21 04:44:53",225
"2019-12-21 05:44:46",225
"2019-12-21 06:44:36",225
"2019-12-21 07:44:44",225
"2019-12-21 08:44:46",225
"2019-12-21 09:44:29",225
"2019-12-21 10:44:34",225
"2019-12-21 11:44:33",225
"2019-12-21 12:44:27",225
"2019-12-21 13:44:28",225
"2019-12-21 14:44:43",225
"2019-12-21 15:44:36",225
"2019-12-21 16:44:46",225
"2019-12-21 17:44:42",225
"2019-12-21 18:44:34",225
"2019-12-21 19:44:34",225
"2019-12-21 20:44:34",225
"2019-12-21 22:44:49",225
"2019-12-21 23:44:31",225
"2019-12-22 00:44:38",225
"2019-12-22 01:44:44",225
"2019-12-22 02:44:31",225
"2019-12-22 04:44:37",225
"2019-12-22 05:44:23",225
"2019-12-22 06:44:24",225
"2019-12-22 07:44:32",225
"2019-12-22 08:44:33",225
"2019-12-22 09:44:28",225
"2019-12-22 10:44:31",225
"2019-12-22 11:44:33",225
"2019-12-22 12:44:36",225
"2019-12-22 13:44:23",225
"2019-12-22 14:44:40",225
"2019-12-22 15:44:43",225
"2019-12-22 16:44:34",225
"2019-12-22 17:44:38",225
"2019-12-22 18:44:35",225
"2019-12-22 19:44:39",225
"2019-12-22 20:44:51",225
"2019-12-22 22:44:40",225
"2019-12-22 23:44:50",225
"2019-12-23 00:44:47",225
"2019-12-23 01:44:48",225
"2019-12-23 02:44:47",225
"2019-12-23 03:44:45",225
"2019-12-23 04:44:48",225
"2019-12-23 05:44:44",225
"2019-12-23 06:44:48",225
"2019-12-23 07:44:31",225
"2019-12-23 08:44:31",225
"2019-12-23 09:44:29",225
"2019-12-23 10:44:31",225
"2019-12-23 11:44:34",225
"2019-12-23 12:44:31",225
"2019-12-23 14:08:06",225
"2019-12-23 14:45:13",225
"2019-12-23 15:44:48",224
"2019-12-23 16:44:40",225
"2019-12-23 17:44:57",225
"2019-12-23 18:44:56",225
"2019-12-23 19:44:56",225
"2019-12-23 20:45:05",225
"2019-12-23 21:44:48",225
"2019-12-23 22:44:28",225
"2019-12-23 23:44:44",225
"2019-12-24 00:44:39",225
"2019-12-24 01:44:37",225
"2019-12-24 02:44:56",225
"2019-12-24 03:44:55",225
"2019-12-24 04:45:02",225
"2019-12-24 05:44:35",225
"2019-12-24 06:44:59",225
"2019-12-24 07:44:33",225
"2019-12-24 08:44:32",225
"2019-12-24 09:44:40",225
"2019-12-24 10:44:27",225
"2019-12-24 11:44:36",225
"2019-12-24 12:44:28",225
"2019-12-24 13:44:25",225
"2019-12-24 14:45:07",225
"2019-12-24 15:44:51",225
"2019-12-24 16:44:41",224
"2019-12-24 17:44:35",226
"2019-12-24 18:44:38",227
"2019-12-24 19:44:44",227
"2019-12-24 20:44:35",227
"2019-12-24 21:44:31",227
"2019-12-24 22:44:49",227
"2019-12-24 23:44:47",227
"2019-12-25 00:44:50",227
"2019-12-25 01:44:32",227
"2019-12-25 02:44:20",227
"2019-12-25 03:44:40",227
"2019-12-25 04:44:46",227
"2019-12-25 05:44:51",227
"2019-12-25 06:44:28",227
"2019-12-25 07:44:35",227
"2019-12-25 08:44:54",227
"2019-12-25 09:44:39",227
"2019-12-25 10:44:35",227
"2019-12-25 11:44:24",227
"2019-12-25 12:44:36",227
"2019-12-25 13:44:30",227
"2019-12-25 14:44:38",227
"2019-12-25 15:44:51",227
"2019-12-25 16:44:34",227
"2019-12-25 17:44:47",227
"2019-12-25 18:44:33",227
"2019-12-25 19:44:26",227
"2019-12-25 20:44:36",227
"2019-12-25 21:44:30",227
"2019-12-25 22:44:42",227
"2019-12-25 23:44:35",227
"2019-12-26 00:44:43",227
"2019-12-26 01:44:49",227
"2019-12-26 02:44:51",227
"2019-12-26 03:44:44",227
"2019-12-26 04:44:50",227
"2019-12-26 05:44:34",227
"2019-12-26 06:44:41",227
"2019-12-26 07:44:39",227
"2019-12-26 08:44:28",227
"2019-12-26 09:44:30",227
"2019-12-26 10:44:28",227
"2019-12-26 11:44:28",227
"2019-12-26 12:44:27",227
"2019-12-26 13:44:30",227
"2019-12-26 14:44:55",227
"2019-12-26 15:44:52",227
"2019-12-26 16:44:48",227
"2019-12-26 17:44:59",227
"2019-12-26 18:44:42",226
"2019-12-26 19:44:34",226
"2019-12-26 20:45:03",226
"2019-12-26 21:44:44",225
"2019-12-26 22:45:01",225
"2019-12-26 23:44:46",225
"2019-12-27 00:44:37",225
"2019-12-27 01:44:45",225
"2019-12-27 02:44:57",225
"2019-12-27 03:44:40",225
"2019-12-27 04:44:57",225
"2019-12-27 05:44:52",225
"2019-12-27 06:44:55",225
"2019-12-27 07:44:29",225
"2019-12-27 08:44:46",225
"2019-12-27 09:44:32",225
"2019-12-27 10:44:27",225
"2019-12-27 11:44:30",225
"2019-12-27 12:44:32",225
"2019-12-27 14:08:03",225
"2019-12-27 14:44:53",225
"2019-12-27 15:44:43",225
"2019-12-27 16:44:49",227
"2019-12-27 17:44:49",227
"2019-12-27 18:44:47",226
"2019-12-27 19:45:11",225
"2019-12-27 20:44:41",225
"2019-12-27 21:44:59",226
"2019-12-27 22:44:47",226
"2019-12-27 23:44:39",226
"2019-12-28 00:44:46",226
"2019-12-28 01:44:44",226
"2019-12-28 02:44:52",226
"2019-12-28 03:44:41",226
"2019-12-28 04:44:50",226
"2019-12-28 05:44:54",226
"2019-12-28 06:44:47",226
"2019-12-28 07:44:33",226
"2019-12-28 08:44:53",226
"2019-12-28 09:44:42",226
"2019-12-28 10:44:39",226
"2019-12-28 11:44:30",226
"2019-12-28 12:44:28",226
"2019-12-28 13:44:35",226
"2019-12-28 14:44:39",226
"2019-12-28 15:44:57",226
"2019-12-28 16:44:37",226
"2019-12-28 17:44:55",226
"2019-12-28 18:44:43",226
"2019-12-28 19:44:36",226
"2019-12-28 20:44:47",226
"2019-12-28 21:44:34",226
"2019-12-28 22:44:45",226
"2019-12-28 23:44:59",226
"2019-12-29 00:44:38",226
"2019-12-29 01:44:55",226
"2019-12-29 02:44:47",226
"2019-12-29 03:45:01",226
"2019-12-29 04:44:47",226
"2019-12-29 05:44:55",226
"2019-12-29 06:45:03",226
"2019-12-29 07:44:44",226
"2019-12-29 08:44:53",226
"2019-12-29 09:44:38",226
"2019-12-29 10:44:39",226
"2019-12-29 11:44:40",226
"2019-12-29 12:44:36",226
"2019-12-29 13:44:38",226
"2019-12-29 14:44:39",226
"2019-12-29 15:44:49",226
"2019-12-29 16:44:51",226
"2019-12-29 17:44:37",226
"2019-12-29 18:44:44",226
"2019-12-29 19:44:49",226
"2019-12-29 20:44:34",226
"2019-12-29 21:45:07",226
"2019-12-29 22:44:46",226
"2019-12-29 23:44:28",226
"2019-12-30 00:44:36",226
"2019-12-30 01:45:00",226
"2019-12-30 02:45:02",226
"2019-12-30 03:44:40",226
"2019-12-30 04:45:11",226
"2019-12-30 05:44:41",226
"2019-12-30 06:44:28",226
"2019-12-30 07:44:24",226
"2019-12-30 08:44:37",226
"2019-12-30 09:44:48",226
"2019-12-30 10:44:24",226
"2019-12-30 11:44:39",226
"2019-12-30 12:44:36",226
"2019-12-30 14:08:02",226
"2019-12-30 14:45:19",226
"2019-12-30 15:44:53",226
"2019-12-30 16:44:49",227
"2019-12-30 17:44:48",227
"2019-12-30 18:44:56",227
"2019-12-30 19:44:49",227
"2019-12-30 20:44:36",229
"2019-12-30 21:44:41",228
"2019-12-30 22:44:33",228
"2019-12-30 23:44:38",228
"2019-12-31 00:44:42",228
"2019-12-31 01:44:33",228
"2019-12-31 02:44:52",228
"2019-12-31 03:44:50",228
"2019-12-31 04:44:43",228
"2019-12-31 05:44:36",228
"2019-12-31 06:44:39",228
"2019-12-31 07:44:31",228
"2019-12-31 08:44:50",228
"2019-12-31 09:44:48",228
"2019-12-31 10:44:54",228
"2019-12-31 11:44:40",228
"2019-12-31 12:44:36",228
"2019-12-31 14:09:04",228
"2019-12-31 14:45:23",228
"2019-12-31 15:45:05",228
"2019-12-31 16:44:48",226
"2019-12-31 17:44:30",226
"2019-12-31 18:44:36",226
"2019-12-31 19:44:47",226
"2019-12-31 20:44:48",227
"2019-12-31 21:44:37",227
"2019-12-31 22:44:34",227
"2019-12-31 23:44:36",227
"2020-01-01 00:44:40",227
"2020-01-01 01:44:36",227
"2020-01-01 02:44:41",227
"2020-01-01 03:44:42",227
"2020-01-01 04:44:33",227
"2020-01-01 05:44:55",227
"2020-01-01 06:44:51",227
"2020-01-01 07:44:37",227
"2020-01-01 08:44:39",227
"2020-01-01 09:44:33",227
"2020-01-01 10:44:26",227
"2020-01-01 11:44:30",227
"2020-01-01 12:44:38",227
"2020-01-01 13:44:29",227
"2020-01-01 14:44:29",227
"2020-01-01 15:44:37",227
"2020-01-01 16:44:38",227
"2020-01-01 17:44:39",227
"2020-01-01 18:44:37",227
"2020-01-01 19:44:28",227
"2020-01-01 20:44:40",227
"2020-01-01 21:44:39",227
"2020-01-01 22:44:42",227
"2020-01-01 23:45:04",227
"2020-01-02 00:44:49",227
"2020-01-02 01:44:47",227
"2020-01-02 02:45:11",227
"2020-01-02 03:44:44",227
"2020-01-02 04:44:39",227
"2020-01-02 05:44:33",227
"2020-01-02 06:44:28",227
"2020-01-02 07:44:34",227
"2020-01-02 08:44:41",227
"2020-01-02 09:44:34",227
"2020-01-02 10:44:34",227
"2020-01-02 11:44:36",227
"2020-01-02 12:44:35",227
"2020-01-02 14:09:33",227
"2020-01-02 14:46:02",227
"2020-01-02 15:45:00",226
"2020-01-02 16:44:49",227
"2020-01-02 17:44:58",226
"2020-01-02 18:44:58",226
"2020-01-02 19:44:47",226
"2020-01-02 20:44:53",226
"2020-01-02 21:44:47",226
"2020-01-02 22:45:31",226
"2020-01-02 23:44:33",226
"2020-01-03 00:44:57",226
"2020-01-03 01:44:50",226
"2020-01-03 02:44:54",226
"2020-01-03 03:44:48",226
"2020-01-03 04:44:44",226
"2020-01-03 05:44:54",226
"2020-01-03 06:44:50",226
"2020-01-03 07:44:38",226
"2020-01-03 08:44:52",226
"2020-01-03 09:44:34",226
"2020-01-03 10:44:37",226
"2020-01-03 11:44:36",226
"2020-01-03 12:44:39",226
"2020-01-03 14:09:33",226
"2020-01-03 14:48:43",226
"2020-01-03 15:44:45",226
"2020-01-03 16:44:57",226
"2020-01-03 17:45:35",226
"2020-01-03 18:44:55",226
"2020-01-03 19:44:48",226
"2020-01-03 20:44:53",226
"2020-01-03 21:44:37",226
"2020-01-03 22:44:45",226
"2020-01-03 23:44:38",226
"2020-01-04 00:44:51",226
"2020-01-04 01:44:34",226
"2020-01-04 02:44:40",226
"2020-01-04 03:44:48",226
"2020-01-04 04:44:43",226
"2020-01-04 05:44:44",226
"2020-01-04 06:44:47",226
"2020-01-04 07:44:31",226
"2020-01-04 08:44:41",226
"2020-01-04 09:44:37",226
"2020-01-04 10:44:36",226
"2020-01-04 11:44:35",226
"2020-01-04 12:44:36",226
"2020-01-04 13:44:39",226
"2020-01-04 14:44:29",226
"2020-01-04 15:44:42",226
"2020-01-04 16:44:38",226
"2020-01-04 17:44:48",226
"2020-01-04 18:44:41",226
"2020-01-04 19:44:43",226
"2020-01-04 20:44:43",226
"2020-01-04 21:45:12",226
"2020-01-04 22:44:37",226
"2020-01-04 23:44:59",226
"2020-01-05 00:44:34",226
"2020-01-05 01:45:11",226
"2020-01-05 02:45:00",226
"2020-01-05 03:44:59",226
"2020-01-05 04:44:39",226
"2020-01-05 05:44:39",226
"2020-01-05 06:44:33",226
"2020-01-05 07:44:34",226
"2020-01-05 08:44:25",226
"2020-01-05 09:44:27",226
"2020-01-05 10:44:27",226
"2020-01-05 11:44:39",226
"2020-01-05 12:44:30",226
"2020-01-05 13:44:36",226
"2020-01-05 14:44:34",226
"2020-01-05 15:44:36",226
"2020-01-05 16:44:41",226
"2020-01-05 17:45:17",226
"2020-01-05 18:44:53",226
"2020-01-05 20:44:44",226
"2020-01-05 21:45:03",226
"2020-01-05 22:44:42",226
"2020-01-05 23:44:46",226
"2020-01-06 00:44:46",226
"2020-01-06 01:44:49",226
"2020-01-06 02:45:00",226
"2020-01-06 03:44:54",226
"2020-01-06 04:44:59",226
"2020-01-06 05:44:52",226
"2020-01-06 06:44:46",226
"2020-01-06 07:44:40",226
"2020-01-06 08:44:43",226
"2020-01-16 06:44:34",217
"2020-01-16 07:44:28",217
"2020-01-16 08:44:36",217
"2020-01-16 09:44:29",217
"2020-01-16 10:44:30",217
"2020-01-16 11:44:34",217
"2020-01-16 12:44:31",217
"2020-01-16 14:09:34",217
"2020-01-16 15:44:34",217
"2020-01-16 16:44:42",216
"2020-01-16 17:44:43",216
"2020-01-16 18:44:30",217
"2020-01-16 19:44:35",217
"2020-01-16 20:44:34",217
"2020-01-16 21:44:32",217
"2020-01-16 22:44:35",217
"2020-01-16 23:44:30",217
"2020-01-17 00:44:51",217
"2020-01-17 01:44:59",217
"2020-01-17 02:44:32",217
"2020-01-17 03:44:29",217
"2020-01-17 04:44:27",217
"2020-01-17 05:44:27",217
"2020-01-17 06:44:33",217
"2020-01-17 07:44:18",217
"2020-01-17 08:44:24",217
"2020-01-17 09:45:00",217
"2020-01-17 10:44:15",217
"2020-01-17 11:44:19",217
"2020-01-17 12:44:23",217
"2020-01-17 14:07:36",217
"2020-01-17 14:44:38",217
"2020-01-17 15:44:35",216
"2020-01-17 16:44:35",216
"2020-01-17 17:44:29",216
"2020-01-17 18:44:33",215
"2020-01-17 19:44:31",215
"2020-01-17 20:44:28",215
"2020-01-17 21:44:24",215
"2020-01-17 22:44:27",215
"2020-01-17 23:44:27",215
"2020-01-18 00:44:45",215
"2020-01-18 01:44:28",215
"2020-01-18 02:44:27",215
"2020-01-18 03:44:29",215
"2020-01-18 04:44:30",215
"2020-01-18 05:44:35",215
"2020-01-18 06:44:17",215
"2020-01-18 07:44:28",215
"2020-01-18 08:44:30",215
"2020-01-18 09:44:18",215
"2020-01-18 10:44:22",215
"2020-01-18 11:44:19",215
"2020-01-18 12:44:22",215
"2020-01-18 13:44:28",215
"2020-01-18 14:44:31",215
"2020-01-18 15:44:32",215
"2020-01-18 16:44:19",215
"2020-01-18 17:44:36",215
"2020-01-18 18:44:25",215
"2020-01-18 19:44:55",215
"2020-01-18 20:44:31",215
"2020-01-18 21:44:32",215
"2020-01-18 22:44:28",215
"2020-01-18 23:44:23",215
"2020-01-19 00:44:18",215
"2020-01-19 01:44:29",215
"2020-01-19 02:44:30",215
"2020-01-19 03:44:37",215
"2020-01-19 04:44:26",215
"2020-01-19 05:44:28",215
"2020-01-19 06:44:26",215
"2020-01-19 07:44:19",215
"2020-01-19 08:44:41",215
"2020-01-19 09:44:25",215
"2020-01-19 10:44:16",215
"2020-01-19 11:44:19",215
"2020-01-19 12:44:28",215
"2020-01-19 13:44:23",215
"2020-01-19 14:44:43",215
"2020-01-19 15:44:55",215
"2020-01-19 16:44:25",215
"2020-01-19 17:44:24",215
"2020-01-19 18:44:17",215
"2020-01-19 19:45:00",215
"2020-01-19 20:44:22",215
"2020-01-19 21:44:29",215
"2020-01-19 22:44:30",215
"2020-01-19 23:45:06",215
"2020-01-20 00:44:59",215
"2020-01-20 01:44:55",215
"2020-01-20 02:44:44",215
"2020-01-20 03:44:56",215
"2020-01-20 04:44:50",215
"2020-01-20 05:44:17",215
"2020-01-20 06:44:53",215
"2020-01-20 07:44:23",215
"2020-01-20 08:44:51",215
"2020-01-20 09:52:27",215
"2020-01-20 10:44:42",215
"2020-01-20 11:44:19",215
"2020-01-20 12:44:22",215
"2020-01-20 13:44:46",215
"2020-01-20 14:44:45",215
"2020-01-20 15:44:55",215
"2020-01-20 16:44:29",215
"2020-01-20 17:44:52",215
"2020-01-20 18:44:25",215
"2020-01-20 19:44:52",215
"2020-01-20 20:44:54",215
"2020-01-20 21:44:53",215
"2020-01-20 22:44:57",215
"2020-01-20 23:44:50",215
"2020-01-21 00:44:57",215
"2020-01-21 01:44:51",215
"2020-01-21 02:44:55",215
"2020-01-21 03:44:22",215
"2020-01-21 04:44:32",215
"2020-01-21 05:44:26",215
"2020-01-21 06:44:21",215
"2020-01-21 07:44:20",215
"2020-01-21 08:44:30",215
"2020-01-21 10:00:57",215
"2020-01-21 10:44:55",215
"2020-01-21 11:44:30",215
"2020-01-21 12:44:24",215
"2020-01-21 13:44:28",215
"2020-01-21 15:45:05",214
"2020-01-21 16:44:35",214
"2020-01-21 17:45:00",213
"2020-01-21 18:44:37",213
"2020-01-21 19:44:58",213
"2020-01-21 20:44:31",214
"2020-01-21 21:44:58",215
"2020-01-21 22:44:48",215
"2020-01-21 23:44:25",215
"2020-01-22 00:44:29",215
"2020-01-22 01:44:31",215
"2020-01-22 02:44:53",215
"2020-01-22 03:44:36",215
"2020-01-22 04:44:36",215
"2020-01-22 05:44:33",215
"2020-01-22 06:44:28",215
"2020-01-22 07:44:30",215
"2020-01-22 08:44:33",215
"2020-01-22 09:57:08",215
"2020-01-22 10:44:18",215
"2020-01-22 11:44:23",215
"2020-01-22 12:44:50",215
"2020-01-22 13:44:56",215
"2020-01-22 14:44:50",215
"2020-01-22 15:44:34",215
"2020-01-22 16:45:01",215
"2020-01-22 17:44:48",215
"2020-01-22 18:44:50",215
"2020-01-22 19:45:00",216
"2020-01-22 20:44:56",215
"2020-01-22 21:45:00",215
"2020-01-22 22:44:40",214
"2020-01-22 23:44:52",214
"2020-01-23 00:44:59",214
"2020-01-23 01:44:59",214
"2020-01-23 02:44:35",214
"2020-01-23 03:44:32",214
"2020-01-23 04:44:37",214
"2020-01-23 05:44:24",214
"2020-01-23 06:44:29",214
"2020-01-23 07:44:27",214
"2020-01-23 08:44:28",214
"2020-01-23 10:44:21",214
"2020-01-23 11:44:29",214
"2020-01-23 12:44:25",214
"2020-01-23 14:09:05",214
"2020-01-23 14:44:48",214
"2020-01-23 15:44:34",214
"2020-01-23 16:44:29",214
"2020-01-23 17:44:28",214
"2020-01-23 18:44:39",214
"2020-01-23 19:44:28",214
"2020-01-23 20:44:35",214
"2020-01-23 21:44:40",213
"2020-01-23 22:44:29",213
"2020-01-23 23:44:35",213
"2020-01-24 00:44:27",213
"2020-01-24 01:44:34",213
"2020-01-24 02:44:55",213
"2020-01-24 03:44:24",213
"2020-01-24 04:44:26",213
"2020-01-24 05:44:40",213
"2020-01-24 06:44:21",213
"2020-01-24 07:44:36",213
"2020-01-24 08:44:24",213
"2020-01-24 09:55:12",213
"2020-01-24 10:44:25",213
"2020-01-24 11:44:17",213
"2020-01-24 12:44:25",213
"2020-01-24 14:08:05",213
"2020-01-24 14:44:38",213
"2020-01-24 15:44:33",213
"2020-01-24 16:44:35",213
"2020-01-24 17:44:28",213
"2020-01-24 18:44:31",213
"2020-01-24 19:44:37",213
"2020-01-24 20:44:35",213
"2020-01-24 21:44:32",213
"2020-01-24 22:44:24",213
"2020-01-24 23:44:31",213
"2020-01-25 00:44:24",213
"2020-01-25 01:44:30",213
"2020-01-25 02:44:43",213
"2020-01-25 03:44:34",213
"2020-01-25 04:44:31",213
"2020-01-25 05:44:37",213
"2020-01-25 06:44:27",213
"2020-01-25 07:44:31",213
"2020-01-25 08:44:33",213
"2020-01-25 09:55:39",213
"2020-01-25 10:44:25",213
"2020-01-25 11:44:22",213
"2020-01-25 12:44:31",213
"2020-01-25 14:44:21",213
"2020-01-25 15:44:24",213
"2020-01-25 16:44:29",213
"2020-01-25 17:44:34",213
"2020-01-25 18:44:30",213
"2020-01-25 19:44:29",213
"2020-01-25 20:44:28",213
"2020-01-25 21:44:22",213
"2020-01-25 22:44:29",213
"2020-01-25 23:44:23",213
"2020-01-26 00:44:32",213
"2020-01-26 01:44:29",213
"2020-01-26 02:44:32",213
"2020-01-26 03:44:35",213
"2020-01-26 04:44:27",213
"2020-01-26 06:44:21",213
"2020-01-26 07:44:21",213
"2020-01-27 02:44:26",213
"2020-01-27 03:44:30",213
"2020-01-27 04:44:36",213
"2020-01-27 05:44:35",213
"2020-01-27 06:44:37",213
"2020-01-27 07:44:28",213
"2020-01-27 08:44:29",213
"2020-01-27 09:44:37",213
"2020-01-27 10:44:27",213
"2020-01-27 11:44:30",213
"2020-01-27 12:44:20",213
"2020-01-27 13:44:31",213
"2020-01-27 14:45:18",213
"2020-01-27 15:44:53",213
"2020-01-27 16:44:40",213
"2020-01-27 17:44:42",213
"2020-01-27 18:44:36",212
"2020-01-27 19:44:50",211
"2020-01-27 20:44:39",211
"2020-01-27 21:44:36",211
"2020-01-27 22:45:04",211
"2020-01-27 23:44:46",211
"2020-01-28 00:44:27",211
"2020-01-28 01:44:43",211
"2020-01-28 02:44:45",211
"2020-01-28 03:44:34",211
"2020-01-28 04:44:35",211
"2020-01-28 05:44:38",211
"2020-01-28 06:44:22",211
"2020-01-28 07:44:21",211
"2020-01-28 08:44:35",211
"2020-01-28 09:44:50",211
"2020-01-28 10:44:21",211
"2020-01-28 11:44:27",211
"2020-01-28 12:44:25",211
"2020-01-28 14:08:37",211
"2020-01-28 14:44:58",211
"2020-01-28 15:44:43",211
"2020-01-28 16:44:45",212
"2020-01-28 17:44:38",212
"2020-01-28 18:44:38",212
"2020-01-28 19:44:39",212
"2020-01-28 21:44:55",211
"2020-01-28 22:44:44",211
"2020-01-28 23:44:30",211
"2020-01-29 00:44:34",211
"2020-01-29 01:44:36",211
"2020-01-29 02:44:57",211
"2020-01-29 03:44:44",211
"2020-01-29 04:44:40",211
"2020-01-29 05:44:36",211
"2020-01-29 06:44:31",211
"2020-01-29 07:44:21",211
"2020-01-29 08:44:33",211
"2020-01-29 09:44:41",211
"2020-01-29 10:44:24",211
"2020-01-29 11:44:24",211
"2020-01-29 12:44:30",211
"2020-01-29 13:44:48",211
"2020-01-29 14:44:53",211
"2020-01-29 15:44:55",211
"2020-01-29 16:44:43",211
"2020-01-29 17:44:56",211
"2020-01-29 18:44:47",211
"2020-01-29 19:44:48",211
"2020-01-29 20:44:51",212
"2020-01-29 21:44:45",211
"2020-01-29 22:44:36",211
"2020-01-29 23:44:36",211
"2020-01-30 00:44:47",211
"2020-01-30 01:44:54",211
"2020-01-30 02:44:49",211
"2020-01-30 03:44:33",211
"2020-01-30 04:44:54",211
"2020-01-30 05:44:55",211
"2020-01-30 06:44:47",211
"2020-01-30 07:44:33",211
"2020-01-30 08:44:34",211
"2020-01-30 09:44:40",211
"2020-01-30 10:44:20",211
"2020-01-30 11:44:27",211
"2020-01-30 12:44:33",211
"2020-01-30 13:44:31",211
"2020-01-30 14:44:56",212
"2020-01-30 15:44:52",213
"2020-01-30 16:44:52",213
"2020-01-30 17:44:49",213
"2020-01-30 18:44:45",213
"2020-01-30 19:44:53",213
"2020-01-30 20:44:36",214
"2020-01-30 21:44:52",214
"2020-01-30 22:44:26",214
"2020-01-30 23:44:31",214
"2020-01-31 00:44:35",214
"2020-01-31 01:44:49",214
"2020-01-31 02:44:39",214
"2020-01-31 03:44:42",214
"2020-01-31 04:44:35",214
"2020-01-31 05:44:32",214
"2020-01-31 06:44:24",214
"2020-01-31 07:44:29",214
"2020-01-31 08:44:48",214
"2020-01-31 09:44:41",214
"2020-01-31 10:44:32",214
"2020-01-31 11:44:26",214
"2020-01-31 12:44:31",214
"2020-01-31 13:44:40",214
"2020-01-31 14:44:46",214
"2020-01-31 15:44:38",216
"2020-01-31 16:44:38",217
"2020-01-31 17:44:36",217
"2020-01-31 18:44:40",217
"2020-01-31 19:44:37",217
"2020-01-31 20:44:40",217
"2020-01-31 21:44:28",217
"2020-01-31 22:44:32",217
"2020-01-31 23:44:35",217
"2020-02-01 00:44:27",217
"2020-02-01 01:44:49",217
"2020-02-01 02:44:33",217
"2020-02-01 03:44:31",217
"2020-02-01 04:44:40",217
"2020-02-01 05:44:45",217
"2020-02-01 06:44:41",217
"2020-02-01 07:44:32",217
"2020-02-01 08:44:34",217
"2020-02-01 09:44:40",217
"2020-02-01 10:44:27",216
"2020-02-01 11:44:26",216
"2020-02-01 12:44:27",216
"2020-02-01 13:44:33",216
"2020-02-01 14:44:38",216
"2020-02-01 15:44:33",216
"2020-02-01 16:44:30",216
"2020-02-01 17:44:40",216
"2020-02-01 18:44:33",216
"2020-02-01 19:44:37",216
"2020-02-01 20:44:36",216
"2020-02-01 21:44:50",216
"2020-02-01 22:44:42",216
"2020-02-01 23:44:45",216
"2020-02-02 00:44:43",216
"2020-02-02 01:44:51",216
"2020-02-02 02:44:39",216
"2020-02-02 03:44:37",216
"2020-02-02 04:44:40",216
"2020-02-02 05:44:42",216
"2020-02-02 06:44:39",216
"2020-02-02 07:44:37",216
"2020-02-02 08:44:44",216
"2020-02-02 09:44:40",216
"2020-02-02 10:44:35",216
"2020-02-02 11:44:35",216
"2020-02-02 12:44:42",216
"2020-02-02 13:44:43",216
"2020-02-02 14:44:40",216
"2020-02-02 15:44:39",216
"2020-02-02 16:44:39",216
"2020-02-02 17:44:50",216
"2020-02-02 18:44:36",216
"2020-02-02 19:44:43",216
"2020-02-02 20:44:47",216
"2020-02-02 21:44:40",216
"2020-02-02 22:44:43",216
"2020-02-02 23:44:54",216
"2020-02-03 00:45:02",216
"2020-02-03 01:44:55",216
"2020-02-03 02:44:47",216
"2020-02-03 03:44:45",216
"2020-02-03 04:44:47",216
"2020-02-03 05:44:44",216
"2020-02-03 06:44:34",216
"2020-02-03 07:44:39",216
"2020-02-03 08:44:42",216
"2020-02-03 09:44:46",216
"2020-02-03 10:44:37",216
"2020-02-03 11:44:39",216
"2020-02-03 12:44:33",216
"2020-02-03 14:45:17",216
"2020-02-03 14:53:03",216
"2020-02-03 15:44:57",217
"2020-02-03 16:44:49",217
"2020-02-03 17:44:52",217
"2020-02-03 18:44:55",217
"2020-02-03 19:44:51",217
"2020-02-03 20:44:50",217
"2020-02-03 21:44:44",217
"2020-02-03 22:44:43",217
"2020-02-03 23:44:47",217
"2020-02-04 00:44:45",217
"2020-02-04 01:44:49",217
"2020-02-04 02:44:55",217
"2020-02-04 03:44:52",217
"2020-02-04 04:44:50",217
"2020-02-04 05:44:52",217
"2020-02-04 06:44:44",217
"2020-02-04 07:44:49",217
"2020-02-04 08:44:31",217
"2020-02-04 09:44:51",217
"2020-02-04 10:44:38",217
"2020-02-04 11:44:48",217
"2020-02-04 12:44:45",217
"2020-02-04 14:12:11",217
"2020-02-04 15:44:50",217
"2020-02-04 16:44:48",217
"2020-02-04 17:44:49",218
"2020-02-04 18:44:49",218
"2020-02-04 19:44:43",218
"2020-02-04 20:44:41",218
"2020-02-04 21:44:48",218
"2020-02-04 22:44:48",218
"2020-02-04 23:44:49",218
"2020-02-05 00:44:47",218
"2020-02-05 01:44:50",218
"2020-02-05 02:44:48",218
"2020-02-05 03:44:45",218
"2020-02-05 04:45:13",218
"2020-02-05 05:44:43",218
"2020-02-05 06:44:54",218
"2020-02-05 07:44:47",218
"2020-02-05 08:44:48",218
"2020-02-05 09:44:45",218
"2020-02-05 10:44:44",218
"2020-02-05 11:44:46",218
"2020-02-05 12:44:49",218
"2020-02-05 14:06:11",218
"2020-02-05 14:45:00",218
"2020-02-05 15:44:57",218
"2020-02-05 16:44:54",218
"2020-02-05 17:44:47",217
"2020-02-05 18:44:37",217
"2020-02-05 19:44:50",217
"2020-02-05 20:44:57",217
"2020-02-05 21:44:47",217
"2020-02-05 22:44:46",217
"2020-02-05 23:44:46",217
"2020-02-06 00:44:56",217
"2020-02-06 01:44:53",217
"2020-02-06 02:44:56",217
"2020-02-06 03:45:05",217
"2020-02-06 04:45:03",217
"2020-02-06 05:44:51",217
"2020-02-06 06:44:41",217
"2020-02-06 07:44:48",217
"2020-02-06 08:44:45",217
"2020-02-06 09:44:42",217
"2020-02-06 10:44:33",217
"2020-02-06 11:44:40",217
"2020-02-06 12:44:44",217
"2020-02-06 13:44:41",217
"2020-02-06 14:44:52",217
"2020-02-06 15:45:02",217
"2020-02-06 16:44:48",215
"2020-02-06 17:44:47",215
"2020-02-06 18:44:51",215
"2020-02-06 19:44:53",215
"2020-02-06 20:44:53",216
"2020-02-06 21:44:46",216
"2020-02-06 22:44:50",216
"2020-02-06 23:44:44",215
"2020-02-07 00:44:40",215
"2020-02-07 01:44:57",215
"2020-02-07 02:44:43",215
"2020-02-07 03:44:52",215
"2020-02-07 04:44:49",215
"2020-02-07 05:44:55",215
"2020-02-07 06:44:57",215
"2020-02-07 07:44:49",215
"2020-02-07 08:44:48",215
"2020-02-07 09:44:52",215
"2020-02-07 10:44:44",215
"2020-02-07 11:44:44",215
"2020-02-07 12:44:38",215
"2020-02-07 14:07:41",215
"2020-02-07 14:44:57",215
"2020-02-07 15:44:49",214
"2020-02-07 16:44:53",215
"2020-02-07 17:45:00",216
"2020-02-07 18:44:47",216
"2020-02-07 19:44:55",216
"2020-02-07 20:44:50",216
"2020-02-07 21:44:43",216
"2020-02-07 22:44:50",216
"2020-02-07 23:44:40",216
"2020-02-08 00:44:46",216
"2020-02-08 01:44:39",216
"2020-02-08 02:44:46",216
"2020-02-08 03:44:50",216
"2020-02-08 04:44:49",216
"2020-02-08 05:44:45",216
"2020-02-08 06:44:43",216
"2020-02-08 07:44:52",216
"2020-02-08 08:44:38",216
"2020-02-08 09:44:45",216
"2020-02-08 10:44:34",216
"2020-02-08 11:44:43",216
"2020-02-08 12:44:40",216
"2020-02-08 13:44:41",216
"2020-02-08 14:44:51",216
"2020-02-08 15:44:47",216
"2020-02-08 16:44:49",216
"2020-02-08 17:44:52",216
"2020-02-08 18:47:32",216
"2020-02-08 19:44:42",216
"2020-02-08 20:44:51",216
"2020-02-08 21:44:48",216
"2020-02-08 22:44:46",216
"2020-02-08 23:44:46",216
"2020-02-09 00:44:41",216
"2020-02-09 01:44:45",216
"2020-02-09 02:44:54",216
"2020-02-09 03:44:48",216
"2020-02-09 04:44:40",216
"2020-02-09 05:44:42",216
"2020-02-09 06:44:45",216
"2020-02-09 07:44:42",216
"2020-02-09 08:44:42",216
"2020-02-09 09:44:47",216
"2020-02-09 10:44:47",216
"2020-02-09 11:44:47",216
"2020-02-09 12:44:38",216
"2020-02-09 13:44:43",216
"2020-02-09 14:44:41",216
"2020-02-09 15:44:47",216
"2020-02-09 16:44:43",216
"2020-02-09 17:44:50",216
"2020-02-09 18:44:43",216
"2020-02-09 19:44:50",216
"2020-02-09 20:44:47",216
"2020-02-09 21:45:00",216
"2020-02-09 22:44:43",216
"2020-02-09 23:45:20",216
"2020-02-10 00:44:50",216
"2020-02-10 01:44:45",216
"2020-02-10 02:44:48",216
"2020-02-10 03:44:47",216
"2020-02-10 04:44:43",216
"2020-02-10 05:44:57",216
"2020-02-10 06:44:54",216
"2020-02-10 07:44:46",216
"2020-02-10 08:44:41",216
"2020-02-10 09:44:50",216
"2020-02-10 10:44:44",216
"2020-02-10 11:44:44",216
"2020-02-10 12:44:40",216
"2020-02-10 13:44:41",216
"2020-02-10 14:44:55",216
"2020-02-10 15:44:59",215
"2020-02-10 16:44:55",214
"2020-02-10 17:44:47",213
"2020-02-10 18:44:53",213
"2020-02-10 19:44:49",213
"2020-02-10 20:44:57",213
"2020-02-10 21:44:52",213
"2020-02-10 22:44:47",213
"2020-02-10 23:44:44",213
"2020-02-11 00:44:52",213
"2020-02-11 01:45:06",213
"2020-02-11 02:44:51",213
"2020-02-11 03:44:50",213
"2020-02-11 04:44:51",213
"2020-02-11 05:44:47",213
"2020-02-11 06:44:52",213
"2020-02-11 07:44:42",213
"2020-02-11 08:44:50",213
"2020-02-11 09:44:51",213
"2020-02-11 10:44:37",213
"2020-02-11 11:44:39",213
"2020-02-11 12:44:32",213
"2020-02-11 14:08:10",213
"2020-02-11 14:45:01",213
"2020-02-11 15:44:51",213
"2020-02-11 16:44:59",213
"2020-02-11 17:44:50",213
"2020-02-11 18:44:53",213
"2020-02-11 19:44:52",213
"2020-02-11 20:44:52",213
"2020-02-11 21:46:57",214
"2020-02-11 22:45:06",214
"2020-02-11 23:44:42",214
"2020-02-12 00:45:08",214
"2020-02-12 01:44:50",214
"2020-02-12 02:45:14",214
"2020-02-12 03:44:46",214
"2020-02-12 04:44:54",214
"2020-02-12 05:44:47",214
"2020-02-12 06:44:51",214
"2020-02-12 07:44:42",214
"2020-02-12 08:44:46",214
"2020-02-12 09:44:53",214
"2020-02-12 10:44:38",214
"2020-02-12 11:44:44",214
"2020-02-12 12:44:40",214
"2020-02-12 14:08:11",214
"2020-02-12 14:45:01",214
"2020-02-12 15:44:54",214
"2020-02-12 16:44:47",214
"2020-02-12 17:44:52",214
"2020-02-12 18:44:53",214
"2020-02-12 19:44:52",214
"2020-02-12 20:44:56",213
"2020-02-12 21:44:50",213
"2020-02-12 22:44:35",213
"2020-02-12 23:44:29",213
"2020-02-13 00:44:55",213
"2020-02-13 01:44:40",213
"2020-02-13 02:44:59",213
"2020-02-13 03:44:52",213
"2020-02-13 04:44:47",213
"2020-02-13 05:44:49",213
"2020-02-13 06:44:58",213
"2020-02-13 07:44:38",213
"2020-02-13 08:44:45",213
"2020-02-13 09:44:35",213
"2020-02-13 10:44:25",213
"2020-02-13 11:44:46",213
"2020-02-13 12:44:35",213
"2020-02-13 14:08:09",213
"2020-02-13 14:44:44",213
"2020-02-13 15:44:47",208
"2020-02-13 16:44:44",208
"2020-02-13 17:45:01",209
"2020-02-13 18:45:00",209
"2020-02-13 19:44:53",209
"2020-02-13 20:44:43",209
"2020-02-13 21:44:46",208
"2020-02-13 22:44:35",208
"2020-02-13 23:44:39",208
"2020-02-14 00:44:32",208
"2020-02-14 01:44:50",208
"2020-02-14 02:44:49",208
"2020-02-14 03:44:38",208
"2020-02-14 04:44:43",208
"2020-02-14 05:44:39",208
"2020-02-14 06:44:28",208
"2020-02-14 07:44:25",208
"2020-02-14 08:44:42",208
"2020-02-14 09:44:39",208
"2020-02-14 10:44:34",208
"2020-02-14 11:44:30",208
"2020-02-14 12:44:36",208
"2020-02-14 13:44:44",208
"2020-02-14 14:44:52",208
"2020-02-14 15:45:00",210
"2020-02-14 16:44:45",210
"2020-02-14 17:44:46",210
"2020-02-14 18:44:34",210
"2020-02-14 19:44:43",210
"2020-02-14 20:44:49",210
"2020-02-14 21:44:37",210
"2020-02-14 22:44:32",210
"2020-02-14 23:44:47",210
"2020-02-15 00:44:32",210
"2020-02-15 01:44:47",210
"2020-02-15 02:44:46",210
"2020-02-15 03:44:37",210
"2020-02-15 04:44:43",210
"2020-02-15 05:44:17",210
"2020-02-15 06:44:33",210
"2020-02-15 07:44:21",210
"2020-02-15 08:44:18",210
"2020-02-15 09:44:22",210
"2020-02-15 10:44:16",210
"2020-02-15 11:44:19",210
"2020-02-15 12:44:28",210
"2020-02-15 13:44:19",210
"2020-02-15 14:44:22",210
"2020-02-15 15:44:23",210
"2020-02-15 16:44:17",210
"2020-02-15 17:44:19",210
"2020-02-15 18:44:35",210
"2020-02-15 19:44:18",210
"2020-02-15 20:44:19",210
"2020-02-15 21:44:19",210
"2020-02-15 22:44:20",210
"2020-02-15 23:44:20",210
"2020-02-16 00:44:19",210
"2020-02-16 01:44:19",210
"2020-02-16 02:44:18",210
"2020-02-16 03:44:16",210
"2020-02-16 04:44:21",210
"2020-02-16 05:44:21",210
"2020-02-16 06:44:18",210
"2020-02-16 07:44:17",210
"2020-02-16 08:44:18",210
"2020-02-16 09:44:21",210
"2020-02-16 10:44:18",210
"2020-02-16 11:44:19",210
"2020-02-16 12:44:19",210
"2020-02-16 13:44:18",210
"2020-02-16 14:44:21",210
"2020-02-16 15:44:34",210
"2020-02-16 16:44:32",210
"2020-02-16 17:44:20",210
"2020-02-16 18:44:22",210
"2020-02-16 19:44:19",210
"2020-02-16 20:44:20",210
"2020-02-16 21:44:19",210
"2020-02-16 22:44:19",210
"2020-02-16 23:44:21",210
"2020-02-17 00:44:20",210
"2020-02-17 01:44:17",210
"2020-02-17 02:44:23",210
"2020-02-17 03:44:18",210
"2020-02-17 04:44:20",210
"2020-02-17 05:44:20",210
"2020-02-17 06:44:21",210
"2020-02-17 07:44:18",210
"2020-02-17 08:44:21",210
"2020-02-17 09:44:21",210
"2020-02-17 10:44:18",210
"2020-02-17 11:44:18",210
"2020-02-17 12:44:29",210
"2020-02-17 13:44:17",210
"2020-02-17 14:44:15",210
"2020-02-17 15:44:19",210
"2020-02-17 16:44:27",210
"2020-02-17 17:44:16",210
"2020-02-17 18:44:19",210
"2020-02-17 19:44:17",210
"2020-02-17 20:44:18",210
"2020-02-17 22:44:25",210
"2020-02-17 23:44:31",210
"2020-02-18 00:44:17",210
"2020-02-18 01:44:18",210
"2020-02-18 02:44:24",210
"2020-02-18 03:44:20",210
"2020-02-18 04:44:20",210
"2020-02-18 05:44:44",210
"2020-02-18 06:44:30",210
"2020-02-18 07:44:28",210
"2020-02-18 08:44:39",210
"2020-02-18 09:44:39",210
"2020-02-18 10:44:33",210
"2020-02-18 11:44:29",210
"2020-02-18 12:44:51",210
"2020-02-18 14:08:39",210
"2020-02-18 14:44:51",210
"2020-02-18 15:44:47",210
"2020-02-18 16:44:47",210
"2020-02-18 17:44:40",210
"2020-02-18 18:44:38",209
"2020-02-18 19:44:44",209
"2020-02-18 20:44:44",209
"2020-02-18 21:44:35",209
"2020-02-18 22:44:32",209
"2020-02-18 23:44:43",209
"2020-02-19 01:44:42",209
"2020-02-19 02:44:41",209
"2020-02-19 03:44:46",209
"2020-02-19 04:44:39",209
"2020-02-19 05:44:31",209
"2020-02-19 06:44:42",209
"2020-02-19 07:44:35",209
"2020-02-19 08:44:32",209
"2020-02-19 09:44:44",209
"2020-02-19 10:44:27",209
"2020-02-19 11:44:26",209
"2020-02-19 12:44:36",209
"2020-02-19 14:10:10",209
"2020-02-19 14:44:52",209
"2020-02-19 15:44:52",208
"2020-02-19 16:44:33",208
"2020-02-19 17:44:43",208
"2020-02-19 18:44:41",208
"2020-02-19 19:44:29",209
"2020-02-19 20:44:33",209
"2020-02-19 21:44:53",209
"2020-02-19 22:44:41",209
"2020-02-19 23:44:34",209
"2020-02-20 00:44:37",209
"2020-02-20 01:44:41",209
"2020-02-20 02:44:49",209
"2020-02-20 03:44:39",209
"2020-02-20 04:44:43",209
"2020-02-20 05:44:34",209
"2020-02-20 06:44:53",209
"2020-02-20 07:44:43",209
"2020-02-20 08:44:50",209
"2020-02-20 09:44:36",209
"2020-02-20 10:44:40",209
"2020-02-20 11:44:39",209
"2020-02-20 12:44:45",209
"2020-02-20 13:44:47",209
"2020-02-20 14:44:29",209
"2020-02-20 15:44:36",210
"2020-02-20 16:44:28",210
"2020-02-20 17:44:40",210
"2020-02-20 18:44:52",210
"2020-02-20 19:45:03",210
"2020-02-20 20:44:58",210
"2020-02-20 21:44:54",210
"2020-02-20 22:44:59",210
"2020-02-20 23:44:51",210
"2020-02-21 00:44:51",210
"2020-02-21 01:44:52",210
"2020-02-21 02:45:01",210
"2020-02-21 03:45:22",210
"2020-02-21 04:45:24",210
"2020-02-21 05:44:59",210
"2020-02-21 06:44:59",210
"2020-02-21 07:45:05",210
"2020-02-21 08:44:57",210
"2020-02-21 09:45:25",210
"2020-02-21 10:45:49",210
"2020-02-21 11:45:15",210
"2020-02-21 12:45:14",210
"2020-02-21 13:45:18",210
"2020-02-21 14:45:18",210
"2020-02-21 15:45:33",210
"2020-02-21 16:45:48",208
"2020-02-21 17:45:43",208
"2020-02-21 18:45:20",208
"2020-02-21 19:45:04",209
"2020-02-21 20:45:00",209
"2020-02-21 21:45:23",209
"2020-02-21 22:45:03",209
"2020-02-21 23:46:33",209
"2020-02-22 00:45:37",209
"2020-02-22 01:45:08",209
"2020-02-22 02:45:07",209
"2020-02-22 03:45:34",209
"2020-02-22 04:45:18",209
"2020-02-22 05:44:59",209
"2020-02-22 06:44:36",209
"2020-02-22 07:44:57",209
"2020-02-22 08:45:18",209
"2020-02-22 09:44:36",209
"2020-02-22 10:44:50",209
"2020-02-22 11:44:36",209
"2020-02-22 12:45:04",209
"2020-02-22 13:46:14",209
"2020-02-22 14:44:36",209
"2020-02-22 15:44:44",209
"2020-02-22 16:45:35",209
"2020-02-22 17:45:12",209
"2020-02-22 18:44:42",209
"2020-02-22 19:44:40",209
"2020-02-22 20:45:05",209
"2020-02-22 21:45:53",209
"2020-02-22 22:45:18",209
"2020-02-22 23:44:36",209
"2020-02-23 00:44:42",209
"2020-02-23 01:44:49",209
"2020-02-23 02:44:58",209
"2020-02-23 03:44:44",209
"2020-02-23 04:45:05",209
"2020-02-23 05:45:03",209
"2020-02-23 06:44:43",209
"2020-02-23 07:44:49",209
"2020-02-23 08:45:19",209
"2020-02-23 09:44:44",209
"2020-02-23 10:44:46",209
"2020-02-23 11:44:46",209
"2020-02-23 12:44:44",209
"2020-02-23 13:44:45",209
"2020-02-23 14:45:05",209
"2020-02-23 15:44:44",209
"2020-02-23 16:44:48",209
"2020-02-23 17:44:38",209
"2020-02-23 18:44:45",209
"2020-02-23 19:44:46",209
"2020-02-23 20:44:44",209
"2020-02-23 21:45:05",209
"2020-02-23 22:44:32",209
"2020-02-23 23:44:46",209
"2020-02-24 00:45:16",209
"2020-02-24 01:44:37",209
"2020-02-24 02:45:10",209
"2020-02-24 03:44:44",209
"2020-02-24 04:44:51",209
"2020-02-24 05:45:33",209
"2020-02-24 06:45:01",209
"2020-02-24 07:44:55",209
"2020-02-24 08:45:07",209
"2020-02-24 09:56:34",209
"2020-02-24 10:44:53",209
"2020-02-24 11:45:24",209
"2020-02-24 12:44:53",209
"2020-02-24 13:45:15",209
"2020-02-24 14:45:49",209
"2020-02-24 15:45:03",209
"2020-02-24 16:45:29",209
"2020-02-24 17:45:05",209
"2020-02-24 18:45:13",209
"2020-02-24 19:45:34",209
"2020-02-24 20:45:31",209
"2020-02-24 21:45:24",209
"2020-02-24 22:45:28",209
"2020-02-24 23:44:58",209
"2020-02-25 00:44:59",209
"2020-02-25 01:44:55",209
"2020-02-25 02:45:13",209
"2020-02-25 03:45:06",209
"2020-02-25 04:45:08",209
"2020-02-25 05:45:44",209
"2020-02-25 06:45:10",209
"2020-02-25 07:45:11",209
"2020-02-25 08:45:24",209
"2020-02-25 09:57:18",209
"2020-02-25 10:45:17",209
"2020-02-25 11:45:04",209
"2020-02-25 12:45:09",209
"2020-02-25 14:09:35",209
"2020-02-25 14:45:13",209
"2020-02-25 15:45:12",209
"2020-02-25 16:45:11",208
"2020-02-25 17:45:10",207
"2020-02-25 18:45:25",207
"2020-02-25 19:45:01",207
"2020-02-25 20:45:32",207
"2020-02-25 21:45:30",206
"2020-02-25 22:45:01",206
"2020-02-25 23:45:07",206
"2020-02-26 00:45:02",206
"2020-02-26 01:45:07",206
"2020-02-26 02:45:03",206
"2020-02-26 03:45:02",206
"2020-02-26 04:45:37",206
"2020-02-26 05:45:30",206
"2020-02-26 06:45:33",206
"2020-02-26 07:45:46",206
"2020-02-26 08:45:18",206
"2020-02-26 09:45:11",206
"2020-02-26 10:45:07",206
"2020-02-26 11:45:20",206
"2020-02-26 12:44:57",206
"2020-02-26 13:45:31",206
"2020-02-26 14:45:47",206
"2020-02-26 15:45:30",206
"2020-02-26 16:45:07",206
"2020-02-26 17:45:14",206
"2020-02-26 18:45:11",206
"2020-02-26 19:45:25",206
"2020-02-26 20:45:25",206
"2020-02-26 21:45:24",206
"2020-02-26 22:45:26",206
"2020-02-26 23:45:26",206
"2020-02-27 00:45:01",206
"2020-02-27 01:45:06",206
"2020-02-27 02:44:55",206
"2020-02-27 03:45:36",206
"2020-02-27 04:45:01",206
"2020-02-27 05:45:04",206
"2020-02-27 06:45:03",206
"2020-02-27 07:44:54",206
"2020-02-27 08:45:26",206
"2020-02-27 09:45:10",206
"2020-02-27 10:45:28",206
"2020-02-27 11:45:10",206
"2020-02-27 12:45:24",206
"2020-02-27 14:08:08",206
"2020-02-27 14:45:51",206
"2020-02-27 15:45:28",206
"2020-02-27 16:45:31",206
"2020-02-27 17:45:15",206
"2020-02-27 18:45:25",207
"2020-02-27 19:44:59",207
"2020-02-27 20:45:14",207
"2020-02-27 21:45:05",208
"2020-02-27 22:45:29",208
"2020-02-27 23:45:09",208
"2020-02-28 00:45:36",208
"2020-02-28 01:45:00",208
"2020-02-28 02:44:58",208
"2020-02-28 03:45:30",208
"2020-02-28 04:45:41",208
"2020-02-28 05:45:26",208
"2020-02-28 06:45:21",208
"2020-02-28 07:45:25",208
"2020-02-28 08:45:34",208
"2020-02-28 09:45:36",208
"2020-02-28 10:45:01",208
"2020-02-28 11:45:13",208
"2020-02-28 12:45:20",208
"2020-02-28 14:08:41",208
"2020-02-28 14:45:12",208
"2020-02-28 15:45:06",209
"2020-02-28 16:45:14",209
"2020-02-28 17:45:08",210
"2020-02-28 18:45:12",211
"2020-02-28 19:45:38",210
"2020-02-28 20:45:04",210
"2020-02-28 21:45:01",208
"2020-02-28 22:45:27",208
"2020-02-28 23:45:04",208
"2020-02-29 00:45:07",208
"2020-02-29 01:45:06",208
"2020-02-29 02:45:09",208
"2020-02-29 03:44:58",208
"2020-02-29 04:45:12",208
"2020-02-29 05:45:17",208
"2020-02-29 06:45:03",208
"2020-02-29 07:45:55",208
"2020-02-29 08:46:18",208
"2020-02-29 09:45:53",208
"2020-02-29 10:44:42",208
"2020-02-29 11:44:38",208
"2020-02-29 12:45:57",208
"2020-02-29 13:45:54",208
"2020-02-29 14:44:47",208
"2020-02-29 15:44:45",208
"2020-02-29 16:45:12",208
"2020-02-29 17:45:06",208
"2020-02-29 18:44:47",208
"2020-02-29 19:44:46",208
"2020-02-29 20:44:40",208
"2020-02-29 21:44:56",208
"2020-02-29 22:46:20",208
"2020-02-29 23:45:49",208
"2020-03-01 00:45:52",208
"2020-03-01 01:45:53",208
"2020-03-01 02:44:48",208
"2020-03-01 03:45:53",208
"2020-03-01 04:44:43",208
"2020-03-01 05:45:07",208
"2020-03-01 06:44:45",208
"2020-03-01 07:45:01",208
"2020-03-01 08:44:39",208
"2020-03-01 09:45:53",208
"2020-03-01 10:45:48",208
"2020-03-01 11:44:59",208
"2020-03-01 12:45:07",208
"2020-03-01 13:44:42",208
"2020-03-01 14:44:37",208
"2020-03-01 15:45:55",208
"2020-03-01 16:45:11",208
"2020-03-01 17:45:49",208
"2020-03-01 18:45:56",208
"2020-03-01 19:45:58",208
"2020-03-01 20:45:56",208
"2020-03-01 21:44:43",208
"2020-03-01 22:44:44",208
"2020-03-01 23:45:55",208
"2020-03-02 00:44:36",208
"2020-03-02 01:45:09",208
"2020-03-02 02:45:51",208
"2020-03-02 03:46:20",208
"2020-03-02 04:45:13",208
"2020-03-02 05:46:17",208
"2020-03-02 07:45:05",208
"2020-03-02 08:46:17",208
"2020-03-02 09:46:07",208
"2020-03-02 10:45:17",208
"2020-03-02 11:45:04",208
"2020-03-02 12:45:24",208
"2020-03-02 13:46:20",208
"2020-03-02 18:46:53",208
"2020-03-03 00:45:23",207
"2020-03-03 01:45:41",207
"2020-03-03 02:45:28",207
"2020-03-03 03:45:51",207
"2020-03-03 04:46:16",207
"2020-03-03 06:46:34",207
"2020-03-03 07:45:24",207
"2020-03-03 08:46:44",207
"2020-03-03 09:46:50",207
"2020-03-03 10:45:26",207
"2020-03-03 11:47:07",207
"2020-03-03 12:45:24",207
"2020-03-03 13:46:49",207
"2020-03-03 14:46:34",207
"2020-03-03 16:47:19",208
"2020-03-03 17:46:53",204
"2020-03-03 18:45:05",204
"2020-03-03 19:45:00",204
"2020-03-03 20:45:35",204
"2020-03-03 21:45:25",204
"2020-03-03 22:47:23",204
"2020-03-03 23:46:13",204
"2020-03-04 00:46:39",204
"2020-03-04 01:46:20",204
"2020-03-04 02:45:10",204
"2020-03-04 03:45:21",204
"2020-03-04 04:46:44",204
"2020-03-04 05:45:12",204
"2020-03-04 06:46:34",204
"2020-03-04 07:45:28",204
"2020-03-04 08:46:19",204
"2020-03-04 09:45:26",204
"2020-03-04 10:44:58",204
"2020-03-04 11:46:38",204
"2020-03-04 12:46:35",204
"2020-03-04 13:46:35",204
"2020-03-04 14:45:04",204
"2020-03-04 15:46:48",205
"2020-03-04 16:45:10",206
"2020-03-04 17:45:23",206
"2020-03-04 18:46:15",206
"2020-03-04 19:46:24",206
"2020-03-04 20:46:21",206
"2020-03-04 21:44:57",204
"2020-03-04 22:46:17",204
"2020-03-04 23:45:12",204
"2020-03-05 00:45:20",204
"2020-03-05 01:45:29",204
"2020-03-05 02:45:08",204
"2020-03-05 03:45:11",204
"2020-03-05 04:45:32",204
"2020-03-05 05:45:29",204
"2020-03-05 06:45:12",204
"2020-03-05 07:45:05",204
"2020-03-05 08:46:35",204
"2020-03-05 09:45:32",204
"2020-03-05 10:45:02",204
"2020-03-05 11:46:01",204
"2020-03-05 12:45:23",204
"2020-03-05 13:45:32",204
"2020-03-05 14:46:19",204
"2020-03-05 15:45:29",204
"2020-03-05 16:46:17",204
"2020-03-05 17:45:07",204
"2020-03-05 18:45:14",204
"2020-03-05 19:45:06",205
"2020-03-05 20:45:08",204
"2020-03-05 21:45:04",204
"2020-03-05 22:46:19",204
"2020-03-05 23:46:17",204
"2020-03-06 00:45:02",204
"2020-03-06 01:45:10",204
"2020-03-06 02:46:25",204
"2020-03-06 03:46:17",204
"2020-03-06 04:46:18",204
"2020-03-06 05:46:21",204
"2020-03-06 06:46:40",204
"2020-03-06 07:46:13",204
"2020-03-06 08:45:22",204
"2020-03-06 09:46:26",204
"2020-03-06 10:45:08",204
"2020-03-06 11:46:37",204
"2020-03-06 12:45:12",204
"2020-03-06 13:44:56",204
"2020-03-06 14:46:57",204
"2020-03-06 15:45:31",204
"2020-03-06 16:45:32",204
"2020-03-06 17:45:17",203
"2020-03-06 18:45:02",203
"2020-03-06 19:45:23",203
"2020-03-06 20:45:11",203
"2020-03-06 21:45:03",203
"2020-03-06 22:45:05",203
"2020-03-06 23:45:27",203
"2020-03-07 00:45:01",203
"2020-03-07 01:45:29",203
"2020-03-07 02:45:04",203
"2020-03-07 03:46:42",203
"2020-03-07 04:46:50",203
"2020-03-07 05:46:25",203
"2020-03-07 06:46:21",203
"2020-03-07 07:45:33",203
"2020-03-07 08:46:15",203
"2020-03-07 09:45:22",203
"2020-03-07 10:45:28",203
"2020-03-07 11:46:18",203
"2020-03-07 12:45:24",203
"2020-03-07 13:45:01",203
"2020-03-07 14:45:13",203
"2020-03-07 15:45:07",203
"2020-03-07 16:45:08",203
"2020-03-07 17:45:29",203
"2020-03-07 18:45:11",203
"2020-03-07 19:45:11",203
"2020-03-07 20:46:22",203
"2020-03-07 21:46:45",203
"2020-03-07 22:46:24",203
"2020-03-07 23:46:25",203
"2020-03-08 00:45:10",203
"2020-03-08 01:45:25",203
"2020-03-08 02:45:27",203
"2020-03-08 03:46:25",203
"2020-03-08 04:46:21",203
"2020-03-08 05:46:25",203
"2020-03-08 06:45:50",203
"2020-03-08 07:46:19",203
"2020-03-08 08:46:28",203
"2020-03-08 09:45:34",203
"2020-03-08 10:46:26",203
"2020-03-08 11:45:31",203
"2020-03-08 12:46:43",203
"2020-03-08 13:46:46",203
"2020-03-08 14:45:05",203
"2020-03-08 15:46:26",203
"2020-03-08 16:45:03",203
"2020-03-08 17:45:13",203
"2020-03-08 18:46:49",203
"2020-03-08 19:45:53",203
"2020-03-08 20:45:37",203
"2020-03-08 21:44:59",203
"2020-03-08 22:46:19",203
"2020-03-08 23:45:14",203
"2020-03-09 00:46:36",203
"2020-03-09 01:45:12",203
"2020-03-09 02:46:33",203
"2020-03-09 03:46:30",203
"2020-03-09 04:46:21",203
"2020-03-09 05:45:01",203
"2020-03-09 06:45:05",203
"2020-03-09 07:45:07",203
"2020-03-09 08:45:06",203
"2020-03-09 09:45:25",203
"2020-03-09 10:46:10",203
"2020-03-09 11:46:17",203
"2020-03-09 12:45:43",203
"2020-03-09 13:44:56",203
"2020-03-09 14:46:24",203
"2020-03-09 15:45:30",204
"2020-03-09 16:45:13",204
"2020-03-09 17:44:46",204
"2020-03-09 18:44:52",204
"2020-03-09 19:45:04",204
"2020-03-09 20:45:11",204
"2020-03-09 21:46:14",204
"2020-03-09 22:46:15",204
"2020-03-09 23:46:45",204
"2020-03-10 00:44:57",204
"2020-03-10 01:46:17",204
"2020-03-10 02:45:31",204
"2020-03-10 03:46:42",204
"2020-03-10 04:45:24",204
"2020-03-10 06:46:35",204
"2020-03-10 07:46:35",204
"2020-03-10 08:45:12",204
"2020-03-10 09:46:10",204
"2020-03-10 10:46:03",204
"2020-03-10 11:46:17",204
"2020-03-10 12:45:22",204
"2020-03-10 13:45:42",204
"2020-03-10 14:46:41",205
"2020-03-10 15:46:44",205
"2020-03-10 16:44:57",206
"2020-03-10 17:46:22",205
"2020-03-10 18:46:22",205
"2020-03-10 19:46:24",204
"2020-03-10 20:47:45",204
"2020-03-10 21:46:36",204
"2020-03-10 22:46:15",204
"2020-03-10 23:45:24",204
"2020-03-11 00:46:26",204
"2020-03-11 01:46:34",204
"2020-03-11 02:46:45",204
"2020-03-11 03:45:27",204
"2020-03-11 04:45:32",204
"2020-03-11 05:46:38",204
"2020-03-11 06:46:18",204
"2020-03-11 07:45:04",204
"2020-03-11 08:45:31",204
"2020-03-11 09:44:54",204
"2020-03-11 10:45:04",204
"2020-03-11 11:46:23",204
"2020-03-11 12:46:34",204
"2020-03-11 13:46:23",204
"2020-03-11 14:45:28",206
"2020-03-11 15:45:08",206
"2020-03-11 16:46:40",206
"2020-03-11 17:45:26",206
"2020-03-11 18:45:06",207
"2020-03-11 19:46:39",206
"2020-03-11 20:46:45",206
"2020-03-11 21:45:30",206
"2020-03-11 22:45:29",206
"2020-03-11 23:45:44",206
"2020-03-12 00:44:59",206
"2020-03-12 01:46:21",206
"2020-03-12 02:45:20",206
"2020-03-12 03:46:20",206
"2020-03-12 04:46:37",206
"2020-03-12 05:45:34",206
"2020-03-12 06:45:17",206
"2020-03-12 07:45:24",206
"2020-03-12 08:46:31",206
"2020-03-12 09:45:49",206
"2020-03-12 10:46:20",206
"2020-03-12 11:46:19",206
"2020-03-12 12:46:19",206
"2020-03-12 13:46:54",206
"2020-03-12 14:45:06",206
"2020-03-12 15:45:04",206
"2020-03-12 16:45:17",207
"2020-03-12 17:45:09",206
"2020-03-12 18:46:41",206
"2020-03-12 19:45:35",206
"2020-03-12 20:45:16",207
"2020-03-12 21:46:56",207
"2020-03-12 22:45:02",207
"2020-03-12 23:46:46",207
"2020-03-13 00:46:48",207
"2020-03-13 01:45:05",207
"2020-03-13 02:46:27",207
"2020-03-13 03:46:30",207
"2020-03-13 04:45:27",207
"2020-03-13 05:45:37",207
"2020-03-13 06:47:00",207
"2020-03-13 07:46:54",207
"2020-03-13 08:47:00",207
"2020-03-13 09:47:08",207
"2020-03-13 10:45:30",207
"2020-03-13 11:46:13",207
"2020-03-13 13:08:12",207
"2020-03-13 13:45:45",207
"2020-03-13 14:45:43",207
"2020-03-13 15:45:38",207
"2020-03-13 16:46:29",207
"2020-03-13 17:46:22",208
"2020-03-13 18:46:50",208
"2020-03-13 19:46:27",208
"2020-03-13 20:45:13",208
"2020-03-13 21:45:31",208
"2020-03-13 22:45:12",208
"2020-03-13 23:46:19",208
"2020-03-14 00:45:33",208
"2020-03-14 01:46:46",208
"2020-03-14 02:46:31",208
"2020-03-14 03:45:33",208
"2020-03-14 04:46:47",208
"2020-03-14 05:46:28",208
"2020-03-14 06:45:35",208
"2020-03-14 07:46:43",208
"2020-03-14 08:46:24",208
"2020-03-14 09:46:28",208
"2020-03-14 10:45:25",208
"2020-03-14 11:45:21",208
"2020-03-14 12:45:25",208
"2020-03-14 13:45:11",208
"2020-03-14 14:46:27",208
"2020-03-14 15:45:14",208
"2020-03-14 16:46:20",208
"2020-03-14 17:45:31",208
"2020-03-14 18:46:26",208
"2020-03-14 19:45:35",208
"2020-03-14 20:46:33",208
"2020-03-14 21:46:24",208
"2020-03-14 22:46:51",208
"2020-03-14 23:46:19",208
"2020-03-15 00:45:25",208
"2020-03-15 01:45:28",208
"2020-03-15 02:46:43",208
"2020-03-15 03:46:45",208
"2020-03-15 04:45:16",208
"2020-03-15 05:46:46",208
"2020-03-15 06:45:40",208
"2020-03-15 07:46:54",208
"2020-03-15 09:01:02",208
"2020-03-15 09:45:51",208
"2020-03-15 10:46:18",208
"2020-03-15 11:46:49",208
"2020-03-15 12:46:22",208
"2020-03-15 13:45:14",208
"2020-03-15 14:45:52",208
"2020-03-15 15:45:27",208
"2020-03-15 16:46:18",208
"2020-03-15 17:45:38",208
"2020-03-15 18:46:46",208
"2020-03-15 19:46:24",208
"2020-03-15 20:45:34",208
"2020-03-15 21:45:38",208
"2020-03-15 22:46:24",208
"2020-03-15 23:46:17",208
"2020-03-16 00:45:13",208
"2020-03-16 01:45:12",208
"2020-03-16 02:45:09",208
"2020-03-16 03:46:07",208
"2020-03-16 04:46:27",208
"2020-03-16 05:46:48",208
"2020-03-16 06:45:29",208
"2020-03-16 07:46:43",208
"2020-03-16 08:59:37",208
"2020-03-16 09:46:18",208
"2020-03-16 10:45:34",208
"2020-03-16 11:46:22",208
"2020-03-16 13:09:47",208
"2020-03-16 13:46:36",208
"2020-03-16 14:45:20",207
"2020-03-16 15:46:15",207
"2020-03-16 16:45:20",207
"2020-03-16 17:45:36",207
"2020-03-16 18:45:15",210
"2020-03-16 19:46:44",210
"2020-03-16 20:45:05",210
"2020-03-16 21:45:37",210
"2020-03-16 22:45:17",210
"2020-03-16 23:46:32",210
"2020-03-17 00:46:27",210
"2020-03-17 01:45:21",210
"2020-03-17 02:46:28",210
"2020-03-17 20:11:37",210
"2020-03-17 20:19:25",210
"2020-03-17 20:45:37",210
"2020-03-17 21:45:21",210
"2020-03-17 22:45:16",210
"2020-03-17 23:45:24",210
"2020-03-18 00:45:32",210
"2020-03-18 01:45:42",210
"2020-03-18 02:45:39",210
"2020-03-18 03:45:44",210
"2020-03-18 04:45:35",210
"2020-03-18 05:45:40",210
"2020-03-18 06:45:23",210
"2020-03-18 07:45:43",210
"2020-03-18 08:45:05",210
"2020-03-18 09:45:31",210
"2020-03-18 10:45:14",210
"2020-03-18 11:45:11",210
"2020-03-18 13:09:44",210
"2020-03-18 13:45:49",210
"2020-03-18 14:45:23",210
"2020-03-18 15:45:30",211
"2020-03-18 16:45:23",211
"2020-03-18 17:45:45",210
"2020-03-18 18:45:17",209
"2020-03-18 19:45:30",209
"2020-03-18 20:45:19",209
"2020-03-18 21:45:19",209
"2020-03-18 22:45:12",209
"2020-03-18 23:45:32",209
"2020-03-19 00:45:24",209
"2020-03-19 01:45:30",209
"2020-03-19 02:45:10",209
"2020-03-19 03:45:04",209
"2020-03-19 04:45:14",209
"2020-03-19 05:46:50",209
"2020-03-19 06:45:22",209
"2020-03-19 07:45:23",209
"2020-03-19 08:45:16",209
"2020-03-19 09:45:30",209
"2020-03-19 10:45:03",209
"2020-03-19 11:45:11",209
"2020-03-19 12:45:13",209
"2020-03-19 13:45:20",209
"2020-03-19 14:45:21",209
"2020-03-19 15:45:22",208
"2020-03-19 16:45:22",208
"2020-03-19 17:45:20",209
"2020-03-19 18:45:09",210
"2020-03-19 19:45:27",211
"2020-03-19 20:45:43",211
"2020-03-19 21:45:33",211
"2020-03-19 22:45:14",211
"2020-03-19 23:45:57",211
"2020-03-20 00:45:13",211
"2020-03-20 01:45:15",211
"2020-03-20 02:46:01",211
"2020-03-20 03:45:26",211
"2020-03-20 04:45:23",211
"2020-03-20 06:45:38",211
"2020-03-20 07:45:19",211
"2020-03-20 08:46:01",211
"2020-03-20 09:45:34",211
"2020-03-20 10:45:16",211
"2020-03-20 11:45:18",211
"2020-03-20 13:08:40",211
"2020-03-20 13:45:46",211
"2020-03-20 14:45:19",211
"2020-03-20 15:45:13",211
"2020-03-20 16:45:20",211
"2020-03-20 17:45:20",210
"2020-03-20 18:45:09",210
"2020-03-20 19:45:21",210
"2020-03-20 20:45:16",210
"2020-03-20 21:45:11",210
"2020-03-20 22:45:41",210
"2020-03-20 23:45:41",210
"2020-03-21 00:45:21",210
"2020-03-21 01:45:20",210
"2020-03-21 02:45:34",210
"2020-03-21 03:45:40",210
"2020-03-21 04:45:14",210
"2020-03-21 05:45:12",210
"2020-03-21 06:45:16",210
"2020-03-21 07:45:33",210
"2020-03-21 08:45:38",210
"2020-03-21 09:45:14",210
"2020-03-21 10:45:20",210
"2020-03-21 11:45:27",210
"2020-03-21 12:45:05",210
"2020-03-21 13:45:15",210
"2020-03-21 14:45:51",210
"2020-03-21 15:45:33",210
"2020-03-21 16:45:29",210
"2020-03-21 17:45:41",210
"2020-03-21 18:45:21",210
"2020-03-21 19:45:23",210
"2020-03-21 20:45:08",210
"2020-03-21 21:45:23",210
"2020-03-21 22:45:09",210
"2020-03-21 23:45:16",210
"2020-03-22 00:45:10",210
"2020-03-22 01:45:35",210
"2020-03-22 02:45:11",210
"2020-03-22 03:45:52",210
"2020-03-22 04:45:21",210
"2020-03-22 05:45:25",210
"2020-03-22 06:45:41",210
"2020-03-22 07:45:36",210
"2020-03-22 09:15:22",210
"2020-03-22 09:45:21",210
"2020-03-22 10:45:34",210
"2020-03-22 11:45:10",210
"2020-03-22 12:45:31",210
"2020-03-22 21:55:14",210
"2020-03-22 22:45:33",210
"2020-03-22 23:45:17",210
"2020-03-23 00:45:49",210
"2020-03-23 01:45:36",210
"2020-03-23 02:45:10",210
"2020-03-23 03:45:18",210
"2020-03-23 04:45:50",210
"2020-03-23 05:45:35",210
"2020-03-23 06:45:32",210
"2020-03-23 07:45:17",210
"2020-03-23 08:45:22",210
"2020-03-23 09:45:39",210
"2020-03-23 10:45:16",210
"2020-03-23 11:45:35",210
"2020-03-23 13:08:09",210
"2020-03-23 13:45:25",210
"2020-03-23 14:45:37",211
"2020-03-23 15:45:27",210
"2020-03-23 16:45:42",211
"2020-03-23 17:45:18",212
"2020-03-23 18:45:10",211
"2020-03-23 19:45:33",211
"2020-03-23 20:45:36",211
"2020-03-23 21:45:22",211
"2020-03-23 22:45:17",211
"2020-03-23 23:45:10",211
"2020-03-24 00:45:15",211
"2020-03-24 01:45:13",211
"2020-03-24 02:45:15",211
"2020-03-24 03:45:21",211
"2020-03-24 04:45:39",211
"2020-03-24 05:46:48",211
"2020-03-24 06:45:42",211
"2020-03-24 07:45:48",211
"2020-03-24 09:09:41",211
"2020-03-24 09:45:07",211
"2020-03-24 10:45:05",211
"2020-03-24 11:45:16",211
"2020-03-24 12:44:58",211
"2020-03-24 13:46:03",211
"2020-03-24 14:46:16",210
"2020-03-24 15:45:54",210
"2020-03-24 16:46:13",210
"2020-03-24 17:45:38",210
"2020-03-24 18:45:36",210
"2020-03-24 19:45:24",210
"2020-03-24 20:45:09",210
"2020-03-24 21:45:05",210
"2020-03-24 22:45:39",210
"2020-03-24 23:45:35",210
"2020-03-25 00:45:14",210
"2020-03-25 01:45:17",210
"2020-03-25 02:45:10",210
"2020-03-25 03:45:10",210
"2020-03-25 04:45:01",210
"2020-03-25 06:45:46",210
"2020-03-25 07:45:13",210
"2020-03-25 09:45:16",210
"2020-03-25 10:45:17",210
"2020-03-25 11:45:31",210
"2020-03-25 12:45:37",210
"2020-03-25 13:45:45",210
"2020-03-25 14:45:46",210
"2020-03-25 15:45:59",210
"2020-03-25 16:45:42",210
"2020-03-25 17:45:23",210
"2020-03-25 18:45:14",210
"2020-03-25 19:45:14",210
"2020-03-25 20:45:24",210
"2020-03-25 21:45:08",210
"2020-03-25 22:45:11",210
"2020-03-25 23:45:19",210
"2020-03-26 02:06:31",210
"2020-03-26 02:45:17",210
"2020-03-26 03:45:29",210
"2020-03-26 04:46:04",210
"2020-03-26 05:45:26",210
"2020-03-26 06:45:22",210
"2020-03-26 07:45:25",210
"2020-03-26 08:45:14",210
"2020-03-26 09:45:32",210
"2020-03-26 10:45:04",210
"2020-03-26 11:45:19",210
"2020-03-26 12:45:18",210
"2020-03-26 13:45:22",210
"2020-03-26 14:45:32",210
"2020-03-26 15:45:26",209
"2020-03-26 16:45:20",209
"2020-03-26 17:45:34",209
"2020-03-26 18:45:16",209
"2020-03-26 19:45:15",209
"2020-03-26 20:45:18",209
"2020-03-26 21:45:28",209
"2020-03-26 22:45:09",209
"2020-03-26 23:45:37",209
"2020-03-27 00:45:23",209
"2020-03-27 01:45:29",209
"2020-03-27 02:45:41",209
"2020-03-27 03:45:18",209
"2020-03-27 04:45:26",209
"2020-03-27 05:45:17",209
"2020-03-27 06:45:37",209
"2020-03-27 07:45:40",209
"2020-03-27 08:46:58",209
"2020-03-27 09:45:56",209
"2020-03-27 10:45:27",209
"2020-03-27 11:45:13",209
"2020-03-27 12:45:12",209
"2020-03-27 13:45:33",209
"2020-03-27 14:45:19",210
"2020-03-27 15:45:21",210
"2020-03-27 16:45:31",210
"2020-03-27 17:45:18",210
"2020-03-27 18:45:43",210
"2020-03-27 19:45:19",213
"2020-03-27 20:45:15",213
"2020-03-27 21:45:41",213
"2020-03-27 22:45:21",213
"2020-03-27 23:45:30",213
"2020-03-28 00:45:32",213
"2020-03-28 01:45:03",213
"2020-03-28 02:45:07",213
"2020-03-28 03:45:22",213
"2020-03-28 04:45:14",213
"2020-03-28 05:45:57",213
"2020-03-28 06:45:20",213
"2020-03-28 07:45:07",213
"2020-03-28 08:45:21",213
"2020-03-28 09:45:34",213
"2020-03-28 10:45:41",213
"2020-03-28 11:45:15",213
"2020-03-28 12:45:35",213
"2020-03-28 13:45:32",213
"2020-03-28 14:45:17",213
"2020-03-28 15:45:15",213
"2020-03-28 16:45:11",213
"2020-03-28 17:45:20",213
"2020-03-28 18:45:23",213
"2020-03-28 19:45:09",213
"2020-03-28 20:45:20",213
"2020-03-28 21:45:09",213
"2020-03-28 22:45:55",213
"2020-03-28 23:45:20",213
"2020-03-29 00:45:26",213
"2020-03-29 01:45:36",213
"2020-03-29 02:45:55",213
"2020-03-29 03:46:03",213
"2020-03-29 04:45:36",213
"2020-03-29 05:45:30",213
"2020-03-29 06:46:06",213
"2020-03-29 07:45:34",213
"2020-03-29 08:45:22",213
"2020-03-29 09:45:19",213
"2020-03-29 10:45:53",213
"2020-03-29 11:45:20",213
"2020-03-29 12:45:14",213
"2020-03-29 13:45:12",213
"2020-03-29 14:45:12",213
"2020-03-29 15:45:18",213
"2020-03-29 16:45:20",213
"2020-03-29 17:45:38",213
"2020-03-29 18:45:12",213
"2020-03-29 19:45:15",213
"2020-03-29 20:45:12",213
"2020-03-29 21:45:53",213
"2020-03-29 22:45:22",213
"2020-03-29 23:45:22",213
"2020-03-30 00:45:21",213
"2020-03-30 01:45:16",213
"2020-03-30 02:45:44",213
"2020-03-30 03:45:22",213
"2020-03-30 04:45:43",213
"2020-03-30 05:45:10",213
"2020-03-30 06:45:26",213
"2020-03-30 07:45:40",213
"2020-03-30 08:45:20",213
"2020-03-30 09:45:10",213
"2020-03-30 10:45:14",213
"2020-03-30 11:45:02",213
"2020-03-30 12:45:13",213
"2020-03-30 13:45:47",213
"2020-03-30 14:45:16",212
"2020-03-30 15:45:40",212
"2020-03-30 16:45:21",212
"2020-03-30 17:45:34",211
"2020-03-30 18:45:23",211
"2020-03-30 19:45:36",211
"2020-03-30 20:45:15",211
"2020-03-30 21:45:31",211
"2020-03-30 22:45:08",211
"2020-03-30 23:45:11",211
"2020-03-31 00:45:01",211
"2020-03-31 01:45:17",211
"2020-03-31 02:45:14",211
"2020-03-31 03:45:27",211
"2020-03-31 04:45:12",211
"2020-03-31 05:45:15",211
"2020-03-31 06:45:13",211
"2020-03-31 07:45:21",211
"2020-03-31 08:45:17",211
"2020-03-31 09:45:17",211
"2020-03-31 10:45:12",211
"2020-03-31 11:45:43",211
"2020-03-31 13:07:11",211
"2020-03-31 13:45:15",211
"2020-03-31 14:45:48",211
"2020-03-31 15:45:17",212
"2020-03-31 16:45:47",211
"2020-03-31 17:45:20",211
"2020-03-31 18:45:36",211
"2020-03-31 19:45:15",211
"2020-03-31 20:45:34",211
"2020-03-31 21:45:14",211
"2020-03-31 22:45:21",211
"2020-03-31 23:45:11",211
"2020-04-01 00:44:54",211
"2020-04-01 01:44:54",211
"2020-04-01 02:44:52",211
"2020-04-01 03:44:57",211
"2020-04-01 04:45:10",211
"2020-04-01 05:45:25",211
"2020-04-01 06:45:01",211
"2020-04-01 07:45:17",211
"2020-04-01 08:44:51",211
"2020-04-01 09:45:03",211
"2020-04-01 10:44:44",211
"2020-04-01 11:45:29",211
"2020-04-01 13:10:12",211
"2020-04-01 13:44:56",211
"2020-04-01 14:45:30",212
"2020-04-01 15:45:12",212
"2020-04-01 16:44:46",212
"2020-04-01 17:44:45",212
"2020-04-01 18:44:48",212
"2020-04-01 19:44:52",211
"2020-04-01 20:44:55",211
"2020-04-01 21:44:46",211
"2020-04-01 22:44:46",211
"2020-04-01 23:45:14",211
"2020-04-02 00:44:51",211
"2020-04-02 01:45:15",211
"2020-04-02 02:44:51",211
"2020-04-02 03:45:12",211
"2020-04-02 04:44:54",211
"2020-04-02 05:45:00",211
"2020-04-02 06:44:40",211
"2020-04-02 07:45:14",211
"2020-04-02 08:45:40",211
"2020-04-02 09:45:12",211
"2020-04-02 10:44:53",211
"2020-04-02 11:44:50",211
"2020-04-02 13:11:12",211
"2020-04-02 13:45:19",211
"2020-04-02 14:44:45",211
"2020-04-02 15:44:59",211
"2020-04-02 16:44:41",211
"2020-04-02 17:44:47",211
"2020-04-02 18:45:26",211
"2020-04-02 19:44:48",212
"2020-04-02 20:45:08",212
"2020-04-02 21:45:33",212
"2020-04-02 22:45:19",212
"2020-04-02 23:44:46",212
"2020-04-03 00:44:57",212
"2020-04-03 01:45:14",212
"2020-04-03 02:44:54",212
"2020-04-03 03:44:48",212
"2020-04-03 04:45:06",212
"2020-04-03 05:45:13",212
"2020-04-03 06:44:53",212
"2020-04-03 08:44:55",212
"2020-04-03 09:44:52",212
"2020-04-03 10:45:11",212
"2020-04-03 11:44:48",212
"2020-04-03 13:12:14",212
"2020-04-03 13:45:01",212
"2020-04-03 14:45:04",212
"2020-04-03 15:45:17",212
"2020-04-03 16:45:14",212
"2020-04-03 17:45:16",212
"2020-04-03 18:45:17",212
"2020-04-03 19:44:51",212
"2020-04-03 20:44:50",212
"2020-04-03 21:44:58",212
"2020-04-03 22:45:31",212
"2020-04-03 23:44:55",212
"2020-04-04 00:44:47",212
"2020-04-04 01:45:11",212
"2020-04-04 02:44:56",212
"2020-04-04 03:45:00",212
"2020-04-04 04:45:05",212
"2020-04-04 05:45:11",212
"2020-04-04 06:44:47",212
"2020-04-04 07:45:18",212
"2020-04-04 08:45:09",212
"2020-04-04 09:45:06",212
"2020-04-04 10:44:52",212
"2020-04-04 11:44:52",212
"2020-04-04 12:44:51",212
"2020-04-04 13:44:49",212
"2020-04-04 14:45:04",212
"2020-04-04 15:44:45",212
"2020-04-04 16:44:52",212
"2020-04-04 17:44:52",212
"2020-04-04 18:44:49",212
"2020-04-04 19:44:52",212
"2020-04-04 20:44:46",212
"2020-04-04 21:44:47",212
"2020-04-04 22:45:17",212
"2020-04-04 23:44:48",212
"2020-04-05 00:45:27",212
"2020-04-05 01:45:11",212
"2020-04-05 02:44:46",212
"2020-04-05 03:44:52",212
"2020-04-05 04:45:11",212
"2020-04-05 05:45:06",212
"2020-04-05 06:45:10",212
"2020-04-05 07:44:53",212
"2020-04-05 08:44:57",212
"2020-04-05 09:44:49",212
"2020-04-05 10:45:18",212
"2020-04-05 11:45:11",212
"2020-04-05 12:44:47",212
"2020-04-05 13:45:14",212
"2020-04-05 14:44:52",212
"2020-04-05 15:44:45",212
"2020-04-05 16:45:13",212
"2020-04-05 17:44:42",212
"2020-04-05 18:44:54",212
"2020-04-05 19:44:47",212
"2020-04-05 20:44:52",212
"2020-04-05 21:44:55",212
"2020-04-05 22:45:08",212
"2020-04-05 23:44:46",212
"2020-04-06 00:44:45",212
"2020-04-06 01:44:54",212
"2020-04-06 02:45:08",212
"2020-04-06 03:45:35",212
"2020-04-06 04:44:42",212
"2020-04-06 05:45:01",212
"2020-04-06 06:45:02",212
"2020-04-06 07:44:53",212
"2020-04-06 08:45:11",212
"2020-04-06 09:44:51",212
"2020-04-06 10:45:01",212
"2020-04-06 11:44:43",212
"2020-04-06 12:45:00",212
"2020-04-06 13:44:57",212
"2020-04-06 14:44:52",212
"2020-04-06 15:44:53",212
"2020-04-06 16:44:47",212
"2020-04-06 17:44:47",212
"2020-04-06 18:47:04",211
"2020-04-06 19:45:11",211
"2020-04-06 20:44:49",210
"2020-04-06 21:44:44",210
"2020-04-06 22:44:53",210
"2020-04-06 23:45:03",210
"2020-04-07 00:44:54",210
"2020-04-07 01:45:01",210
"2020-04-07 02:44:53",210
"2020-04-07 03:44:49",210
"2020-04-07 04:44:47",210
"2020-04-07 05:44:42",210
"2020-04-07 06:44:59",210
"2020-04-07 07:44:53",210
"2020-04-07 08:45:08",210
"2020-04-07 09:44:49",210
"2020-04-07 10:44:39",210
"2020-04-07 11:44:46",210
"2020-04-07 12:44:48",210
"2020-04-07 13:44:52",210
"2020-04-07 14:44:38",210
"2020-04-07 15:44:43",210
"2020-04-07 16:44:56",210
"2020-04-07 17:44:41",210
"2020-04-07 18:44:43",210
"2020-04-07 19:44:40",210
"2020-04-07 20:44:51",210
"2020-04-07 21:44:55",210
"2020-04-07 22:44:45",210
"2020-04-07 23:44:49",210
"2020-04-08 00:44:55",210
"2020-04-08 01:44:43",210
"2020-04-08 02:44:35",210
"2020-04-08 03:44:55",210
"2020-04-08 04:44:40",210
"2020-04-08 06:44:50",210
"2020-04-08 07:44:58",210
"2020-04-08 08:45:03",210
"2020-04-08 09:44:50",210
"2020-04-08 10:44:44",210
"2020-04-08 11:44:42",210
"2020-04-08 12:44:42",210
"2020-04-08 13:44:47",210
"2020-04-08 14:44:39",210
"2020-04-08 15:44:56",210
"2020-04-08 16:44:43",210
"2020-04-08 17:44:59",210
"2020-04-08 18:44:42",210
"2020-04-08 19:44:57",210
"2020-04-08 20:44:49",210
"2020-04-08 21:44:44",210
"2020-04-08 22:44:38",210
"2020-04-08 23:44:46",210
"2020-04-09 00:44:42",210
"2020-04-09 02:44:45",210
"2020-04-09 03:44:42",210
"2020-04-09 04:45:02",210
"2020-04-09 05:44:52",210
"2020-04-09 06:45:04",210
"2020-04-09 07:44:37",210
"2020-04-09 08:44:40",210
"2020-04-09 09:44:38",210
"2020-04-09 10:44:45",210
"2020-04-09 11:44:42",210
"2020-04-09 12:44:41",210
"2020-04-09 13:44:53",210
"2020-04-09 14:44:51",211
"2020-04-09 15:44:33",211
"2020-04-09 16:44:44",209
"2020-04-09 17:44:42",211
"2020-04-09 18:44:33",211
"2020-04-09 19:44:56",211
"2020-04-09 20:44:42",211
"2020-04-09 21:44:42",211
"2020-04-09 22:44:39",211
"2020-04-09 23:44:38",211
"2020-04-10 00:44:43",211
"2020-04-10 01:44:37",211
"2020-04-10 02:44:48",211
"2020-04-10 03:44:46",211
"2020-04-10 04:44:39",211
"2020-04-10 05:44:49",211
"2020-04-10 06:44:39",211
"2020-04-10 07:44:43",211
"2020-04-10 08:44:48",211
"2020-04-10 09:44:42",211
"2020-04-10 10:44:46",211
"2020-04-10 11:44:44",211
"2020-04-10 12:44:42",211
"2020-04-10 13:44:45",211
"2020-04-10 14:44:53",211
"2020-04-10 15:44:44",211
"2020-04-10 16:44:37",211
"2020-04-10 17:44:43",211
"2020-04-10 18:44:43",211
"2020-04-10 19:44:42",211
"2020-04-10 20:44:58",211
"2020-04-10 21:44:29",211
"2020-04-10 22:44:26",211
"2020-04-10 23:44:27",211
"2020-04-11 00:44:32",211
"2020-04-11 01:44:24",211
"2020-04-11 02:44:27",211
"2020-04-11 03:44:28",211
"2020-04-11 04:44:32",211
"2020-04-11 05:44:26",211
"2020-04-11 06:44:28",211
"2020-04-11 07:44:26",211
"2020-04-11 08:44:22",211
"2020-04-11 09:44:23",211
"2020-04-11 10:44:32",211
"2020-04-11 11:44:22",211
"2020-04-11 12:44:26",211
"2020-04-11 13:44:32",211
"2020-04-11 14:44:22",211
"2020-04-11 15:44:33",211
"2020-04-11 16:44:30",211
"2020-04-11 17:44:29",211
"2020-04-11 18:44:30",211
"2020-04-11 19:44:26",211
"2020-04-11 20:44:21",211
"2020-04-11 21:44:27",211
"2020-04-11 22:44:27",211
"2020-04-11 23:44:27",211
"2020-04-12 00:44:35",211
"2020-04-12 01:44:26",211
"2020-04-12 02:44:26",211
"2020-04-12 03:44:24",211
"2020-04-12 04:44:36",211
"2020-04-12 05:44:30",211
"2020-04-12 06:44:28",211
"2020-04-12 07:44:25",211
"2020-04-12 08:44:26",211
"2020-04-12 09:44:29",211
"2020-04-12 10:44:28",211
"2020-04-12 11:44:24",211
"2020-04-12 12:44:27",211
"2020-04-12 13:44:32",211
"2020-04-12 14:44:29",211
"2020-04-12 15:44:27",211
"2020-04-12 16:44:26",211
"2020-04-12 17:44:23",211
"2020-04-12 18:44:28",211
"2020-04-12 19:44:27",211
"2020-04-12 20:44:39",211
"2020-04-12 21:44:30",211
"2020-04-12 22:44:34",211
"2020-04-12 23:44:38",211
"2020-04-13 00:44:45",211
"2020-04-13 01:44:35",211
"2020-04-13 02:44:38",211
"2020-04-13 03:44:50",211
"2020-04-13 04:44:40",211
"2020-04-13 05:44:42",211
"2020-04-13 06:44:28",211
"2020-04-13 07:44:22",211
"2020-04-13 08:44:31",211
"2020-04-13 09:44:25",211
"2020-04-13 10:44:25",211
"2020-04-13 11:44:32",211
"2020-04-13 13:09:09",211
"2020-04-13 13:44:24",211
"2020-04-13 14:44:23",209
"2020-04-13 15:44:29",209
"2020-04-13 16:44:30",209
"2020-04-13 17:44:37",208
"2020-04-13 18:44:23",208
"2020-04-13 19:44:25",208
"2020-04-13 20:44:29",208
"2020-04-13 21:44:35",208
"2020-04-13 22:44:25",208
"2020-04-13 23:44:29",208
"2020-04-14 00:44:49",208
"2020-04-14 01:44:44",208
"2020-04-14 02:44:40",208
"2020-04-14 03:44:40",208
"2020-04-14 04:44:41",208
"2020-04-14 05:44:45",208
"2020-04-14 06:44:33",208
"2020-04-14 07:44:28",208
"2020-04-14 08:44:30",208
"2020-04-14 09:44:30",208
"2020-04-14 10:44:29",208
"2020-04-14 11:44:30",208
"2020-04-14 12:44:27",208
"2020-04-14 13:44:30",208
"2020-04-14 14:44:37",208
"2020-04-14 15:44:38",208
"2020-04-14 16:44:46",207
"2020-04-14 17:44:22",207
"2020-04-14 18:44:43",208
"2020-04-14 19:44:29",209
"2020-04-14 20:44:28",208
"2020-04-14 21:44:30",208
"2020-04-14 22:44:28",208
"2020-04-14 23:44:42",208
"2020-04-15 00:44:38",208
"2020-04-15 01:44:39",208
"2020-04-15 02:44:35",208
"2020-04-15 03:44:38",208
"2020-04-15 04:44:42",208
"2020-04-15 05:44:26",208
"2020-04-15 06:44:26",208
"2020-04-15 07:44:31",208
"2020-04-15 08:44:32",208
"2020-04-15 09:44:29",208
"2020-04-15 10:44:26",208
"2020-04-15 11:44:24",208
"2020-04-15 13:12:11",208
"2020-04-15 14:44:28",208
"2020-04-15 15:44:24",208
"2020-04-15 16:44:36",208
"2020-04-15 17:44:26",208
"2020-04-15 18:44:25",208
"2020-04-15 19:44:33",208
"2020-04-15 20:44:26",209
"2020-04-15 21:44:31",209
"2020-04-15 22:44:32",209
"2020-04-15 23:44:31",209
"2020-04-16 00:44:38",209
"2020-04-16 01:44:41",209
"2020-04-16 02:44:43",209
"2020-04-16 03:44:43",209
"2020-04-16 04:44:44",209
"2020-04-16 05:44:32",209
"2020-04-16 06:44:42",209
"2020-04-16 07:44:29",209
"2020-04-16 08:44:29",209
"2020-04-16 09:44:25",209
"2020-04-16 10:44:29",209
"2020-04-16 11:44:29",209
"2020-04-16 12:44:30",209
"2020-04-16 13:44:31",209
"2020-04-16 14:44:27",213
"2020-04-16 15:44:43",213
"2020-04-16 16:44:43",212
"2020-04-16 17:44:31",211
"2020-04-16 18:44:40",211
"2020-04-16 19:44:27",211
"2020-04-16 20:44:29",211
"2020-04-16 21:44:43",211
"2020-04-16 22:44:30",211
"2020-04-16 23:44:44",211
"2020-04-17 00:44:40",211
"2020-04-17 01:44:35",211
"2020-04-17 02:44:43",211
"2020-04-17 03:44:33",211
"2020-04-17 04:44:30",211
"2020-04-17 05:44:33",211
"2020-04-17 06:44:35",211
"2020-04-17 07:44:47",211
"2020-04-17 08:44:32",211
"2020-04-17 09:44:29",211
"2020-04-17 10:44:30",211
"2020-04-17 11:44:25",211
"2020-04-17 13:09:10",211
"2020-04-17 13:44:40",211
"2020-04-17 14:44:31",211
"2020-04-17 15:44:34",212
"2020-04-17 16:44:25",212
"2020-04-17 17:44:28",212
"2020-04-17 18:44:43",212
"2020-04-17 19:44:38",212
"2020-04-17 20:44:42",212
"2020-04-17 21:44:39",212
"2020-04-17 22:44:35",212
"2020-04-17 23:44:40",212
"2020-04-18 00:44:39",212
"2020-04-18 01:44:36",212
"2020-04-18 02:44:34",212
"2020-04-18 03:44:34",212
"2020-04-18 04:44:41",212
"2020-04-18 05:44:41",212
"2020-04-18 06:44:31",212
"2020-04-18 07:44:26",212
"2020-04-18 08:44:40",212
"2020-04-18 09:44:22",212
"2020-04-18 10:44:28",212
"2020-04-18 11:44:30",212
"2020-04-18 12:44:22",212
"2020-04-18 13:44:36",212
"2020-04-18 14:44:31",212
"2020-04-18 15:44:27",212
"2020-04-18 16:44:23",212
"2020-04-18 17:44:36",212
"2020-04-18 18:44:31",212
"2020-04-18 19:44:23",212
"2020-04-18 20:44:35",212
"2020-04-18 21:44:27",212
"2020-04-18 22:44:35",212
"2020-04-18 23:44:47",212
"2020-04-19 00:44:44",212
"2020-04-19 01:44:53",212
"2020-04-19 02:44:41",212
"2020-04-19 03:44:41",212
"2020-04-19 04:44:53",212
"2020-04-19 05:44:38",212
"2020-04-19 06:44:40",212
"2020-04-19 07:44:37",212
"2020-04-19 08:44:30",212
"2020-04-19 09:44:30",212
"2020-04-19 10:44:28",212
"2020-04-19 11:44:23",212
"2020-04-19 12:44:25",212
"2020-04-19 13:44:39",212
"2020-04-19 14:44:23",212
"2020-04-19 15:44:34",212
"2020-04-19 16:44:33",212
"2020-04-19 17:44:48",212
"2020-04-19 18:44:31",212
"2020-04-19 19:44:28",212
"2020-04-19 20:44:24",212
"2020-04-19 21:44:50",212
"2020-04-19 22:44:44",212
"2020-04-19 23:44:37",212
"2020-04-20 00:44:49",212
"2020-04-20 01:44:45",212
"2020-04-20 02:44:52",212
"2020-04-20 03:44:52",212
"2020-04-20 04:44:45",212
"2020-04-20 05:44:53",212
"2020-04-20 06:44:42",212
"2020-04-20 07:44:28",212
"2020-04-20 08:44:28",212
"2020-04-20 09:44:28",212
"2020-04-20 10:44:27",212
"2020-04-20 11:44:28",212
"2020-04-20 12:44:29",212
"2020-04-20 13:44:28",212
"2020-04-20 14:44:46",211
"2020-04-20 15:44:31",211
"2020-04-20 16:44:36",211
"2020-04-20 17:44:30",211
"2020-04-20 18:44:41",211
"2020-04-20 20:45:10",211
"2020-04-20 21:45:00",211
"2020-04-20 22:45:14",211
"2020-04-20 23:44:44",211
"2020-04-21 00:44:48",211
"2020-04-21 01:44:43",211
"2020-04-21 02:44:42",211
"2020-04-21 03:45:51",211
"2020-04-21 04:46:04",211
"2020-04-21 05:46:07",211
"2020-04-21 06:44:43",211
"2020-04-21 07:44:36",211
"2020-04-21 08:44:34",211
"2020-04-21 09:44:31",211
"2020-04-21 10:44:30",211
"2020-04-21 11:44:29",211
"2020-04-21 12:44:32",211
"2020-04-21 13:44:47",211
"2020-04-21 14:44:44",210
"2020-04-21 15:44:26",210
"2020-04-21 16:44:26",210
"2020-04-21 17:44:43",210
"2020-04-21 18:44:26",211
"2020-04-21 19:44:31",211
"2020-04-21 20:44:48",211
"2020-04-21 21:44:51",211
"2020-04-21 22:44:50",211
"2020-04-21 23:44:29",211
"2020-04-22 00:44:41",211
"2020-04-22 01:44:48",211
"2020-04-22 02:44:48",211
"2020-04-22 03:44:38",211
"2020-04-22 04:44:29",211
"2020-04-22 05:44:30",211
"2020-04-22 06:44:39",211
"2020-04-22 07:44:37",211
"2020-04-22 08:44:27",211
"2020-04-22 09:44:34",211
"2020-04-22 10:44:52",211
"2020-04-22 11:44:27",211
"2020-04-22 12:44:31",211
"2020-04-22 13:44:26",211
"2020-04-22 14:44:33",212
"2020-04-22 15:44:29",212
"2020-04-22 16:44:46",213
"2020-04-22 17:44:53",213
"2020-04-22 18:44:42",214
"2020-04-22 19:44:30",215
"2020-04-22 20:44:31",215
"2020-04-22 21:44:44",215
"2020-04-22 22:44:36",215
"2020-04-22 23:44:43",215
"2020-04-23 00:44:29",215
"2020-04-23 01:44:41",215
"2020-04-23 02:44:46",215
"2020-04-23 03:44:45",215
"2020-04-23 04:44:43",215
"2020-04-23 05:44:25",215
"2020-04-23 06:44:29",215
"2020-04-23 07:44:33",215
"2020-04-23 08:44:30",215
"2020-04-23 09:44:23",215
"2020-04-23 10:44:28",215
"2020-04-23 11:44:39",215
"2020-04-23 12:44:25",215
"2020-04-23 13:44:26",215
"2020-04-23 14:44:27",215
"2020-04-23 15:44:31",214
"2020-04-23 16:44:45",214
"2020-04-23 17:44:26",214
"2020-04-23 18:44:33",214
"2020-04-23 19:44:26",214
"2020-04-23 20:44:46",214
"2020-04-23 21:44:34",215
"2020-04-23 22:44:28",215
"2020-04-23 23:44:32",215
"2020-04-24 00:44:41",215
"2020-04-24 01:45:07",215
"2020-04-24 02:44:24",215
"2020-04-24 03:44:46",215
"2020-04-24 04:44:30",215
"2020-04-24 05:44:27",215
"2020-04-24 06:44:28",215
"2020-04-24 07:44:24",215
"2020-04-24 08:44:39",215
"2020-04-24 09:44:29",215
"2020-04-24 10:44:28",215
"2020-04-24 11:44:25",215
"2020-04-24 13:10:13",215
"2020-04-24 13:44:51",215
"2020-04-24 14:44:35",215
"2020-04-24 15:44:29",215
"2020-04-24 16:44:29",215
"2020-04-24 17:44:32",215
"2020-04-24 18:44:36",216
"2020-04-24 19:44:29",217
"2020-04-24 20:44:35",217
"2020-04-24 21:44:45",217
"2020-04-24 22:44:53",217
"2020-04-24 23:44:34",217
"2020-04-25 00:44:53",217
"2020-04-25 01:44:49",217
"2020-04-25 02:44:45",217
"2020-04-25 03:44:42",217
"2020-04-25 04:44:46",217
"2020-04-25 05:44:51",217
"2020-04-25 06:44:36",217
"2020-04-25 07:44:30",217
"2020-04-25 08:44:35",217
"2020-04-25 09:44:32",217
"2020-04-25 10:44:27",217
"2020-04-25 11:44:32",217
"2020-04-25 12:44:29",217
"2020-04-25 13:44:41",217
"2020-04-25 14:44:33",217
"2020-04-25 15:44:36",217
"2020-04-25 16:44:37",217
"2020-04-25 17:44:35",217
"2020-04-25 18:44:29",217
"2020-04-25 19:44:36",217
"2020-04-25 20:44:32",217
"2020-04-25 21:44:30",217
"2020-04-25 22:44:35",217
"2020-04-25 23:44:42",217
"2020-04-26 00:44:31",217
"2020-04-26 01:44:42",217
"2020-04-26 02:44:42",217
"2020-04-26 03:44:47",217
"2020-04-26 04:44:28",217
"2020-04-26 05:44:54",217
"2020-04-26 06:44:37",217
"2020-04-26 07:44:34",217
"2020-04-26 08:44:31",217
"2020-04-26 09:44:31",217
"2020-04-26 10:44:28",217
"2020-04-26 11:44:36",217
"2020-04-26 12:44:31",217
"2020-04-26 13:44:25",217
"2020-04-26 14:44:29",217
"2020-04-26 15:44:34",217
"2020-04-26 16:44:32",217
"2020-04-26 17:44:31",217
"2020-04-26 18:44:32",217
"2020-04-26 19:44:29",217
"2020-04-26 20:44:29",217
"2020-04-26 21:44:30",217
"2020-04-26 22:44:42",217
"2020-04-26 23:44:53",217
"2020-04-27 00:44:53",217
"2020-04-27 01:44:51",217
"2020-04-27 02:44:46",217
"2020-04-27 03:44:47",217
"2020-04-27 04:44:50",217
"2020-04-27 05:44:37",217
"2020-04-27 06:44:33",217
"2020-04-27 07:44:29",217
"2020-04-27 08:44:36",217
"2020-04-27 09:44:35",217
"2020-04-27 10:44:35",217
"2020-04-27 11:44:24",217
"2020-04-27 12:44:30",217
"2020-04-27 13:44:53",217
"2020-04-27 14:44:37",217
"2020-04-27 15:44:33",217
"2020-04-27 16:44:25",217
"2020-04-27 17:44:32",218
"2020-04-27 18:44:29",220
"2020-04-27 19:44:29",220
"2020-04-27 20:44:30",221
"2020-04-27 21:44:44",221
"2020-04-27 22:44:32",221
"2020-04-27 23:44:44",221
"2020-04-28 00:45:07",221
"2020-04-28 01:44:35",221
"2020-04-28 02:44:55",221
"2020-04-28 03:44:50",221
"2020-04-28 04:44:48",221
"2020-04-28 05:44:31",221
"2020-04-28 06:44:29",221
"2020-04-28 07:44:52",221
"2020-04-28 08:44:46",221
"2020-04-28 09:44:34",221
"2020-04-28 10:44:25",221
"2020-04-28 11:44:33",221
"2020-04-28 12:44:35",221
"2020-04-28 13:44:32",221
"2020-04-28 14:44:53",222
"2020-04-28 15:44:47",221
"2020-04-28 16:44:28",220
"2020-04-28 17:44:36",221
"2020-04-28 18:44:34",221
"2020-04-28 19:44:30",221
"2020-04-28 20:44:31",221
"2020-04-28 21:44:35",221
"2020-04-28 22:44:26",221
"2020-04-28 23:44:28",221
"2020-04-29 00:44:55",221
"2020-04-29 01:44:59",221
"2020-04-29 02:44:49",221
"2020-04-29 03:44:30",221
"2020-04-29 04:44:38",221
"2020-04-29 05:44:28",221
"2020-04-29 06:44:36",221
"2020-04-29 07:44:36",221
"2020-04-29 08:44:30",221
"2020-04-29 09:44:44",221
"2020-04-29 10:44:35",221
"2020-04-29 11:44:25",221
"2020-04-29 13:08:09",221
"2020-04-29 13:44:36",221
"2020-04-29 14:44:29",221
"2020-04-29 15:44:26",220
"2020-04-29 16:44:37",220
"2020-04-29 17:44:32",220
"2020-04-29 18:44:55",221
"2020-04-29 19:44:54",221
"2020-04-29 20:44:33",221
"2020-04-29 21:44:54",221
"2020-04-29 22:44:54",221
"2020-04-29 23:44:42",221
"2020-04-30 00:44:54",221
"2020-04-30 01:44:53",221
"2020-04-30 02:45:14",221
"2020-04-30 03:45:08",221
"2020-04-30 04:44:48",221
"2020-04-30 05:44:42",221
"2020-04-30 06:44:35",221
"2020-04-30 07:44:34",221
"2020-04-30 08:44:36",221
"2020-04-30 09:44:32",221
"2020-04-30 10:44:26",221
"2020-04-30 11:44:45",221
"2020-04-30 12:44:29",221
"2020-04-30 13:44:32",221
"2020-04-30 14:44:46",223
"2020-04-30 15:44:31",223
"2020-04-30 16:44:30",224
"2020-04-30 17:46:43",224
"2020-04-30 18:44:40",224
"2020-04-30 20:44:34",224
"2020-04-30 21:44:36",224
"2020-04-30 22:44:38",224
"2020-04-30 23:44:34",224
"2020-05-01 00:44:53",224
"2020-05-01 01:44:51",224
"2020-05-01 02:44:33",224
"2020-05-01 03:44:30",224
"2020-05-01 04:44:35",224
"2020-05-01 05:44:40",224
"2020-05-01 06:44:35",224
"2020-05-01 07:44:37",224
"2020-05-01 08:44:32",224
"2020-05-01 09:44:32",224
"2020-05-01 10:44:29",224
"2020-05-01 11:44:31",224
"2020-05-01 13:09:12",224
"2020-05-01 13:44:58",224
"2020-05-01 14:44:29",224
"2020-05-01 15:44:30",223
"2020-05-01 16:44:32",223
"2020-05-01 17:44:33",223
"2020-05-01 18:44:29",223
"2020-05-01 19:44:37",223
"2020-05-01 20:44:27",224
"2020-05-01 21:44:52",224
"2020-05-01 22:44:31",224
"2020-05-01 23:44:30",224
"2020-05-02 00:44:32",224
"2020-05-02 01:44:49",224
"2020-05-02 02:44:46",224
"2020-05-02 03:44:41",224
"2020-05-02 04:44:33",224
"2020-05-02 05:44:44",224
"2020-05-02 06:44:34",224
"2020-05-02 07:44:41",224
"2020-05-02 08:44:36",224
"2020-05-02 09:44:34",224
"2020-05-02 10:44:28",224
"2020-05-02 11:44:34",224
"2020-05-02 12:44:28",224
"2020-05-02 13:44:35",224
"2020-05-02 14:44:36",224
"2020-05-02 15:44:38",224
"2020-05-02 16:44:36",224
"2020-05-02 17:44:34",224
"2020-05-02 18:44:45",224
"2020-05-02 19:44:35",224
"2020-05-02 20:44:34",224
"2020-05-02 21:44:34",224
"2020-05-02 22:44:27",224
"2020-05-02 23:44:48",224
"2020-05-03 00:44:34",224
"2020-05-03 01:44:50",224
"2020-05-03 02:44:48",224
"2020-05-03 03:44:46",224
"2020-05-03 04:44:41",224
"2020-05-03 05:44:33",224
"2020-05-03 06:44:32",224
"2020-05-03 07:44:38",224
"2020-05-03 08:44:35",224
"2020-05-03 09:44:56",224
"2020-05-03 10:44:35",224
"2020-05-03 11:44:34",224
"2020-05-03 12:44:32",224
"2020-05-03 13:44:34",224
"2020-05-03 14:44:39",224
"2020-05-03 15:44:37",224
"2020-05-03 16:44:49",224
"2020-05-03 17:44:54",224
"2020-05-03 18:44:30",224
"2020-05-03 19:45:08",224
"2020-05-03 20:44:52",224
"2020-05-03 21:44:45",224
"2020-05-03 22:44:51",224
"2020-05-03 23:44:52",224
"2020-05-04 00:44:49",224
"2020-05-04 01:44:52",224
"2020-05-04 02:44:50",224
"2020-05-04 03:44:51",224
"2020-05-04 04:44:32",224
"2020-05-04 05:44:35",224
"2020-05-04 06:44:39",224
"2020-05-04 09:30:36",224
"2020-05-04 10:49:15",224
"2020-05-04 10:57:02",224
"2020-05-04 11:04:37",224
"2020-05-04 11:44:42",224
"2020-05-04 13:08:15",224
"2020-05-04 13:44:34",224
"2020-05-04 14:44:39",224
"2020-05-04 15:44:35",227
"2020-05-04 16:44:36",227
"2020-05-04 17:44:33",227
"2020-05-04 18:44:52",226
"2020-05-04 19:44:50",226
"2020-05-04 20:44:48",225
"2020-05-04 21:44:50",225
"2020-05-04 22:44:30",225
"2020-05-04 23:44:33",225
"2020-05-05 00:44:30",225
"2020-05-05 01:44:46",225
"2020-05-05 02:44:28",225
"2020-05-05 03:44:51",225
"2020-05-05 04:44:33",225
"2020-05-05 05:44:34",225
"2020-05-05 06:44:36",225
"2020-05-05 07:44:41",225
"2020-05-05 08:44:53",225
"2020-05-05 09:44:29",225
"2020-05-05 10:44:29",225
"2020-05-05 11:44:53",225
"2020-05-05 12:44:37",225
"2020-05-05 13:44:35",225
"2020-05-05 14:44:34",227
"2020-05-05 15:44:32",227
"2020-05-05 16:44:38",227
"2020-05-05 17:44:33",227
"2020-05-05 18:44:30",226
"2020-05-05 19:44:53",226
"2020-05-05 20:44:38",226
"2020-05-05 21:44:26",226
"2020-05-05 22:44:27",226
"2020-05-05 23:44:51",226
"2020-05-06 00:44:36",226
"2020-05-06 01:44:38",226
"2020-05-06 02:44:32",226
"2020-05-06 03:44:26",226
"2020-05-06 04:44:36",226
"2020-05-06 05:44:35",226
"2020-05-06 06:44:27",226
"2020-05-06 17:44:49",227
"2020-05-06 18:45:00",227
"2020-05-06 19:44:31",227
"2020-05-06 20:44:44",225
"2020-05-06 21:44:51",225
"2020-05-06 22:44:52",225
"2020-05-06 23:44:55",225
"2020-05-07 00:44:40",225
"2020-05-07 01:44:39",225
"2020-05-07 02:44:26",225
"2020-05-07 03:44:35",225
"2020-05-07 04:44:39",225
"2020-05-07 05:44:30",225
"2020-05-07 06:44:35",225
"2020-05-07 08:44:38",225
"2020-05-07 09:44:34",225
"2020-05-07 10:44:47",225
"2020-05-07 11:44:38",225
"2020-05-07 12:44:37",225
"2020-05-07 13:44:43",225
"2020-05-07 14:44:47",228
"2020-05-07 15:44:33",228
"2020-05-07 16:44:38",227
"2020-05-07 17:44:31",227
"2020-05-07 18:44:28",228
"2020-05-07 19:44:59",228
"2020-05-07 20:44:28",228
"2020-05-07 21:44:27",228
"2020-05-07 22:44:27",228
"2020-05-07 23:44:37",228
"2020-05-08 00:44:33",228
"2020-05-08 01:44:26",228
"2020-05-08 02:44:31",228
"2020-05-08 03:44:36",228
"2020-05-08 04:44:28",228
"2020-05-08 05:44:29",228
"2020-05-08 06:44:29",228
"2020-05-08 07:44:35",228
"2020-05-08 08:44:41",228
"2020-05-08 09:44:36",228
"2020-05-08 10:44:33",228
"2020-05-08 11:44:36",228
"2020-05-08 13:08:12",228
"2020-05-08 13:44:39",228
"2020-05-08 14:44:34",228
"2020-05-08 15:44:34",228
"2020-05-08 16:44:50",229
"2020-05-08 17:44:46",229
"2020-05-08 18:44:38",229
"2020-05-08 19:44:29",229
"2020-05-08 20:44:37",229
"2020-05-08 21:44:33",229
"2020-05-08 22:44:38",229
"2020-05-08 23:44:35",229
"2020-05-09 00:44:31",229
"2020-05-09 01:44:44",229
"2020-05-09 02:44:34",229
"2020-05-09 03:44:55",229
"2020-05-09 04:44:31",229
"2020-05-09 05:44:36",229
"2020-05-09 06:44:41",229
"2020-05-09 07:44:29",229
"2020-05-09 08:44:40",229
"2020-05-09 09:44:34",229
"2020-05-09 10:44:34",229
"2020-05-09 11:44:27",229
"2020-05-09 12:44:30",229
"2020-05-09 13:44:32",229
"2020-05-09 14:44:29",229
"2020-05-09 15:44:33",229
"2020-05-09 16:44:28",229
"2020-05-09 17:44:34",229
"2020-05-09 18:44:34",229
"2020-05-09 19:44:32",229
"2020-05-09 20:44:29",229
"2020-05-09 21:44:38",229
"2020-05-09 22:44:35",229
"2020-05-09 23:44:31",229
"2020-05-10 00:44:48",229
"2020-05-10 01:44:32",229
"2020-05-10 02:44:54",229
"2020-05-10 03:44:38",229
"2020-05-10 04:44:37",229
"2020-05-10 05:44:43",229
"2020-05-10 06:44:33",229
"2020-05-10 07:44:40",229
"2020-05-10 08:44:36",229
"2020-05-10 09:44:38",229
"2020-05-10 10:44:37",229
"2020-05-10 11:44:39",229
"2020-05-10 12:44:33",229
"2020-05-10 13:44:37",229
"2020-05-10 14:44:29",229
"2020-05-10 15:44:35",229
"2020-05-10 16:44:34",229
"2020-05-10 17:44:31",229
"2020-05-10 18:44:36",229
"2020-05-10 19:44:33",229
"2020-05-10 20:44:39",229
"2020-05-10 21:44:33",229
"2020-05-10 22:44:34",229
"2020-05-10 23:44:35",229
"2020-05-11 00:44:36",229
"2020-05-11 01:44:29",229
"2020-05-11 02:44:35",229
"2020-05-11 03:44:55",229
"2020-05-11 04:44:37",229
"2020-05-11 05:44:35",229
"2020-05-11 06:44:35",229
"2020-05-11 07:44:40",229
"2020-05-11 08:44:46",229
"2020-05-11 09:45:40",229
"2020-05-11 10:44:35",229
"2020-05-11 11:44:30",229
"2020-05-11 13:07:12",229
"2020-05-11 13:44:45",229
"2020-05-11 14:44:40",226
"2020-05-11 15:44:54",227
"2020-05-11 16:44:39",227
"2020-05-11 17:44:40",227
"2020-05-11 18:44:38",227
"2020-05-11 19:44:33",227
"2020-05-11 20:44:34",227
"2020-05-11 21:44:36",228
"2020-05-11 22:44:28",228
"2020-05-11 23:44:42",228
"2020-05-12 00:44:37",228
"2020-05-12 01:44:37",228
"2020-05-12 02:44:34",228
"2020-05-12 03:44:30",228
"2020-05-12 04:44:34",228
"2020-05-12 05:44:33",228
"2020-05-12 06:44:43",228
"2020-05-12 07:44:33",228
"2020-05-12 08:44:35",228
"2020-05-12 09:44:39",228
"2020-05-12 10:44:39",228
"2020-05-12 11:44:31",228
"2020-05-12 13:13:12",228
"2020-05-12 17:44:31",226
"2020-05-12 18:44:31",226
"2020-05-12 19:44:47",225
"2020-05-12 20:44:53",225
"2020-05-12 21:44:48",225
"2020-05-12 22:44:29",225
"2020-05-12 23:44:30",225
"2020-05-13 00:44:48",225
"2020-05-13 01:44:37",225
"2020-05-13 02:44:51",225
"2020-05-13 03:44:53",225
"2020-05-13 06:44:34",225
"2020-05-13 07:44:51",225
"2020-05-13 08:44:45",225
"2020-05-13 09:44:29",225
"2020-05-13 10:44:32",225
"2020-05-13 11:44:30",225
"2020-05-13 12:44:30",225
"2020-05-13 13:44:30",225
"2020-05-13 14:44:30",224
"2020-05-13 15:44:36",223
"2020-05-13 16:44:50",223
"2020-05-13 17:44:32",223
"2020-05-13 18:44:44",224
"2020-05-13 19:44:33",224
"2020-05-13 20:44:33",224
"2020-05-13 21:44:31",224
"2020-05-13 22:44:35",224
"2020-05-13 23:44:38",224
"2020-05-14 00:44:30",224
"2020-05-14 01:44:38",224
"2020-05-14 02:44:32",224
"2020-05-14 03:44:37",224
"2020-05-14 04:44:33",224
"2020-05-14 05:44:37",224
"2020-05-14 06:44:41",224
"2020-05-14 07:44:34",224
"2020-05-14 08:44:42",224
"2020-05-14 09:44:31",224
"2020-05-14 10:44:36",224
"2020-05-14 11:44:40",224
"2020-05-14 12:44:36",224
"2020-05-14 13:44:39",224
"2020-05-14 14:44:37",224
"2020-05-14 15:44:34",223
"2020-05-14 16:44:29",223
"2020-05-14 17:44:31",223
"2020-05-14 18:44:43",223
"2020-05-14 19:44:43",223
"2020-05-14 20:44:31",223
"2020-05-14 21:44:34",223
"2020-05-14 22:44:48",223
"2020-05-14 23:44:38",223
"2020-05-15 00:44:56",223
"2020-05-15 01:44:58",223
"2020-05-15 02:44:51",223
"2020-05-15 03:44:50",223
"2020-05-15 04:44:51",223
"2020-05-15 05:44:36",223
"2020-05-15 06:44:48",223
"2020-05-15 07:44:31",223
"2020-05-15 08:44:39",223
"2020-05-15 09:44:46",223
"2020-05-15 10:44:31",223
"2020-05-15 11:44:34",223
"2020-05-15 12:44:33",223
"2020-05-15 13:44:37",223
"2020-05-15 14:44:30",224
"2020-05-15 15:44:35",224
"2020-05-15 16:44:30",224
"2020-05-15 17:44:49",225
"2020-05-15 18:44:31",225
"2020-05-15 19:44:39",225
"2020-05-15 20:44:35",226
"2020-05-15 21:44:35",226
"2020-05-15 22:44:30",226
"2020-05-15 23:44:28",226
"2020-05-16 00:44:46",226
"2020-05-16 01:44:51",226
"2020-05-16 02:44:54",226
"2020-05-16 03:44:40",226
"2020-05-16 04:44:34",226
"2020-05-16 05:44:34",226
"2020-05-16 06:44:53",226
"2020-05-16 07:44:51",226
"2020-05-16 08:44:33",226
"2020-05-16 09:44:40",226
"2020-05-16 10:44:31",226
"2020-05-16 11:44:29",226
"2020-05-16 12:44:37",226
"2020-05-16 13:44:34",226
"2020-05-16 14:44:30",226
"2020-05-16 15:44:38",226
"2020-05-16 16:44:34",226
"2020-05-16 17:44:31",226
"2020-05-16 18:44:34",226
"2020-05-16 19:44:30",226
"2020-05-16 20:44:36",226
"2020-05-16 21:44:34",226
"2020-05-16 22:44:37",226
"2020-05-16 23:44:36",226
"2020-05-17 00:44:35",226
"2020-05-17 01:44:40",226
"2020-05-18 08:52:47",226
"2020-05-18 08:58:00",226
"2020-05-18 08:58:14",226
"2020-05-18 08:59:09",226
"2020-05-18 08:59:18",226
"2020-05-18 09:01:32",226
"2020-05-18 09:01:37",226
"2020-05-18 09:02:18",226
"2020-05-18 09:03:36",226
"2020-05-18 09:05:08",226
"2020-05-18 09:05:36",226
"2020-05-18 09:06:17",226
"2020-05-18 09:06:51",226
"2020-05-18 09:06:52",226
"2020-05-18 09:07:03",226
"2020-05-18 09:07:21",226
"2020-05-18 09:07:40",226
"2020-05-18 09:52:50",226
"2020-05-18 09:55:00",226
"2020-05-18 09:56:25",226
"2020-05-18 10:38:57",226
"2020-05-18 10:45:21",226
"2020-05-18 10:46:51",226
"2020-05-18 10:47:16",226
"2020-05-18 10:55:02",226
"2020-05-18 10:56:23",226
"2020-05-18 11:07:00",226
"2020-05-18 11:13:12",226
"2020-05-18 11:14:02",226
"2020-05-18 11:26:12",226
"2020-05-18 11:44:53",226
"2020-05-18 11:52:30",226
"2020-05-18 12:00:06",226
"2020-05-18 12:07:43",226
"2020-05-18 13:07:41",226
"2020-05-18 13:44:42",226
"2020-05-18 14:44:34",227
"2020-05-18 15:44:57",228
"2020-05-18 16:45:04",227
"2020-05-18 17:44:33",227
"2020-05-18 18:44:50",228
"2020-05-18 19:44:46",229
"2020-05-18 20:44:38",229
"2020-05-18 21:44:53",229
"2020-05-18 22:44:55",229
"2020-05-18 23:44:57",229
"2020-05-19 00:46:11",229
"2020-05-19 01:44:32",229
"2020-05-19 02:44:41",229
"2020-05-19 03:44:39",229
"2020-05-19 04:44:39",228
"2020-05-19 05:44:39",228
"2020-05-19 06:44:38",228
"2020-05-19 07:44:40",228
"2020-05-19 08:44:47",228
"2020-05-19 09:45:03",228
"2020-05-19 10:44:38",228
"2020-05-19 11:44:51",228
"2020-05-19 13:08:14",228
"2020-05-19 13:44:39",228
"2020-05-19 14:44:33",227
"2020-05-19 15:44:33",227
"2020-05-19 16:44:41",228
"2020-05-19 17:44:32",229
"2020-05-19 18:44:38",230
"2020-05-19 19:44:36",231
"2020-05-19 20:44:40",233
"2020-05-19 21:44:41",237
"2020-05-19 22:44:55",238
"2020-05-19 23:44:36",238
"2020-05-20 00:44:55",238
"2020-05-20 01:45:02",238
"2020-05-20 02:44:54",238
"2020-05-20 03:44:54",238
"2020-05-20 04:44:42",238
"2020-05-20 05:44:38",238
"2020-05-20 06:44:34",238
"2020-05-20 07:44:44",238
"2020-05-20 08:44:34",238
"2020-05-20 09:44:41",238
"2020-05-20 10:44:33",238
"2020-05-20 11:44:35",238
"2020-05-20 12:44:32",238
"2020-05-20 13:44:38",241
"2020-05-20 14:44:36",248
"2020-05-20 15:44:50",247
"2020-05-20 16:44:34",248
"2020-05-20 17:44:54",252
"2020-05-20 18:44:38",251
"2020-05-20 19:44:37",253
"2020-05-20 20:44:32",254
"2020-05-20 21:44:39",254
"2020-05-20 22:44:29",254
"2020-05-20 23:44:35",254
"2020-05-21 00:44:52",254
"2020-05-21 01:44:32",254
"2020-05-21 02:44:38",254
"2020-05-21 03:44:38",254
"2020-05-21 04:44:33",254
"2020-05-21 05:44:35",254
"2020-05-21 06:44:42",254
"2020-05-21 07:44:33",254
"2020-05-21 08:44:40",254
"2020-05-21 09:44:33",254
"2020-05-21 10:44:36",254
"2020-05-21 11:44:39",254
"2020-05-21 12:44:35",254
"2020-05-21 13:44:39",253
"2020-05-21 14:44:30",252
"2020-05-21 15:44:33",250
"2020-05-21 16:44:46",252
"2020-05-21 17:44:40",251
"2020-05-21 18:44:36",251
"2020-05-21 19:44:33",250
"2020-05-21 20:44:37",253
"2020-05-21 21:44:39",253
"2020-05-21 22:44:41",253
"2020-05-21 23:44:55",253
"2020-05-22 00:45:40",253
"2020-05-22 01:44:38",253
"2020-05-22 02:44:41",253
"2020-05-22 03:44:55",253
"2020-05-22 04:44:40",253
"2020-05-22 05:44:43",253
"2020-05-22 06:44:32",253
"2020-05-22 07:44:38",253
"2020-05-22 08:44:45",253
"2020-05-22 09:44:40",253
"2020-05-22 10:44:36",253
"2020-05-22 11:44:34",253
"2020-05-22 12:44:38",253
"2020-05-22 13:44:44",253
"2020-05-22 14:44:35",254
"2020-05-22 15:44:35",256
"2020-05-22 16:44:36",257
"2020-05-22 17:44:37",256
"2020-05-22 18:44:52",256
"2020-05-22 19:44:35",256
"2020-05-22 20:44:31",255
"2020-05-22 21:44:33",255
"2020-05-22 22:44:35",255
"2020-05-22 23:44:33",255
"2020-05-23 00:44:37",255
"2020-05-23 01:44:35",255
"2020-05-23 02:44:44",255
"2020-05-23 03:44:38",255
"2020-05-23 04:44:53",255
"2020-05-23 05:44:35",255
"2020-05-23 06:44:45",255
"2020-05-23 07:44:44",255
"2020-05-23 08:44:43",255
"2020-05-23 09:44:39",255
"2020-05-23 10:44:35",255
"2020-05-23 11:44:45",255
"2020-05-23 12:44:38",255
"2020-05-23 13:44:41",255
"2020-05-23 14:44:38",255
"2020-05-23 15:44:34",255
"2020-05-23 16:44:43",255
"2020-05-23 17:44:39",255
"2020-05-23 18:44:46",255
"2020-05-23 19:44:35",255
"2020-05-23 20:44:32",255
"2020-05-23 21:44:33",255
"2020-05-23 22:44:37",255
"2020-05-23 23:44:38",255
"2020-05-24 00:44:48",255
"2020-05-24 01:44:36",255
"2020-05-24 02:44:34",255
"2020-05-24 03:44:39",255
"2020-05-24 04:44:37",255
"2020-05-24 05:44:35",255
"2020-05-24 06:44:35",255
"2020-05-24 07:44:35",255
"2020-05-24 08:44:42",255
"2020-05-24 09:44:33",255
"2020-05-24 10:44:43",255
"2020-05-24 11:44:40",255
"2020-05-24 12:44:37",255
"2020-05-24 13:44:41",255
"2020-05-24 14:44:39",255
"2020-05-24 15:44:32",255
"2020-05-24 16:44:42",255
"2020-05-24 17:44:41",255
"2020-05-24 18:44:42",255
"2020-05-24 19:44:39",255
"2020-05-24 20:44:40",255
"2020-05-24 21:44:45",255
"2020-05-24 22:44:42",255
"2020-05-24 23:44:33",255
"2020-05-25 00:44:35",255
"2020-05-25 01:44:46",255
"2020-05-25 02:44:39",255
"2020-05-25 03:44:55",255
"2020-05-25 04:44:37",255
"2020-05-25 05:47:05",255
"2020-05-25 06:45:27",255
"2020-05-25 07:44:39",255
"2020-05-25 08:44:46",255
"2020-05-25 09:44:39",255
"2020-05-25 10:44:36",255
"2020-05-25 11:44:53",255
"2020-05-25 12:44:37",255
"2020-05-25 13:44:33",255
"2020-05-25 14:44:43",255
"2020-05-25 15:44:36",255
"2020-05-25 16:44:31",255
"2020-05-25 17:44:37",255
"2020-05-25 18:44:37",255
"2020-05-25 19:44:40",255
"2020-05-25 20:44:41",255
"2020-05-25 21:44:32",255
"2020-05-25 22:44:32",255
"2020-05-25 23:44:32",255
"2020-05-26 00:44:40",255
"2020-05-26 01:44:33",255
"2020-05-26 02:44:31",255
"2020-05-26 03:44:40",255
"2020-05-26 04:44:44",255
"2020-05-26 05:44:36",255
"2020-05-26 06:44:40",255
"2020-05-26 07:44:41",255
"2020-05-26 08:44:44",255
"2020-05-26 09:44:39",255
"2020-05-26 10:44:37",255
"2020-05-26 11:44:43",255
"2020-05-26 12:44:36",255
"2020-05-26 13:44:41",254
"2020-05-26 14:44:39",259
"2020-05-26 15:44:35",259
"2020-05-26 16:44:34",265
"2020-05-26 17:44:38",268
"2020-05-26 18:44:32",270
"2020-05-26 19:44:36",271
"2020-05-26 20:44:37",272
"2020-05-26 21:44:48",272
"2020-05-26 22:44:33",272
"2020-05-26 23:44:35",272
"2020-05-27 00:45:01",272
"2020-05-27 01:44:32",272
"2020-05-27 02:44:35",272
"2020-05-27 03:44:37",272
"2020-05-27 04:44:38",272
"2020-05-27 05:44:35",272
"2020-05-27 06:44:41",272
"2020-05-27 07:44:40",272
"2020-05-27 08:44:34",272
"2020-05-27 09:44:32",272
"2020-05-27 10:44:33",272
"2020-05-27 11:44:31",272
"2020-05-27 13:08:43",272
"2020-05-27 13:44:45",272
"2020-05-27 14:44:38",274
"2020-05-27 15:44:32",274
"2020-05-27 16:44:35",297
"2020-05-27 17:44:33",302
"2020-05-27 18:44:32",302
"2020-05-27 19:44:40",301
"2020-05-27 20:44:37",302
"2020-05-27 21:44:36",302
"2020-05-27 22:44:35",302
"2020-05-27 23:44:33",302
"2020-05-28 00:44:38",302
"2020-05-28 01:44:42",302
"2020-05-28 02:44:35",302
"2020-05-28 03:44:34",302
"2020-05-28 04:44:35",302
"2020-05-28 05:44:32",302
"2020-05-28 06:44:36",302
"2020-05-28 07:44:45",302
"2020-05-28 08:44:39",302
"2020-05-28 09:44:33",302
"2020-05-28 10:44:43",302
"2020-05-28 11:44:44",302
"2020-05-28 13:09:16",302
"2020-05-28 13:44:39",302
"2020-05-28 14:44:41",291
"2020-05-28 15:44:39",290
"2020-05-28 16:44:41",289
"2020-05-28 17:44:38",286
"2020-05-28 18:44:37",288
"2020-05-28 19:44:35",288
"2020-05-28 20:44:46",286
"2020-05-28 21:44:50",286
"2020-05-28 22:44:38",286
"2020-05-28 23:44:47",286
"2020-05-29 00:44:42",286
"2020-05-29 01:44:39",286
"2020-05-29 02:44:56",286
"2020-05-29 03:44:36",286
"2020-05-29 04:44:39",286
"2020-05-29 05:44:55",286
"2020-05-29 06:44:48",286
"2020-05-29 07:44:48",286
"2020-05-29 08:44:46",286
"2020-05-29 09:51:41",286
"2020-05-29 10:44:43",286
"2020-05-29 11:44:38",286
"2020-05-29 12:44:50",286
"2020-05-29 13:44:46",286
"2020-05-29 14:44:44",286
"2020-05-29 15:44:38",283
"2020-05-29 16:44:33",283
"2020-05-29 17:44:42",281
"2020-05-29 18:44:41",279
"2020-05-29 19:44:39",280
"2020-05-29 20:44:47",280
"2020-05-29 21:44:37",280
"2020-05-29 22:44:37",280
"2020-05-29 23:44:49",280
"2020-05-30 00:44:34",280
"2020-05-30 01:44:33",280
"2020-05-30 02:44:36",280
"2020-05-30 03:44:38",280
"2020-05-30 04:44:37",280
"2020-05-30 05:44:41",280
"2020-05-30 06:44:43",280
"2020-05-30 07:44:58",280
"2020-05-30 08:44:41",280
"2020-05-30 09:44:35",280
"2020-05-30 10:44:42",280
"2020-05-30 11:44:39",280
"2020-05-30 12:44:38",280
"2020-05-30 13:44:39",280
"2020-05-30 14:44:34",280
"2020-05-30 15:44:37",280
"2020-05-30 16:44:50",280
"2020-05-30 17:44:39",280
"2020-05-30 18:44:38",280
"2020-05-30 19:44:43",280
"2020-05-30 20:44:37",280
"2020-05-30 21:44:43",280
"2020-05-30 22:44:38",280
"2020-05-30 23:44:44",280
"2020-05-31 00:44:43",280
"2020-05-31 01:44:43",280
"2020-05-31 02:44:41",280
"2020-05-31 03:44:41",280
"2020-05-31 04:44:38",280
"2020-05-31 05:44:43",280
"2020-05-31 06:44:43",280
"2020-05-31 07:44:44",280
"2020-05-31 09:29:42",280
"2020-05-31 09:44:40",280
"2020-05-31 13:09:05",280
"2020-05-31 13:11:17",280
"2020-05-31 13:19:09",280
"2020-06-01 05:01:26",280
"2020-06-01 05:20:30",280
"2020-06-01 05:20:43",280
"2020-06-01 05:22:52",280
"2020-06-01 05:25:45",280
"2020-06-01 05:30:03",280
"2020-06-01 05:30:29",280
"2020-06-01 05:37:46",280
"2020-06-01 05:40:01",280
"2020-06-01 05:40:17",280
"2020-06-01 05:46:32",280
"2020-06-01 05:48:12",280
"2020-06-01 05:48:34",280
"2020-06-01 05:49:22",280
"2020-06-01 06:00:55",280
"2020-06-01 06:38:21",280
"2020-06-01 06:45:56",280
"2020-06-01 06:53:32",280
"2020-06-01 07:44:39",280
"2020-06-01 08:44:46",280
"2020-06-01 09:44:48",280
"2020-06-01 10:44:37",280
"2020-06-01 11:44:39",280
"2020-06-01 13:07:16",280
"2020-06-01 13:45:07",280
"2020-06-01 14:44:42",277
"2020-06-01 15:44:39",275
"2020-06-01 16:44:59",275
"2020-06-01 17:44:56",274
"2020-06-01 18:44:54",274
"2020-06-01 19:44:42",274
"2020-06-01 20:44:41",274
"2020-06-01 21:44:38",274
"2020-06-01 22:44:34",274
"2020-06-01 23:44:42",274
"2020-06-02 00:44:43",274
"2020-06-02 01:44:35",274
"2020-06-02 02:44:34",274
"2020-06-02 03:44:39",274
"2020-06-02 04:44:37",274
"2020-06-02 05:44:39",274
"2020-06-02 06:44:36",274
"2020-06-02 07:44:42",274
"2020-06-02 08:44:44",274
"2020-06-02 09:44:37",274
"2020-06-02 10:44:43",274
"2020-06-02 11:44:38",274
"2020-06-02 12:44:47",274
"2020-06-02 13:44:43",274
"2020-06-02 14:45:00",274
"2020-06-02 15:45:01",273
"2020-06-02 16:44:37",272
"2020-06-02 17:44:58",272
"2020-06-02 18:44:37",272
"2020-06-02 19:44:56",273
"2020-06-02 20:45:00",272
"2020-06-02 21:44:32",272
"2020-06-02 22:44:41",272
"2020-06-02 23:44:34",272
"2020-06-03 00:44:45",272
"2020-06-03 01:45:00",272
"2020-06-03 02:44:32",272
"2020-06-03 03:44:52",272
"2020-06-03 04:44:50",272
"2020-06-03 05:44:34",272
"2020-06-03 06:44:39",272
"2020-06-03 07:44:56",272
"2020-06-03 08:44:38",272
"2020-06-03 09:44:40",272
"2020-06-03 10:44:39",272
"2020-06-03 11:44:39",272
"2020-06-03 13:10:49",272
"2020-06-03 13:44:44",272
"2020-06-03 14:44:37",270
"2020-06-03 15:45:02",268
"2020-06-03 16:44:57",268
"2020-06-03 17:45:01",267
"2020-06-03 18:45:07",266
"2020-06-03 19:45:03",265
"2020-06-03 20:44:40",265
"2020-06-03 21:44:41",265
"2020-06-03 22:44:39",265
"2020-06-03 23:44:35",265
"2020-06-04 00:44:58",265
"2020-06-04 01:44:46",265
"2020-06-04 02:44:41",265
"2020-06-04 03:44:45",265
"2020-06-04 04:44:44",265
"2020-06-04 05:44:39",265
"2020-06-04 06:44:40",265
"2020-06-04 07:44:49",265
"2020-06-04 08:44:48",265
"2020-06-04 09:44:44",265
"2020-06-04 10:44:37",265
"2020-06-04 11:44:36",265
"2020-06-04 12:44:41",265
"2020-06-04 13:44:56",265
"2020-06-04 14:45:18",263
"2020-06-04 15:45:03",263
"2020-06-04 17:09:20",262
"2020-06-04 17:44:43",262
"2020-06-04 18:44:57",262
"2020-06-04 19:44:36",262
"2020-06-04 20:45:00",261
"2020-06-04 21:45:00",261
"2020-06-04 22:44:41",261
"2020-06-04 23:44:44",261
"2020-06-05 00:44:46",261
"2020-06-05 01:44:39",261
"2020-06-05 02:44:38",261
"2020-06-05 03:44:40",261
"2020-06-05 04:44:44",261
"2020-06-05 05:44:47",261
"2020-06-05 06:44:45",261
"2020-06-05 07:44:44",261
"2020-06-05 08:44:43",261
"2020-06-05 09:44:38",261
"2020-06-05 10:44:38",261
"2020-06-05 11:44:41",261
"2020-06-05 13:11:49",261
"2020-06-05 13:45:01",261
"2020-06-05 14:44:46",260
"2020-06-05 15:44:44",259
"2020-06-05 16:45:05",259
"2020-06-05 17:44:43",259
"2020-06-05 18:44:44",259
"2020-06-05 19:44:43",259
"2020-06-05 20:45:04",260
"2020-06-05 21:44:44",260
"2020-06-05 22:44:42",260
"2020-06-05 23:44:43",260
"2020-06-06 00:44:49",260
"2020-06-06 01:44:38",260
"2020-06-06 02:44:40",260
"2020-06-06 03:44:46",260
"2020-06-06 04:44:49",260
"2020-06-06 05:44:50",260
"2020-06-06 06:44:44",260
"2020-06-06 07:45:10",260
"2020-06-06 08:44:47",260
"2020-06-06 09:55:04",260
"2020-06-06 10:44:39",260
"2020-06-06 11:44:44",260
"2020-06-06 12:44:46",260
"2020-06-06 13:44:41",260
"2020-06-06 14:45:04",260
"2020-06-06 15:44:42",260
"2020-06-06 16:44:58",260
"2020-06-06 18:44:44",260
"2020-06-06 19:44:39",260
"2020-06-06 20:44:42",260
"2020-06-06 21:44:41",260
"2020-06-06 22:44:42",260
"2020-06-06 23:44:49",260
"2020-06-07 00:44:49",260
"2020-06-07 01:44:41",260
"2020-06-07 02:44:42",260
"2020-06-07 03:44:43",260
"2020-06-07 04:44:43",260
"2020-06-07 05:44:42",260
"2020-06-07 06:44:42",260
"2020-06-07 07:44:46",260
"2020-06-07 08:44:46",260
"2020-06-08 04:44:38",260
"2020-06-08 05:44:36",260
"2020-06-08 06:44:59",260
"2020-06-08 07:44:35",260
"2020-06-08 08:44:45",260
"2020-06-08 09:44:39",260
"2020-06-08 10:44:38",260
"2020-06-08 11:44:42",260
"2020-06-08 12:45:02",260
"2020-06-08 13:44:43",260
"2020-06-08 14:45:16",260
"2020-06-08 15:44:39",257
"2020-06-08 16:44:50",257
"2020-06-08 17:44:47",258
"2020-06-08 18:45:10",257
"2020-06-08 19:45:03",257
"2020-06-08 20:44:53",259
"2020-06-08 21:44:45",259
"2020-06-08 22:44:43",259
"2020-06-08 23:44:42",259
"2020-06-09 00:44:45",259
"2020-06-09 01:44:54",259
"2020-06-09 02:44:52",259
"2020-06-09 03:44:42",259
"2020-06-09 04:45:03",259
"2020-06-09 05:45:15",259
"2020-06-09 06:45:09",259
"2020-06-09 07:44:50",259
"2020-06-09 08:44:48",259
"2020-06-09 09:44:58",259
"2020-06-09 10:44:45",259
"2020-06-09 11:44:50",259
"2020-06-09 12:45:17",259
"2020-06-09 13:44:57",259
"2020-06-09 14:44:57",260
"2020-06-09 15:45:04",260
"2020-06-09 16:45:10",257
"2020-06-09 17:44:45",259
"2020-06-09 18:45:01",259
"2020-06-09 19:45:21",261
"2020-06-09 20:45:21",261
"2020-06-09 21:45:01",261
"2020-06-09 22:45:05",261
"2020-06-09 23:45:06",261
"2020-06-10 00:45:14",261
"2020-06-10 01:44:59",261
"2020-06-10 02:45:05",261
"2020-06-10 03:45:09",261
"2020-06-10 04:44:58",261
"2020-06-10 05:45:07",261
"2020-06-10 06:44:48",261
"2020-06-10 07:44:39",261
"2020-06-10 08:44:46",261
"2020-06-10 09:44:36",261
"2020-06-10 10:44:39",261
"2020-06-10 11:44:46",261
"2020-06-10 12:44:52",261
"2020-06-10 13:45:10",261
"2020-06-10 15:44:45",261
"2020-06-10 16:44:55",259
"2020-06-10 17:44:52",258
"2020-06-10 18:44:52",260
"2020-06-10 19:44:48",263
"2020-06-10 20:44:44",265
"2020-06-10 21:44:53",265
"2020-06-10 22:44:40",265
"2020-06-10 23:45:01",265
"2020-06-11 00:46:10",265
"2020-06-11 01:44:42",265
"2020-06-11 02:45:22",265
"2020-06-11 03:45:21",265
"2020-06-11 04:44:47",265
"2020-06-11 05:45:18",265
"2020-06-11 06:44:54",265
"2020-06-11 07:45:07",265
"2020-06-11 08:44:47",265
"2020-06-11 09:44:50",265
"2020-06-11 10:44:49",265
"2020-06-11 11:44:41",265
"2020-06-11 12:44:52",265
"2020-06-11 13:45:15",265
"2020-06-11 14:44:58",266
"2020-06-11 15:45:12",265
"2020-06-11 16:45:30",266
"2020-06-11 17:45:05",269
"2020-06-11 18:45:11",269
"2020-06-11 19:45:03",270
"2020-06-11 20:44:45",270
"2020-06-11 21:44:43",270
"2020-06-11 22:44:38",270
"2020-06-11 23:44:37",270
"2020-06-12 00:44:47",270
"2020-06-12 01:44:47",270
"2020-06-12 02:44:45",270
"2020-06-12 03:44:46",270
"2020-06-12 04:44:44",270
"2020-06-12 05:44:42",270
"2020-06-12 06:44:51",270
"2020-06-12 07:44:50",270
"2020-06-12 08:44:39",270
"2020-06-12 09:44:51",270
"2020-06-12 10:44:51",270
"2020-06-12 11:44:44",270
"2020-06-12 14:11:26",268
"2020-06-12 14:19:24",268
"2020-06-12 14:45:15",268
"2020-06-12 15:44:48",267
"2020-06-12 16:44:52",269
"2020-06-12 17:44:47",271
"2020-06-12 18:44:49",273
"2020-06-12 19:45:03",274
"2020-06-12 20:45:01",275
"2020-06-12 21:44:55",275
"2020-06-12 22:44:42",275
"2020-06-12 23:44:42",275
"2020-06-13 00:44:38",275
"2020-06-13 01:44:41",275
"2020-06-13 02:44:42",275
"2020-06-13 03:44:42",275
"2020-06-13 04:44:41",275
"2020-06-13 05:44:40",275
"2020-06-13 06:44:44",275
"2020-06-13 07:44:44",275
"2020-06-13 08:44:40",275
"2020-06-13 09:44:42",275
"2020-06-13 10:44:41",275
"2020-06-13 11:44:38",275
"2020-06-13 12:44:39",275
"2020-06-13 13:44:37",275
"2020-06-13 14:44:41",275
"2020-06-13 15:44:40",275
"2020-06-13 16:44:49",275
"2020-06-13 17:44:42",275
"2020-06-13 18:44:44",275
"2020-06-13 19:44:40",275
"2020-06-13 20:44:43",275
"2020-06-13 21:44:46",275
"2020-06-13 22:44:46",275
"2020-06-13 23:44:46",275
"2020-06-14 00:44:45",275
"2020-06-14 01:44:38",275
"2020-06-14 02:44:44",275
"2020-06-14 03:44:47",275
"2020-06-14 04:44:35",275
"2020-06-14 05:44:58",275
"2020-06-14 06:44:40",275
"2020-06-14 07:44:45",275
"2020-06-14 08:44:41",275
"2020-06-14 09:44:42",275
"2020-06-14 10:44:42",275
"2020-06-14 11:44:39",275
"2020-06-14 12:44:40",275
"2020-06-14 13:44:41",275
"2020-06-14 14:44:43",275
"2020-06-14 15:44:41",275
"2020-06-14 16:44:40",275
"2020-06-14 17:44:44",275
"2020-06-14 18:44:47",275
"2020-06-14 19:44:40",275
"2020-06-14 20:44:43",275
"2020-06-14 21:44:54",275
"2020-06-14 22:44:39",275
"2020-06-14 23:44:42",275
"2020-06-15 00:44:55",275
"2020-06-15 01:44:48",275
"2020-06-15 02:44:47",275
"2020-06-15 03:44:41",275
"2020-06-15 04:44:48",275
"2020-06-15 05:45:03",275
"2020-06-15 06:44:41",275
"2020-06-15 07:44:42",275
"2020-06-15 08:44:51",275
"2020-06-15 09:44:46",275
"2020-06-15 10:44:38",275
"2020-06-15 11:44:39",275
"2020-06-15 12:44:48",275
"2020-06-15 13:45:18",275
"2020-06-15 14:45:08",269
"2020-06-15 15:44:49",270
"2020-06-15 16:44:56",271
"2020-06-15 17:44:48",273
"2020-06-15 18:42:23",274
"2020-06-15 18:50:02",274
"2020-06-15 18:57:41",274
"2020-06-15 19:05:24",273
"2020-06-15 19:13:10",273
"2020-06-15 19:20:57",273
"2020-06-15 19:28:39",273
"2020-06-15 19:36:19",273
"2020-06-15 19:43:58",273
"2020-06-15 19:51:38",273
"2020-06-15 19:59:23",273
"2020-06-15 20:07:09",274
"2020-06-15 20:12:10",274
"2020-06-15 20:19:49",274
"2020-06-15 20:27:27",274
"2020-06-15 20:35:06",274
"2020-06-15 20:42:44",274
"2020-06-15 20:50:21",274
"2020-06-15 20:58:03",274
"2020-06-15 21:05:45",274
"2020-06-15 21:13:26",274
"2020-06-15 21:21:03",274
"2020-06-15 21:28:40",274
"2020-06-15 21:36:18",274
"2020-06-15 21:43:55",274
"2020-06-15 21:51:35",274
"2020-06-15 22:44:44",274
"2020-06-15 23:44:39",274
"2020-06-16 00:44:43",274
"2020-06-16 01:44:38",274
"2020-06-16 02:45:18",274
"2020-06-16 03:44:41",274
"2020-06-16 04:44:37",274
"2020-06-16 05:44:41",274
"2020-06-16 06:45:04",274
"2020-06-16 07:45:00",274
"2020-06-16 08:44:40",274
"2020-06-16 09:44:39",274
"2020-06-16 10:44:42",274
"2020-06-16 11:44:38",274
"2020-06-16 12:44:46",274
"2020-06-16 13:44:45",274
"2020-06-16 14:45:00",270
"2020-06-16 15:44:46",270
"2020-06-16 16:44:45",269
"2020-06-16 17:45:14",268
"2020-06-16 18:44:44",269
"2020-06-16 19:44:45",269
"2020-06-16 20:44:45",268
"2020-06-16 21:44:41",268
"2020-06-16 22:44:35",268
"2020-06-16 23:44:36",268
"2020-06-17 00:44:41",268
"2020-06-17 01:44:56",268
"2020-06-17 02:44:45",268
"2020-06-17 03:45:07",268
"2020-06-17 04:44:46",268
"2020-06-17 05:44:43",268
"2020-06-17 06:44:57",268
"2020-06-17 07:44:43",268
"2020-06-17 08:44:40",268
"2020-06-17 09:44:38",268
"2020-06-17 10:44:36",268
"2020-06-17 11:44:44",268
"2020-06-17 12:44:43",268
"2020-06-17 13:44:49",268
"2020-06-17 14:44:43",266
"2020-06-17 15:44:47",267
"2020-06-17 16:44:50",266
"2020-06-17 17:44:47",264
"2020-06-17 18:44:53",264
"2020-06-17 19:45:03",263
"2020-06-17 20:45:03",263
"2020-06-17 21:44:55",263
"2020-06-17 22:44:40",263
"2020-06-17 23:44:44",263
"2020-06-18 00:44:41",263
"2020-06-18 01:44:44",263
"2020-06-18 02:44:38",263
"2020-06-18 03:44:57",263
"2020-06-18 04:44:43",263
"2020-06-18 05:44:38",263
"2020-06-18 06:44:44",263
"2020-06-18 07:44:56",263
"2020-06-18 08:44:39",263
"2020-06-18 09:44:41",263
"2020-06-18 10:44:36",263
"2020-06-18 11:44:48",263
"2020-06-18 12:44:45",263
"2020-06-18 13:44:57",263
"2020-06-18 14:44:56",262
"2020-06-18 17:06:43",262
"2020-06-18 17:44:45",262
"2020-06-18 18:44:56",262
"2020-06-18 19:44:52",262
"2020-06-18 20:44:47",261
"2020-06-18 21:45:05",261
"2020-06-18 22:44:44",261
"2020-06-18 23:44:49",261
"2020-06-19 00:45:05",261
"2020-06-19 01:44:44",261
"2020-06-19 02:44:41",261
"2020-06-19 03:45:03",261
"2020-06-19 04:47:17",261
"2020-06-19 05:44:44",261
"2020-06-19 06:44:40",261
"2020-06-19 07:45:01",261
"2020-06-19 08:45:08",261
"2020-06-19 09:45:00",261
"2020-06-19 10:44:42",261
"2020-06-19 11:44:36",261
"2020-06-19 13:09:19",261
"2020-06-19 13:44:55",261
"2020-06-19 14:44:45",260
"2020-06-19 15:44:48",260
"2020-06-19 16:44:45",260
"2020-06-19 17:44:56",261
"2020-06-19 18:44:39",261
"2020-06-19 19:44:47",263
"2020-06-19 20:44:44",258
"2020-06-19 21:44:35",259
"2020-06-19 22:44:53",259
"2020-06-19 23:44:58",259
"2020-06-20 00:44:47",259
"2020-06-20 01:44:52",259
"2020-06-20 02:44:52",259
"2020-06-20 03:44:39",259
"2020-06-20 04:44:35",259
"2020-06-20 05:44:45",259
"2020-06-20 06:44:40",259
"2020-06-20 07:44:43",259
"2020-06-20 08:44:43",259
"2020-06-20 09:44:43",259
"2020-06-20 10:44:41",259
"2020-06-20 11:44:44",259
"2020-06-20 12:44:45",259
"2020-06-20 13:44:46",259
"2020-06-20 14:44:45",259
"2020-06-20 15:44:37",259
"2020-06-20 16:45:00",259
"2020-06-20 17:44:40",259
"2020-06-20 18:44:40",259
"2020-06-20 19:44:54",259
"2020-06-20 20:44:44",259
"2020-06-20 21:44:44",259
"2020-06-20 22:44:47",259
"2020-06-20 23:44:48",259
"2020-06-21 00:44:49",259
"2020-06-21 01:44:43",259
"2020-06-21 02:44:44",259
"2020-06-21 03:45:05",259
"2020-06-21 04:44:43",259
"2020-06-21 05:45:03",259
"2020-06-21 06:44:41",259
"2020-06-21 07:44:44",259
"2020-06-21 08:44:39",259
"2020-06-21 09:44:39",259
"2020-06-21 10:44:37",259
"2020-06-21 11:44:43",259
"2020-06-21 12:44:49",259
"2020-06-21 13:44:47",259
"2020-06-21 14:45:08",259
"2020-06-21 15:44:45",259
"2020-06-21 16:44:38",259
"2020-06-21 17:44:42",259
"2020-06-21 18:44:44",259
"2020-06-21 19:44:46",259
"2020-06-21 20:44:43",259
"2020-06-21 21:44:46",259
"2020-06-21 22:45:00",259
"2020-06-21 23:44:51",259
"2020-06-22 00:44:41",259
"2020-06-22 01:44:52",259
"2020-06-22 02:44:49",259
"2020-06-22 03:44:44",259
"2020-06-22 04:44:46",259
"2020-06-22 05:45:02",259
"2020-06-22 06:44:44",259
"2020-06-22 07:44:38",259
"2020-06-22 08:44:45",259
"2020-06-22 09:44:48",259
"2020-06-22 10:45:06",259
"2020-06-22 11:44:40",259
"2020-06-22 12:44:46",259
"2020-06-22 13:44:48",259
"2020-06-22 14:44:49",258
"2020-06-22 15:45:00",256
"2020-06-22 16:44:48",259
"2020-06-22 17:45:06",258
"2020-06-22 18:44:44",258
"2020-06-22 19:44:51",258
"2020-06-22 20:44:41",259
"2020-06-22 21:44:39",259
"2020-06-22 22:44:37",259
"2020-06-22 23:44:41",259
"2020-06-23 00:44:40",259
"2020-06-23 01:44:45",259
"2020-06-23 02:44:49",259
"2020-06-23 03:44:49",259
"2020-06-23 04:44:58",259
"2020-06-23 05:45:00",259
"2020-06-23 06:44:42",259
"2020-06-23 07:44:49",259
"2020-06-23 08:45:17",259
"2020-06-23 09:44:44",259
"2020-06-23 10:44:49",259
"2020-06-23 11:44:45",259
"2020-06-23 12:44:50",259
"2020-06-23 13:44:47",259
"2020-06-23 14:44:51",258
"2020-06-23 15:45:00",257
"2020-06-23 16:44:45",256
"2020-06-23 17:44:52",256
"2020-06-23 18:45:03",257
"2020-06-23 19:44:42",257
"2020-06-23 20:44:49",255
"2020-06-23 21:44:41",255
"2020-06-23 22:44:59",255
"2020-06-23 23:45:05",255
"2020-06-24 00:45:02",255
"2020-06-24 01:45:05",255
"2020-06-24 02:45:02",255
"2020-06-24 03:44:43",255
"2020-06-24 04:44:56",255
"2020-06-24 05:45:07",255
"2020-06-24 06:44:50",255
"2020-06-24 07:44:45",255
"2020-06-24 08:44:56",255
"2020-06-24 09:44:48",255
"2020-06-24 10:44:55",255
"2020-06-24 11:44:40",255
"2020-06-24 12:44:46",255
"2020-06-24 13:44:52",255
"2020-06-24 14:44:49",253
"2020-06-24 15:44:41",254
"2020-06-24 16:44:46",252
"2020-06-24 17:45:03",252
"2020-06-24 18:44:57",251
"2020-06-24 19:45:02",251
"2020-06-24 20:44:47",251
"2020-06-24 21:44:44",251
"2020-06-24 22:44:43",251
"2020-06-24 23:44:46",251
"2020-06-25 00:44:49",251
"2020-06-25 01:44:45",251
"2020-06-25 02:44:38",251
"2020-06-25 03:44:43",251
"2020-06-25 04:44:46",251
"2020-06-25 05:44:45",251
"2020-06-25 06:44:51",251
"2020-06-25 07:44:52",251
"2020-06-25 08:44:46",251
"2020-06-25 09:45:01",251
"2020-06-25 10:44:41",251
"2020-06-25 11:45:14",251
"2020-06-25 13:08:21",251
"2020-06-25 13:45:08",251
"2020-06-25 14:45:29",253
"2020-06-25 15:45:10",249
"2020-06-25 16:45:09",250
"2020-06-25 17:45:10",250
"2020-06-25 18:44:48",250
"2020-06-25 19:44:59",250
"2020-06-25 20:44:47",248
"2020-06-25 21:45:03",248
"2020-06-25 22:45:12",248
"2020-06-25 23:44:45",248
"2020-06-26 00:45:12",248
"2020-06-26 01:44:57",248
"2020-06-26 02:44:54",248
"2020-06-26 03:45:03",248
"2020-06-26 04:44:45",248
"2020-06-26 05:44:51",248
"2020-06-26 06:44:54",248
"2020-06-26 07:44:55",248
"2020-06-26 08:44:55",248
"2020-06-26 09:44:47",248
"2020-06-26 10:44:45",248
"2020-06-26 11:44:50",248
"2020-06-26 12:44:52",248
"2020-06-26 13:45:19",248
"2020-06-26 14:44:50",251
"2020-06-26 15:44:47",251
"2020-06-26 16:44:51",251
"2020-06-26 17:44:48",251
"2020-06-26 18:44:51",251
"2020-06-26 19:44:53",251
"2020-06-26 20:44:46",253
"2020-06-26 21:44:49",253
"2020-06-26 22:45:05",253
"2020-06-26 23:44:43",253
"2020-06-27 00:45:15",253
"2020-06-27 01:45:03",253
"2020-06-27 02:45:01",253
"2020-06-27 03:45:02",253
"2020-06-27 04:45:08",253
"2020-06-27 05:44:43",253
"2020-06-27 06:44:48",253
"2020-06-27 07:44:50",253
"2020-06-27 08:44:43",253
"2020-06-27 09:44:47",253
"2020-06-27 10:44:48",253
"2020-06-27 11:44:41",253
"2020-06-27 12:44:53",253
"2020-06-27 13:44:49",253
"2020-06-27 14:44:39",253
"2020-06-27 15:45:09",253
"2020-06-27 16:44:48",253
"2020-06-27 17:44:45",253
"2020-06-27 18:44:47",253
"2020-06-27 19:44:48",253
"2020-06-27 20:44:42",253
"2020-06-27 21:44:45",253
"2020-06-27 22:44:46",253
"2020-06-27 23:44:43",253
"2020-06-28 00:44:55",253
"2020-06-28 01:44:43",253
"2020-06-28 02:44:50",253
"2020-06-28 03:44:44",253
"2020-06-28 04:44:42",253
"2020-06-28 05:44:46",253
"2020-06-28 06:44:43",253
"2020-06-28 07:44:56",253
"2020-06-28 08:44:50",253
"2020-06-28 09:44:44",253
"2020-06-28 10:44:46",253
"2020-06-28 11:44:41",253
"2020-06-28 12:44:48",253
"2020-06-28 13:44:48",253
"2020-06-28 14:44:43",253
"2020-06-28 15:44:51",253
"2020-06-28 16:44:48",253
"2020-06-28 17:44:46",253
"2020-06-28 18:44:49",253
"2020-06-28 19:44:49",253
"2020-06-28 20:44:42",253
"2020-06-28 21:44:52",253
"2020-06-28 22:45:03",253
"2020-06-28 23:44:51",253
"2020-06-29 00:45:00",253
"2020-06-29 01:44:41",253
"2020-06-29 02:44:50",253
"2020-06-29 03:44:47",253
"2020-06-29 04:44:51",253
"2020-06-29 05:44:44",253
"2020-06-29 06:44:53",253
"2020-06-29 07:44:56",253
"2020-06-29 08:44:50",253
"2020-06-29 09:44:52",253
"2020-06-29 10:44:49",253
"2020-06-29 11:44:47",253
"2020-06-29 12:44:54",253
"2020-06-29 13:45:01",253
"2020-06-29 14:45:15",256
"2020-06-29 15:44:51",253
"2020-06-29 16:44:49",252
"2020-06-29 17:44:47",250
"2020-06-29 18:44:47",250
"2020-06-29 19:44:49",250
"2020-06-29 20:44:50",249
"2020-06-29 21:44:49",249
"2020-06-29 22:44:45",249
"2020-06-29 23:44:53",249
"2020-06-30 00:45:13",249
"2020-06-30 01:44:55",249
"2020-06-30 02:45:14",249
"2020-06-30 03:44:47",249
"2020-06-30 04:45:09",249
"2020-06-30 05:44:53",249
"2020-06-30 06:45:05",249
"2020-06-30 07:44:47",249
"2020-06-30 08:44:47",249
"2020-06-30 09:44:53",249
"2020-06-30 10:46:52",249
"2020-06-30 11:44:47",249
"2020-06-30 12:44:47",249
"2020-06-30 13:45:26",249
"2020-06-30 14:44:59",248
"2020-06-30 15:45:01",246
"2020-06-30 16:45:23",246
"2020-06-30 17:44:49",246
"2020-06-30 18:44:59",246
"2020-06-30 19:44:51",246
"2020-06-30 20:44:57",245
"2020-06-30 21:45:10",245
"2020-06-30 22:44:41",245
"2020-06-30 23:44:48",245
"2020-07-01 00:45:46",245
"2020-07-01 01:44:49",245
"2020-07-01 02:45:09",245
"2020-07-01 03:44:53",245
"2020-07-01 04:44:57",245
"2020-07-01 05:44:57",245
"2020-07-01 06:44:51",245
"2020-07-01 07:44:55",245
"2020-07-01 08:45:11",245
"2020-07-01 09:45:24",245
"2020-07-01 10:45:18",245
"2020-07-01 11:44:50",245
"2020-07-01 13:07:56",245
"2020-07-01 13:45:20",245
"2020-07-01 14:45:24",243
"2020-07-01 15:45:20",243
"2020-07-01 16:45:17",244
"2020-07-01 17:45:09",244
"2020-07-01 18:45:11",244
"2020-07-01 19:45:20",244
"2020-07-01 20:45:12",244
"2020-07-01 21:44:52",244
"2020-07-01 22:45:13",244
"2020-07-01 23:44:54",244
"2020-07-02 00:45:52",244
"2020-07-02 01:44:56",244
"2020-07-02 02:44:58",244
"2020-07-02 03:44:59",244
"2020-07-02 04:44:56",244
"2020-07-02 05:44:56",244
"2020-07-02 06:44:56",244
"2020-07-02 07:44:49",244
"2020-07-02 08:44:53",244
"2020-07-02 09:46:16",244
"2020-07-02 10:44:53",244
"2020-07-02 11:44:55",244
"2020-07-02 13:10:57",244
"2020-07-02 13:45:22",244
"2020-07-02 14:44:54",246
"2020-07-02 15:44:58",246
"2020-07-02 16:45:12",247
"2020-07-02 17:45:05",248
"2020-07-02 18:45:12",249
"2020-07-02 19:44:59",249
"2020-07-02 20:44:46",249
"2020-07-02 21:44:56",250
"2020-07-02 22:44:48",250
"2020-07-02 23:44:46",250
"2020-07-03 00:45:15",250
"2020-07-03 01:44:53",250
"2020-07-03 02:45:07",250
"2020-07-03 03:44:51",250
"2020-07-03 04:45:11",250
"2020-07-03 05:44:52",250
"2020-07-03 06:44:52",250
"2020-07-03 07:44:53",250
"2020-07-03 08:44:51",250
"2020-07-03 09:45:13",250
"2020-07-03 10:44:55",250
"2020-07-03 11:44:50",250
"2020-07-03 12:44:48",250
"2020-07-03 13:44:51",250
"2020-07-03 14:44:58",250
"2020-07-03 15:44:50",250
"2020-07-03 16:44:52",250
"2020-07-03 17:44:51",250
"2020-07-03 18:44:59",250
"2020-07-03 19:44:54",250
"2020-07-03 20:44:55",250
"2020-07-03 21:44:52",250
"2020-07-03 22:44:50",250
"2020-07-03 23:44:49",250
"2020-07-04 00:44:50",250
"2020-07-04 01:45:00",250
"2020-07-04 02:45:08",250
"2020-07-04 03:44:50",250
"2020-07-04 04:44:46",250
"2020-07-04 05:44:55",250
"2020-07-04 06:44:57",250
"2020-07-04 07:44:52",250
"2020-07-04 08:44:54",250
"2020-07-04 09:44:54",250
"2020-07-04 11:37:59",250
"2020-07-04 11:45:45",250
"2020-07-04 12:44:57",250
"2020-07-04 13:44:49",250
"2020-07-04 14:44:55",250
"2020-07-04 15:44:45",250
"2020-07-04 16:45:16",250
"2020-07-04 17:44:50",250
"2020-07-04 18:44:52",250
"2020-07-04 19:44:47",250
"2020-07-04 20:44:53",250
"2020-07-04 21:44:54",250
"2020-07-04 22:44:47",250
"2020-07-04 23:44:58",250
"2020-07-05 00:44:56",250
"2020-07-05 01:44:54",250
"2020-07-05 02:44:45",250
"2020-07-05 03:44:51",250
"2020-07-05 04:44:47",250
"2020-07-05 05:44:55",250
"2020-07-05 06:44:54",250
"2020-07-05 07:44:57",250
"2020-07-05 08:44:53",250
"2020-07-05 11:32:13",250
"2020-07-05 11:37:43",250
"2020-07-05 11:47:14",250
"2020-07-05 12:44:50",250
"2020-07-05 13:44:54",250
"2020-07-05 14:44:47",250
"2020-07-05 15:45:02",250
"2020-07-05 16:44:55",250
"2020-07-05 17:44:48",250
"2020-07-05 18:44:47",250
"2020-07-05 19:44:53",250
"2020-07-05 20:44:49",250
"2020-07-05 21:44:54",250
"2020-07-05 22:44:45",250
"2020-07-05 23:44:48",250
"2020-07-06 00:44:53",250
"2020-07-06 01:44:56",250
"2020-07-06 02:44:52",250
"2020-07-06 03:44:51",250
"2020-07-06 04:44:50",250
"2020-07-06 05:44:42",250
"2020-07-06 06:44:57",250
"2020-07-06 07:45:08",250
"2020-07-06 08:44:57",250
"2020-07-06 09:44:52",250
"2020-07-06 11:41:14",250
"2020-07-06 11:51:43",250
"2020-07-06 14:09:32",250
"2020-07-06 14:17:34",250
"2020-07-06 14:45:09",250
"2020-07-06 15:44:56",250
"2020-07-06 16:45:18",251
"2020-07-06 17:44:55",251
"2020-07-06 18:44:49",252
"2020-07-06 19:44:46",252
"2020-07-06 20:44:57",252
"2020-07-06 21:44:47",252
"2020-07-06 22:45:05",252
"2020-07-06 23:44:47",252
"2020-07-07 00:44:52",252
"2020-07-07 01:44:43",252
"2020-07-07 02:44:51",252
"2020-07-07 03:45:10",252
"2020-07-07 04:44:49",252
"2020-07-07 05:44:44",252
"2020-07-07 06:44:44",252
"2020-07-07 07:44:42",252
"2020-07-07 08:44:43",252
"2020-07-07 11:24:38",252
"2020-07-07 11:31:12",252
"2020-07-07 11:44:49",252
"2020-07-07 12:44:54",252
"2020-07-07 13:44:55",252
"2020-07-07 14:44:49",252
"2020-07-07 15:45:20",253
"2020-07-07 16:46:01",252
"2020-07-07 17:45:04",251
"2020-07-07 18:44:44",251
"2020-07-07 19:45:18",251
"2020-07-07 20:44:54",252
"2020-07-07 21:45:18",252
"2020-07-07 22:44:55",252
"2020-07-07 23:44:53",252
"2020-07-08 00:45:48",252
"2020-07-08 01:45:07",252
"2020-07-08 02:44:53",252
"2020-07-08 03:44:58",252
"2020-07-08 04:44:52",252
"2020-07-08 05:45:09",252
"2020-07-08 06:44:57",252
"2020-07-08 07:44:55",252
"2020-07-08 08:44:56",252
"2020-07-08 11:50:49",252
"2020-07-08 11:55:33",252
"2020-07-08 11:58:15",252
"2020-07-08 13:12:00",253
"2020-07-08 13:45:15",253
"2020-07-08 14:44:55",255
"2020-07-08 15:44:54",256
"2020-07-08 16:44:54",256
"2020-07-08 17:44:59",256
"2020-07-08 18:45:10",256
"2020-07-08 19:45:15",254
"2020-07-08 20:44:56",254
"2020-07-08 21:44:56",254
"2020-07-08 22:44:56",254
"2020-07-08 23:45:00",254
"2020-07-09 00:45:57",254
"2020-07-09 01:44:56",254
"2020-07-09 18:45:12",253
"2020-07-09 18:49:27",253
"2020-07-09 18:59:18",253
"2020-07-09 19:46:43",253
"2020-07-09 20:45:00",253
"2020-07-09 21:45:05",253
"2020-07-09 22:45:08",253
"2020-07-09 23:44:54",253
"2020-07-10 00:45:44",253
"2020-07-10 01:44:55",253
"2020-07-10 02:45:09",253
"2020-07-10 03:44:55",253
"2020-07-10 04:44:45",253
"2020-07-10 05:44:50",253
"2020-07-10 06:44:57",253
"2020-07-10 07:44:54",253
"2020-07-10 08:44:54",253
"2020-07-10 11:43:34",253
"2020-07-10 11:51:21",253
"2020-07-10 11:58:56",253
"2020-07-10 13:11:55",252
"2020-07-10 13:44:58",252
"2020-07-10 14:44:48",252
"2020-07-10 15:44:58",253
"2020-07-10 16:44:59",253
"2020-07-10 17:44:51",253
"2020-07-10 18:45:00",253
"2020-07-10 19:44:57",253
"2020-07-10 20:44:50",254
"2020-07-10 21:45:12",254
"2020-07-10 22:44:48",254
"2020-07-10 23:45:02",254
"2020-07-11 00:44:52",254
"2020-07-11 01:44:55",254
"2020-07-11 02:44:46",254
"2020-07-11 03:45:00",254
"2020-07-11 04:44:56",254
"2020-07-11 05:44:50",254
"2020-07-11 06:44:51",254
"2020-07-11 07:45:00",254
"2020-07-11 08:44:59",254
"2020-07-11 11:48:18",254
"2020-07-11 11:54:47",254
"2020-07-11 11:57:43",254
"2020-07-11 12:44:56",254
"2020-07-11 13:44:56",254
"2020-07-11 14:44:57",254
"2020-07-11 15:44:57",254
"2020-07-11 16:44:47",254
"2020-07-11 17:44:54",254
"2020-07-11 18:44:54",254
"2020-07-11 19:44:53",254
"2020-07-11 20:44:45",254
"2020-07-11 21:45:01",254
"2020-07-11 22:44:57",254
"2020-07-11 23:44:51",254
"2020-07-12 00:44:52",254
"2020-07-12 01:45:15",254
"2020-07-12 02:44:52",254
"2020-07-12 03:44:59",254
"2020-07-12 04:44:48",254
"2020-07-12 05:44:54",254
"2020-07-12 06:45:02",254
"2020-07-12 07:44:53",254
"2020-07-12 08:44:46",254
"2020-07-12 11:36:55",254
"2020-07-12 11:37:33",254
"2020-07-12 11:53:14",254
"2020-07-12 12:44:48",254
"2020-07-12 13:44:55",254
"2020-07-12 14:44:46",254
"2020-07-12 15:44:53",254
"2020-07-12 16:44:58",254
"2020-07-12 17:44:46",254
"2020-07-12 18:44:49",254
"2020-07-12 19:44:53",254
"2020-07-12 20:44:56",254
"2020-07-12 21:44:47",254
"2020-07-12 22:45:03",254
"2020-07-12 23:44:52",254
"2020-07-13 00:45:06",254
"2020-07-13 01:45:12",254
"2020-07-13 02:45:19",254
"2020-07-13 03:44:58",254
"2020-07-13 04:44:57",254
"2020-07-13 05:44:49",254
"2020-07-13 06:45:09",254
"2020-07-13 07:44:52",254
"2020-07-13 08:44:55",254
"2020-07-13 12:01:40",254
"2020-07-13 12:02:41",254
"2020-07-13 12:06:43",254
"2020-07-13 12:45:26",254
"2020-07-13 13:44:57",254
"2020-07-13 14:44:51",258
"2020-07-13 15:45:07",258
"2020-07-13 16:45:16",261
"2020-07-13 17:44:56",260
"2020-07-13 18:44:57",261
"2020-07-13 19:45:06",261
"2020-07-13 20:45:03",261
"2020-07-13 21:45:04",261
"2020-07-13 22:45:13",261
"2020-07-13 23:45:06",261
"2020-07-14 00:45:23",261
"2020-07-14 01:45:13",261
"2020-07-14 02:45:13",261
"2020-07-14 03:44:57",261
"2020-07-14 04:44:53",261
"2020-07-14 05:44:54",261
"2020-07-14 06:44:56",261
"2020-07-14 07:45:01",261
"2020-07-14 08:45:03",261
"2020-07-14 12:07:23",261
"2020-07-14 12:12:57",261
"2020-07-14 12:18:14",261
"2020-07-14 12:45:08",261
"2020-07-14 13:45:20",318
"2020-07-14 14:45:14",775
"2020-07-14 15:45:26",913
"2020-07-14 16:45:40",951
"2020-07-14 17:45:40",963
"2020-07-14 18:45:15",987
"2020-07-14 19:45:07",1004
"2020-07-14 20:45:05",1004
"2020-07-14 21:45:09",1002
"2020-07-14 22:45:14",1004
"2020-07-14 23:45:19",1004
"2020-07-15 00:45:29",1004
"2020-07-15 01:45:18",1004
"2020-07-15 02:30:24",1004
"2020-07-15 02:38:08",1004
"2020-07-15 02:45:48",1004
"2020-07-15 02:53:34",1004
"2020-07-15 03:15:09",1004
"2020-07-15 03:22:59",1004
"2020-07-15 03:30:50",1004
"2020-07-15 03:38:35",1004
"2020-07-15 03:46:19",1004
"2020-07-15 03:54:03",1004
"2020-07-15 04:01:51",1004
"2020-07-15 04:09:39",1004
"2020-07-15 04:17:24",1004
"2020-07-15 04:25:09",1004
"2020-07-15 04:33:01",1004
"2020-07-15 04:40:46",1004
"2020-07-15 04:48:28",1004
"2020-07-15 04:56:20",1004
"2020-07-15 05:04:30",1004
"2020-07-15 05:12:16",1004
"2020-07-15 12:18:40",1004
"2020-07-15 12:27:03",1004
"2020-07-15 12:34:59",1004
"2020-07-15 12:42:51",1004
"2020-07-15 12:50:47",1004
"2020-07-15 12:58:39",1004
"2020-07-15 13:06:38",989
"2020-07-15 13:14:54",989
"2020-07-15 13:22:58",989
"2020-07-15 13:31:11",989
"2020-07-15 13:39:08",989
"2020-07-15 13:47:13",989
"2020-07-15 13:55:08",989
"2020-07-15 14:03:09",989
"2020-07-15 14:11:13",880
"2020-07-15 14:19:15",880
"2020-07-15 14:27:17",880
"2020-07-15 14:35:19",880
"2020-07-15 14:45:12",880
"2020-07-15 14:55:07",880
"2020-07-15 15:05:13",880
"2020-07-15 15:15:14",822
"2020-07-15 15:25:09",822
"2020-07-15 15:35:05",822
"2020-07-15 15:45:10",822
"2020-07-15 15:55:23",822
"2020-07-15 16:05:23",798
"2020-07-15 16:15:27",798
"2020-07-15 16:25:30",798
"2020-07-15 16:35:43",798
"2020-07-15 16:45:55",798
"2020-07-15 16:56:02",798
"2020-07-15 17:06:12",798
"2020-07-15 17:13:24",785
"2020-07-15 17:21:18",785
"2020-07-15 17:29:01",785
"2020-07-15 17:36:49",785
"2020-07-15 17:44:34",785
"2020-07-15 17:52:21",785
"2020-07-15 18:00:22",785
"2020-07-15 18:08:17",774
"2020-07-15 18:16:14",774
"2020-07-15 18:24:07",774
"2020-07-15 18:32:01",774
"2020-07-15 18:40:00",774
"2020-07-15 18:48:09",774
"2020-07-15 18:56:08",774
"2020-07-15 19:04:20",774
"2020-07-15 19:12:23",761
"2020-07-15 19:20:13",761
"2020-07-15 19:28:05",761
"2020-07-15 19:38:10",761
"2020-07-15 19:48:03",761
"2020-07-15 19:57:53",761
"2020-07-15 20:07:51",761
"2020-07-15 20:17:54",752
"2020-07-15 20:27:51",752
"2020-07-15 20:37:39",752
"2020-07-15 20:47:26",752
"2020-07-15 20:57:11",752
"2020-07-15 21:07:01",752
"2020-07-15 21:16:50",748
"2020-07-15 21:26:35",748
"2020-07-15 21:37:03",748
"2020-07-15 21:47:02",748
"2020-07-15 21:57:14",748
"2020-07-15 22:07:13",748
"2020-07-15 22:17:06",748
"2020-07-15 22:26:58",748
"2020-07-15 22:36:43",748
"2020-07-15 22:46:26",748
"2020-07-15 22:56:13",748
"2020-07-15 23:02:56",748
"2020-07-15 23:05:59",748
"2020-07-15 23:25:53",748
"2020-07-15 23:35:42",748
"2020-07-15 23:45:28",748
"2020-07-15 23:55:18",748
"2020-07-16 00:05:50",748
"2020-07-16 00:16:08",748
"2020-07-16 00:26:37",748
"2020-07-16 00:36:57",748
"2020-07-16 00:46:53",748
"2020-07-16 00:56:41",748
"2020-07-16 01:06:33",748
"2020-07-16 01:16:27",748
"2020-07-16 01:26:23",748
"2020-07-16 01:36:07",748
"2020-07-16 01:45:54",748
"2020-07-16 01:55:44",748
"2020-07-16 02:05:38",748
"2020-07-16 02:15:42",748
"2020-07-16 02:26:05",748
"2020-07-16 02:36:06",748
"2020-07-16 02:46:15",748
"2020-07-16 02:59:38",748
"2020-07-16 03:00:20",748
"2020-07-16 03:16:51",748
"2020-07-16 03:27:04",748
"2020-07-16 03:37:06",748
"2020-07-16 03:47:06",748
"2020-07-16 03:57:16",748
"2020-07-16 04:07:43",748
"2020-07-16 04:17:42",748
"2020-07-16 04:27:37",748
"2020-07-16 04:37:34",748
"2020-07-16 04:47:27",748
"2020-07-16 04:57:22",748
"2020-07-16 05:07:18",748
"2020-07-16 05:17:11",748
"2020-07-16 05:27:03",748
"2020-07-16 05:39:33",748
"2020-07-16 05:49:24",748
"2020-07-16 06:00:52",748
"2020-07-16 06:10:46",748
"2020-07-16 06:18:45",748
"2020-07-16 06:27:37",748
"2020-07-16 06:36:47",748
"2020-07-16 06:46:13",748
"2020-07-16 07:01:57",748
"2020-07-16 07:03:23",748
"2020-07-16 07:08:56",748
"2020-07-16 07:28:23",748
"2020-07-16 07:43:11",748
"2020-07-16 07:52:51",748
"2020-07-16 07:59:17",748
"2020-07-16 08:10:36",748
"2020-07-16 08:20:20",748
"2020-07-16 08:29:33",748
"2020-07-16 08:39:19",748
"2020-07-16 08:48:21",748
"2020-07-16 08:57:31",748
"2020-07-16 09:07:09",748
"2020-07-16 09:17:07",748
"2020-07-16 09:27:12",748
"2020-07-16 09:36:52",748
"2020-07-16 09:45:50",748
"2020-07-16 09:54:29",748
"2020-07-16 10:03:31",748
"2020-07-16 10:12:28",748
"2020-07-16 10:21:04",748
"2020-07-16 10:29:21",748
"2020-07-16 10:37:51",748
"2020-07-16 10:48:19",748
"2020-07-16 10:58:47",748
"2020-07-16 11:09:58",748
"2020-07-16 11:20:46",748
"2020-07-16 11:31:18",748
"2020-07-16 11:41:44",748
"2020-07-16 11:52:35",748
"2020-07-16 12:04:10",748
"2020-07-16 12:15:48",748
"2020-07-16 12:26:47",748
"2020-07-16 12:38:02",748
"2020-07-16 12:49:09",748
"2020-07-16 13:00:08",748
"2020-07-16 13:11:50",746
"2020-07-16 13:23:37",746
"2020-07-16 13:35:39",746
"2020-07-16 13:47:01",746
"2020-07-16 13:57:38",746
"2020-07-16 14:08:55",724
"2020-07-16 14:20:03",724
"2020-07-16 14:31:19",724
"2020-07-16 14:38:37",724
"2020-07-16 14:41:56",724
"2020-07-16 15:03:36",724
"2020-07-16 15:14:42",724
"2020-07-16 16:58:13",704
"2020-07-16 17:06:31",704
"2020-07-16 17:14:48",704
"2020-07-16 17:22:56",695
"2020-07-16 17:31:04",695
"2020-07-16 17:39:17",695
"2020-07-16 17:47:25",695
"2020-07-16 17:55:29",695
"2020-07-16 18:03:42",695
"2020-07-16 18:11:58",695
"2020-07-16 18:20:12",695
"2020-07-16 18:28:19",686
"2020-07-16 18:36:28",686
"2020-07-16 18:44:34",686
"2020-07-16 18:52:53",686
"2020-07-16 19:01:06",686
"2020-07-16 19:09:10",681
"2020-07-16 19:17:20",681
"2020-07-16 19:27:24",681
"2020-07-16 19:37:33",681
"2020-07-16 19:47:39",681
"2020-07-16 19:57:40",681
"2020-07-16 20:07:47",678
"2020-07-16 20:17:49",678
"2020-07-16 20:27:48",678
"2020-07-16 20:37:50",678
"2020-07-16 20:47:55",678
"2020-07-16 20:57:58",678
"2020-07-16 21:08:05",678
"2020-07-16 21:18:09",678
"2020-07-16 21:28:32",678
"2020-07-16 21:38:41",678
"2020-07-16 21:48:44",678
"2020-07-16 21:58:46",678
"2020-07-16 22:08:55",678
"2020-07-16 22:18:57",678
"2020-07-16 22:28:58",678
"2020-07-16 22:39:01",678
"2020-07-16 22:49:02",678
"2020-07-16 22:55:46",678
"2020-07-16 22:58:49",678
"2020-07-16 23:19:07",678
"2020-07-16 23:29:07",678
"2020-07-16 23:39:05",678
"2020-07-16 23:49:03",678
"2020-07-16 23:59:10",678
"2020-07-17 00:10:07",678
"2020-07-17 00:20:42",678
"2020-07-17 00:31:12",678
"2020-07-17 00:41:46",678
"2020-07-17 00:51:51",678
"2020-07-17 01:02:11",678
"2020-07-17 01:12:19",678
"2020-07-17 01:22:23",678
"2020-07-17 01:32:23",678
"2020-07-17 01:42:26",678
"2020-07-17 01:52:27",678
"2020-07-17 02:02:35",678
"2020-07-17 02:12:38",678
"2020-07-17 02:22:44",678
"2020-07-17 02:32:43",678
"2020-07-17 02:42:39",678
"2020-07-17 02:55:53",678
"2020-07-17 02:56:33",678
"2020-07-17 03:12:45",678
"2020-07-17 03:22:47",678
"2020-07-17 03:32:55",678
"2020-07-17 03:42:59",678
"2020-07-17 03:53:06",678
"2020-07-17 04:03:17",678
"2020-07-17 04:13:27",678
"2020-07-17 04:23:33",678
"2020-07-17 04:33:38",678
"2020-07-17 04:43:41",678
"2020-07-17 04:53:44",678
"2020-07-17 05:03:53",678
"2020-07-17 05:13:57",678
"2020-07-17 05:24:02",678
"2020-07-17 05:34:01",678
"2020-07-17 05:44:03",678
"2020-07-17 05:54:02",678
"2020-07-17 06:04:11",678
"2020-07-17 06:12:22",678
"2020-07-17 06:20:29",678
"2020-07-17 06:28:45",678
"2020-07-17 06:36:57",678
"2020-07-17 06:50:23",678
"2020-07-17 06:51:26",678
"2020-07-17 06:55:39",678
"2020-07-17 07:10:13",678
"2020-07-17 07:18:22",678
"2020-07-17 07:26:30",678
"2020-07-17 07:34:38",678
"2020-07-17 07:42:43",678
"2020-07-17 07:50:49",678
"2020-07-17 07:58:53",678
"2020-07-17 08:07:19",678
"2020-07-17 08:15:50",678
"2020-07-17 08:24:20",678
"2020-07-17 08:32:53",678
"2020-07-17 08:41:22",678
"2020-07-17 08:49:35",678
"2020-07-17 08:57:46",678
"2020-07-17 09:06:04",678
"2020-07-17 09:14:14",678
"2020-07-17 09:22:19",678
"2020-07-17 09:30:28",678
"2020-07-17 09:38:29",678
"2020-07-17 09:46:31",678
"2020-07-17 09:54:39",678
"2020-07-17 10:03:47",678
"2020-07-17 10:09:31",678
"2020-07-17 10:14:57",678
"2020-07-17 10:27:05",678
"2020-07-17 10:37:07",678
"2020-07-17 10:47:11",678
"2020-07-17 10:57:26",678
"2020-07-17 11:07:48",678
"2020-07-17 11:17:54",678
"2020-07-17 11:28:00",678
"2020-07-17 11:38:07",678
"2020-07-17 11:48:11",678
"2020-07-17 11:58:19",678
"2020-07-17 12:08:43",678
"2020-07-17 12:19:05",678
"2020-07-17 12:29:13",678
"2020-07-17 12:39:19",678
"2020-07-17 12:49:22",678
"2020-07-17 12:59:40",678
"2020-07-17 13:10:24",678
"2020-07-17 13:20:50",678
"2020-07-17 13:29:14",678
"2020-07-17 13:37:51",678
"2020-07-17 13:46:06",678
"2020-07-17 13:54:10",678
"2020-07-17 14:03:14",678
"2020-07-17 14:11:40",678
"2020-07-17 14:20:02",678
"2020-07-17 14:28:22",678
"2020-07-17 14:36:39",678
"2020-07-17 14:44:41",678
"2020-07-17 14:52:47",678
"2020-07-17 15:01:36",678
"2020-07-17 15:10:27",652
"2020-07-17 15:19:17",652
"2020-07-17 15:27:47",652
"2020-07-17 15:36:19",652
"2020-07-17 15:44:44",652
"2020-07-17 15:53:02",652
"2020-07-17 15:59:22",652
"2020-07-17 16:08:27",651
"2020-07-17 16:15:53",651
"2020-07-17 16:24:39",651
"2020-07-17 16:33:22",651
"2020-07-17 16:41:56",651
"2020-07-17 16:50:27",651
"2020-07-17 16:59:00",651
"2020-07-17 17:03:30",651
"2020-07-17 17:11:40",645
"2020-07-17 17:20:11",645
"2020-07-17 17:28:34",645
"2020-07-17 17:37:02",645
"2020-07-17 17:45:29",645
"2020-07-17 17:53:54",645
"2020-07-17 18:02:38",645
"2020-07-17 18:11:20",641
"2020-07-17 18:19:52",641
"2020-07-17 18:28:20",641
"2020-07-17 18:36:54",641
"2020-07-17 18:45:22",641
"2020-07-17 18:53:39",641
"2020-07-17 19:05:55",641
"2020-07-17 19:14:56",629
"2020-07-17 19:23:20",629
"2020-07-17 19:31:33",629
"2020-07-17 19:39:36",629
"2020-07-17 19:43:17",629
"2020-07-17 19:51:20",629
"2020-07-17 19:59:24",629
"2020-07-17 20:07:37",627
"2020-07-17 20:15:42",627
"2020-07-17 20:23:40",627
"2020-07-17 20:31:42",627
"2020-07-17 20:39:44",627
"2020-07-17 20:47:44",627
"2020-07-17 20:55:47",627
"2020-07-17 21:04:02",627
"2020-07-17 21:12:11",626
"2020-07-17 21:20:08",626
"2020-07-17 21:28:05",626
"2020-07-17 21:36:07",626
"2020-07-17 21:44:11",626
"2020-07-17 21:52:17",626
"2020-07-17 22:00:27",626
"2020-07-17 22:10:49",626
"2020-07-17 22:20:59",626
"2020-07-17 22:31:05",626
"2020-07-17 22:41:26",626
"2020-07-17 22:51:53",626
"2020-07-17 23:02:39",626
"2020-07-17 23:13:06",626
"2020-07-17 23:23:16",626
"2020-07-17 23:33:20",626
"2020-07-17 23:43:24",626
"2020-07-17 23:53:32",626
"2020-07-18 00:05:06",626
"2020-07-18 00:16:42",626
"2020-07-18 00:27:15",626
"2020-07-18 00:37:46",626
"2020-07-18 00:48:24",626
"2020-07-18 00:58:35",626
"2020-07-18 01:08:48",626
"2020-07-18 01:18:56",626
"2020-07-18 01:29:04",626
"2020-07-18 01:39:12",626
"2020-07-18 01:45:58",626
"2020-07-18 01:49:01",626
"2020-07-18 02:09:22",626
"2020-07-18 02:19:25",626
"2020-07-18 02:29:24",626
"2020-07-18 02:39:23",626
"2020-07-18 02:49:22",626
"2020-07-18 02:59:23",626
"2020-07-18 03:09:42",626
"2020-07-18 03:19:47",626
"2020-07-18 03:29:53",626
"2020-07-18 03:40:03",626
"2020-07-18 03:50:18",626
"2020-07-18 04:00:31",626
"2020-07-18 04:11:11",626
"2020-07-18 04:21:42",626
"2020-07-18 04:31:55",626
"2020-07-18 04:41:59",626
"2020-07-18 04:52:01",626
"2020-07-18 05:02:26",626
"2020-07-18 05:13:03",626
"2020-07-18 05:23:20",626
"2020-07-18 05:33:27",626
"2020-07-18 05:46:41",626
"2020-07-18 05:47:21",626
"2020-07-18 06:03:44",626
"2020-07-18 06:14:00",626
"2020-07-18 08:38:00",626
"2020-07-18 08:46:10",626
"2020-07-18 08:54:13",626
"2020-07-18 09:02:21",626
"2020-07-18 09:10:21",626
"2020-07-18 09:18:19",626
"2020-07-18 09:26:19",626
"2020-07-18 09:34:22",626
"2020-07-18 09:42:22",626
"2020-07-18 09:50:23",626
"2020-07-18 09:58:25",626
"2020-07-18 10:06:30",626
"2020-07-18 10:14:32",626
"2020-07-18 10:22:32",626
"2020-07-18 10:30:39",626
"2020-07-18 10:38:38",626
"2020-07-18 10:46:33",626
"2020-07-18 10:54:30",626
"2020-07-18 11:04:32",626
"2020-07-18 11:14:33",626
"2020-07-18 11:24:31",626
"2020-07-18 11:34:31",626
"2020-07-18 11:44:28",626
"2020-07-18 11:54:25",626
"2020-07-18 12:04:34",626
"2020-07-18 12:14:42",626
"2020-07-18 12:24:47",626
"2020-07-18 12:34:49",626
"2020-07-18 12:44:50",626
"2020-07-18 12:54:55",626
"2020-07-18 13:05:10",626
"2020-07-18 13:15:23",626
"2020-07-18 13:25:28",626
"2020-07-18 13:35:27",626
"2020-07-18 13:45:22",626
"2020-07-18 13:55:20",626
"2020-07-18 14:05:17",626
"2020-07-18 14:15:15",626
"2020-07-18 14:25:14",626
"2020-07-18 14:31:58",626
"2020-07-18 14:35:03",626
"2020-07-18 14:55:14",626
"2020-07-18 15:05:21",626
"2020-07-18 15:15:24",626
"2020-07-18 15:25:25",626
"2020-07-18 15:35:24",626
"2020-07-18 15:45:23",626
"2020-07-18 15:55:22",626
"2020-07-18 16:05:24",626
"2020-07-18 16:15:23",626
"2020-07-18 16:25:25",626
"2020-07-18 16:35:26",626
"2020-07-18 16:45:24",626
"2020-07-18 16:55:22",626
"2020-07-18 17:05:27",626
"2020-07-18 17:15:32",626
"2020-07-18 17:25:31",626
"2020-07-18 17:35:30",626
"2020-07-18 17:45:28",626
"2020-07-18 17:55:24",626
"2020-07-18 18:05:26",626
"2020-07-18 18:15:26",626
"2020-07-18 18:28:35",626
"2020-07-18 18:29:14",626
"2020-07-18 18:45:18",626
"2020-07-18 18:55:15",626
"2020-07-18 19:05:22",626
"2020-07-18 19:15:45",626
"2020-07-18 19:25:41",626
"2020-07-18 19:36:00",626
"2020-07-18 19:46:00",626
"2020-07-18 22:10:16",626
"2020-07-18 22:17:49",626
"2020-07-18 22:25:22",626
"2020-07-18 22:32:55",626
"2020-07-18 22:40:27",626
"2020-07-18 22:47:59",626
"2020-07-18 22:55:32",626
"2020-07-18 23:03:07",626
"2020-07-18 23:10:41",626
"2020-07-18 23:18:14",626
"2020-07-18 23:25:47",626
"2020-07-18 23:33:20",626
"2020-07-18 23:40:59",626
"2020-07-18 23:48:40",626
"2020-07-18 23:56:28",626
"2020-07-19 00:04:11",626
"2020-07-19 00:11:42",626
"2020-07-19 00:19:17",626
"2020-07-19 00:28:52",626
"2020-07-19 00:38:26",626
"2020-07-19 00:48:02",626
"2020-07-19 00:57:37",626
"2020-07-19 01:07:12",626
"2020-07-19 01:16:48",626
"2020-07-19 01:26:23",626
"2020-07-19 01:35:59",626
"2020-07-19 01:45:35",626
"2020-07-19 01:55:10",626
"2020-07-19 02:04:45",626
"2020-07-19 02:14:20",626
"2020-07-19 02:23:53",626
"2020-07-19 02:33:27",626
"2020-07-19 02:43:00",626
"2020-07-19 02:52:33",626
"2020-07-19 03:02:07",626
"2020-07-19 03:11:42",626
"2020-07-19 03:21:17",626
"2020-07-19 03:30:51",626
"2020-07-19 03:40:27",626
"2020-07-19 03:46:47",626
"2020-07-19 03:49:41",626
"2020-07-19 04:09:09",626
"2020-07-19 04:18:42",626
"2020-07-19 04:28:15",626
"2020-07-19 04:37:49",626
"2020-07-19 04:47:22",626
"2020-07-19 04:56:56",626
"2020-07-19 05:06:29",626
"2020-07-19 05:16:01",626
"2020-07-19 05:25:35",626
"2020-07-19 05:35:07",626
"2020-07-19 05:44:39",626
"2020-07-19 05:54:11",626
"2020-07-19 06:03:43",626
"2020-07-19 06:13:19",626
"2020-07-19 06:22:55",626
"2020-07-19 06:32:30",626
"2020-07-19 06:43:39",626
"2020-07-19 06:51:16",626
"2020-07-19 06:58:50",626
"2020-07-19 07:06:26",626
"2020-07-19 07:14:03",626
"2020-07-19 07:21:38",626
"2020-07-19 07:29:12",626
"2020-07-19 07:36:45",626
"2020-07-19 07:44:21",626
"2020-07-19 07:51:56",626
"2020-07-19 07:59:29",626
"2020-07-19 08:07:03",626
"2020-07-19 08:14:37",626
"2020-07-19 08:22:10",626
"2020-07-19 08:29:49",626
"2020-07-19 08:37:23",626
"2020-07-19 08:44:51",626
"2020-07-19 08:52:25",626
"2020-07-19 09:02:00",626
"2020-07-19 09:11:35",626
"2020-07-19 09:21:11",626
"2020-07-19 09:30:46",626
"2020-07-19 09:40:27",626
"2020-07-19 09:50:09",626
"2020-07-19 09:59:51",626
"2020-07-19 10:09:33",626
"2020-07-19 10:19:08",626
"2020-07-19 10:28:42",626
"2020-07-19 10:38:19",626
"2020-07-19 10:47:56",626
"2020-07-19 10:57:33",626
"2020-07-19 11:07:08",626
"2020-07-19 11:16:43",626
"2020-07-19 11:26:18",626
"2020-07-19 11:35:54",626
"2020-07-19 11:45:30",626
"2020-07-19 11:55:05",626
"2020-07-19 12:04:41",626
"2020-07-19 12:14:18",626
"2020-07-19 12:20:42",626
"2020-07-19 12:23:37",626
"2020-07-19 12:43:05",626
"2020-07-19 12:52:44",626
"2020-07-19 13:02:19",626
"2020-07-19 13:11:55",626
"2020-07-19 13:21:31",626
"2020-07-19 13:31:09",626
"2020-07-19 13:40:44",626
"2020-07-19 13:50:19",626
"2020-07-19 13:59:53",626
"2020-07-19 14:09:28",626
"2020-07-19 14:19:02",626
"2020-07-19 14:28:37",626
"2020-07-19 14:38:12",626
"2020-07-19 14:47:47",626
"2020-07-19 14:57:22",626
"2020-07-19 15:06:59",626
"2020-07-19 15:16:35",626
"2020-07-19 15:26:11",626
"2020-07-19 15:35:46",626
"2020-07-19 15:45:21",626
"2020-07-19 15:54:56",626
"2020-07-19 16:07:37",626
"2020-07-19 16:08:15",626
"2020-07-19 16:23:46",626
"2020-07-19 16:33:22",626
"2020-07-19 16:42:57",626
"2020-07-19 16:52:37",626
"2020-07-19 17:02:16",626
"2020-07-19 17:11:53",626
"2020-07-19 17:21:28",626
"2020-07-19 17:31:02",626
"2020-07-19 17:40:36",626
"2020-07-19 17:50:10",626
"2020-07-19 17:59:44",626
"2020-07-19 18:09:20",626
"2020-07-19 18:18:54",626
"2020-07-19 18:28:30",626
"2020-07-19 18:38:05",626
"2020-07-19 18:47:40",626
"2020-07-19 18:57:14",626
"2020-07-19 19:06:51",626
"2020-07-19 19:14:25",626
"2020-07-19 19:22:00",626
"2020-07-19 19:29:35",626
"2020-07-19 19:37:12",626
"2020-07-19 19:49:28",626
"2020-07-19 19:50:28",626
"2020-07-19 19:54:24",626
"2020-07-19 20:07:35",626
"2020-07-19 20:15:10",626
"2020-07-19 20:22:46",626
"2020-07-19 20:30:21",626
"2020-07-19 20:37:56",626
"2020-07-19 20:45:32",626
"2020-07-19 20:53:08",626
"2020-07-19 21:00:44",626
"2020-07-19 21:08:19",626
"2020-07-19 21:15:53",626
"2020-07-19 21:23:27",626
"2020-07-19 21:31:01",626
"2020-07-19 21:38:36",626
"2020-07-19 21:46:10",626
"2020-07-19 21:53:45",626
"2020-07-19 22:01:21",626
"2020-07-19 22:08:58",626
"2020-07-19 22:16:33",626
"2020-07-19 22:24:07",626
"2020-07-19 22:31:42",626
"2020-07-19 22:39:16",626
"2020-07-19 22:47:44",626
"2020-07-19 22:53:07",626
"2020-07-19 22:58:14",626
"2020-07-19 23:09:36",626
"2020-07-19 23:19:11",626
"2020-07-19 23:28:44",626
"2020-07-19 23:38:18",626
"2020-07-19 23:47:51",626
"2020-07-19 23:57:27",626
"2020-07-20 00:07:03",626
"2020-07-20 00:16:38",626
"2020-07-20 00:26:14",626
"2020-07-20 00:35:50",626
"2020-07-20 00:45:25",626
"2020-07-20 00:55:00",626
"2020-07-20 01:04:35",626
"2020-07-20 01:14:10",626
"2020-07-20 01:23:45",626
"2020-07-20 01:33:21",626
"2020-07-20 01:42:56",626
"2020-07-20 01:52:33",626
"2020-07-20 02:00:10",626
"2020-07-20 02:07:47",626
"2020-07-20 02:15:24",626
"2020-07-20 02:22:59",626
"2020-07-20 02:30:35",626
"2020-07-20 02:38:11",626
"2020-07-20 02:45:47",626
"2020-07-20 02:53:23",626
"2020-07-20 03:00:58",626
"2020-07-20 03:08:34",626
"2020-07-20 03:16:10",626
"2020-07-20 03:23:46",626
"2020-07-20 03:31:23",626
"2020-07-20 03:38:59",626
"2020-07-20 03:46:35",626
"2020-07-20 03:54:10",626
"2020-07-20 04:01:46",626
"2020-07-20 04:09:20",626
"2020-07-20 04:14:48",626
"2020-07-20 04:22:22",626
"2020-07-20 04:28:47",626
"2020-07-20 04:36:25",626
"2020-07-20 04:44:02",626
"2020-07-20 04:51:41",626
"2020-07-20 04:59:23",626
"2020-07-20 05:07:12",626
"2020-07-20 05:14:57",626
"2020-07-20 05:22:42",626
"2020-07-20 05:30:26",626
"2020-07-20 05:38:12",626
"2020-07-20 05:45:56",626
"2020-07-20 05:53:41",626
"2020-07-20 06:01:27",626
"2020-07-20 06:09:11",626
"2020-07-20 06:16:56",626
"2020-07-20 06:24:40",626
"2020-07-20 06:32:25",626
"2020-07-20 06:40:08",626
"2020-07-20 06:47:53",626
"2020-07-20 06:55:37",626
"2020-07-20 07:03:21",626
"2020-07-20 07:11:04",626
"2020-07-20 07:18:46",626
"2020-07-20 07:26:30",626
"2020-07-20 07:34:14",626
"2020-07-20 07:41:57",626
"2020-07-20 07:49:41",626
"2020-07-20 07:57:24",626
"2020-07-20 08:05:09",626
"2020-07-20 08:12:52",626
"2020-07-20 08:20:35",626
"2020-07-20 08:28:16",626
"2020-07-20 08:35:59",626
"2020-07-20 08:43:41",626
"2020-07-20 08:51:25",626
"2020-07-20 08:59:09",626
"2020-07-20 09:06:55",626
"2020-07-20 09:14:39",626
"2020-07-20 09:22:21",626
"2020-07-20 09:30:05",626
"2020-07-20 09:37:49",626
"2020-07-20 09:45:33",626
"2020-07-20 09:53:16",626
"2020-07-20 10:01:00",626
"2020-07-20 10:08:45",626
"2020-07-20 10:16:30",626
"2020-07-20 10:24:12",626
"2020-07-20 10:31:56",626
"2020-07-20 10:39:42",626
"2020-07-20 10:47:28",626
"2020-07-20 10:55:13",626
"2020-07-20 11:02:59",626
"2020-07-20 11:10:43",626
"2020-07-20 11:18:28",626
"2020-07-20 11:26:12",626
"2020-07-20 11:33:55",626
"2020-07-20 11:41:38",626
"2020-07-20 11:49:20",626
"2020-07-20 11:57:04",626
"2020-07-20 12:04:49",626
"2020-07-20 12:12:34",626
"2020-07-20 12:20:20",626
"2020-07-20 12:28:03",626
"2020-07-20 12:35:49",626
"2020-07-20 12:43:33",626
"2020-07-20 12:51:16",626
"2020-07-20 12:59:01",626
"2020-07-20 13:06:46",626
"2020-07-20 13:14:32",626
"2020-07-20 13:22:16",626
"2020-07-20 13:30:05",626
"2020-07-20 13:37:51",626
"2020-07-20 13:45:38",626
"2020-07-20 13:53:24",626
"2020-07-20 14:01:09",626
"2020-07-20 14:08:53",626
"2020-07-20 14:16:39",626
"2020-07-20 14:24:23",626
"2020-07-20 14:44:01",626
"2020-07-20 15:44:14",608
"2020-07-20 16:43:55",595
"2020-07-20 17:43:52",590
"2020-07-20 18:44:08",588
"2020-07-20 19:44:17",584
"2020-07-20 20:44:17",581
"2020-07-20 21:44:14",581
"2020-07-20 22:44:04",581
"2020-07-20 23:44:02",581
"2020-07-21 00:44:02",581
"2020-07-21 01:44:09",581
"2020-07-21 02:44:06",581
"2020-07-21 03:44:10",581
"2020-07-21 04:44:17",581
"2020-07-21 05:44:14",581
"2020-07-21 06:44:19",581
"2020-07-21 07:44:13",581
"2020-07-21 08:44:05",581
"2020-07-21 09:43:51",581
"2020-07-21 10:44:03",581
"2020-07-21 11:44:04",581
"2020-07-21 12:43:51",581
"2020-07-21 13:44:03",581
"2020-07-21 14:44:01",575
"2020-07-21 15:43:54",575
"2020-07-21 16:44:13",552
"2020-07-21 17:44:18",547
"2020-07-21 18:44:04",545
"2020-07-21 19:43:52",545
"2020-07-21 20:44:03",542
"2020-07-21 21:43:48",542
"2020-07-21 22:44:10",542
"2020-07-21 23:44:15",542
"2020-07-22 00:44:02",542
"2020-07-22 01:44:03",542
"2020-07-22 02:43:49",542
"2020-07-22 03:44:16",542
"2020-07-22 04:43:49",542
"2020-07-22 05:43:50",542
"2020-07-22 06:43:48",542
"2020-07-22 07:43:48",542
"2020-07-22 08:43:48",542
"2020-07-22 09:43:49",542
"2020-07-22 10:43:51",542
"2020-07-22 11:43:48",542
"2020-07-22 12:43:55",542
"2020-07-22 13:43:55",542
"2020-07-22 14:43:58",531
"2020-07-22 15:43:52",527
"2020-07-22 16:44:09",527
"2020-07-22 17:43:59",526
"2020-07-22 18:44:13",525
"2020-07-22 19:43:48",524
"2020-07-22 20:44:01",523
"2020-07-22 21:44:00",523
"2020-07-22 22:44:03",523
"2020-07-22 23:43:48",523
"2020-07-23 00:44:00",523
"2020-07-23 01:44:03",523
"2020-07-23 02:44:01",523
"2020-07-23 03:44:04",523
"2020-07-23 04:43:58",523
"2020-07-23 05:44:11",523
"2020-07-23 06:43:48",523
"2020-07-23 07:43:53",523
"2020-07-23 08:43:59",523
"2020-07-23 09:44:04",523
"2020-07-23 10:44:14",523
"2020-07-23 11:44:04",523
"2020-07-23 13:09:21",523
"2020-07-23 13:44:45",523
"2020-07-23 14:44:00",522
"2020-07-23 15:44:11",519
"2020-07-23 16:43:52",517
"2020-07-23 17:44:01",516
"2020-07-23 18:43:51",514
"2020-07-23 19:44:12",514
"2020-07-23 20:44:00",514
"2020-07-23 21:44:01",514
"2020-07-23 22:44:02",514
"2020-07-23 23:43:51",514
"2020-07-24 00:44:15",514
"2020-07-24 01:43:56",514
"2020-07-24 02:43:59",514
"2020-07-24 03:44:03",514
"2020-07-24 04:43:59",514
"2020-07-24 05:44:13",514
"2020-07-24 06:43:50",514
"2020-07-24 07:44:14",514
"2020-07-24 08:44:04",514
"2020-07-24 09:44:06",514
"2020-07-24 10:44:03",514
"2020-07-24 11:44:01",514
"2020-07-24 12:44:10",514
"2020-07-24 13:43:52",514
"2020-07-24 14:44:01",514
"2020-07-24 15:44:14",513
"2020-07-24 16:44:03",513
"2020-07-24 17:43:51",514
"2020-07-24 18:44:00",513
"2020-07-24 19:43:58",513
"2020-07-24 20:44:02",511
"2020-07-24 21:43:48",511
"2020-07-24 22:44:08",510
"2020-07-24 23:44:02",510
"2020-07-25 00:43:53",510
"2020-07-25 01:43:53",510
"2020-07-25 02:44:01",510
"2020-07-25 03:44:05",510
"2020-07-25 04:44:01",510
"2020-07-25 05:44:05",510
"2020-07-25 06:44:01",510
"2020-07-25 07:44:18",510
"2020-07-25 08:44:12",510
"2020-07-25 09:44:00",510
"2020-07-25 10:43:51",510
"2020-07-25 11:44:14",510
"2020-07-25 12:44:04",510
"2020-07-25 13:44:13",510
"2020-07-25 14:44:01",510
"2020-07-25 15:44:02",510
"2020-07-25 16:44:07",510
"2020-07-25 17:44:03",510
"2020-07-25 18:44:02",510
"2020-07-25 19:43:53",510
"2020-07-25 20:44:14",510
"2020-07-25 21:44:07",510
"2020-07-25 22:44:02",510
"2020-07-25 23:44:04",510
"2020-07-26 00:44:03",510
"2020-07-26 01:44:06",510
"2020-07-26 02:44:14",510
"2020-07-26 03:44:02",510
"2020-07-26 04:44:03",510
"2020-07-26 05:44:04",510
"2020-07-26 06:44:02",510
"2020-07-26 07:44:02",510
"2020-07-26 08:44:04",510
"2020-07-26 09:44:04",510
"2020-07-26 10:43:54",510
"2020-07-26 11:44:06",510
"2020-07-26 12:44:18",510
"2020-07-26 13:44:14",510
"2020-07-26 14:43:52",510
"2020-07-26 15:44:09",510
"2020-07-26 16:44:03",510
"2020-07-26 17:44:03",510
"2020-07-26 18:44:05",510
"2020-07-26 19:44:03",510
"2020-07-26 20:44:03",510
"2020-07-26 21:44:16",510
"2020-07-26 22:44:14",510
"2020-07-26 23:44:03",510
"2020-07-27 00:44:14",510
"2020-07-27 01:44:08",510
"2020-07-27 02:44:17",510
"2020-07-27 03:44:20",510
"2020-07-27 04:44:08",510
"2020-07-27 05:44:20",510
"2020-07-27 06:44:14",510
"2020-07-27 07:44:12",510
"2020-07-27 08:44:04",510
"2020-07-27 09:44:06",510
"2020-07-27 10:43:51",510
"2020-07-27 11:44:12",510
"2020-07-27 12:44:04",510
"2020-07-27 13:44:07",510
"2020-07-27 14:44:09",507
"2020-07-27 15:44:10",506
"2020-07-27 16:44:13",506
"2020-07-27 17:44:21",507
"2020-07-27 18:44:17",506
"2020-07-27 19:44:04",506
"2020-07-27 20:44:19",504
"2020-07-27 21:44:06",504
"2020-07-27 22:44:06",503
"2020-07-27 23:44:10",503
"2020-07-28 00:44:25",503
"2020-07-28 01:44:23",503
"2020-07-28 02:44:34",503
"2020-07-28 03:44:16",503
"2020-07-28 04:44:22",503
"2020-07-28 07:07:09",503
"2020-07-28 07:13:19",503
"2020-07-28 07:44:12",503
"2020-07-28 08:44:00",503
"2020-07-28 09:44:01",503
"2020-07-28 10:44:10",503
"2020-07-28 11:44:10",503
"2020-07-28 13:12:53",503
"2020-07-28 13:44:09",503
"2020-07-28 14:43:58",500
"2020-07-28 15:44:06",499
"2020-07-28 16:44:02",500
"2020-07-28 17:43:52",500
"2020-07-28 18:43:56",498
"2020-07-28 19:44:04",497
"2020-07-28 20:44:03",494
"2020-07-28 21:43:55",494
"2020-07-28 22:44:08",494
"2020-07-28 23:44:20",494
"2020-07-29 00:44:03",494
"2020-07-29 01:44:17",494
"2020-07-29 02:43:53",494
"2020-07-29 03:44:04",494
"2020-07-29 04:43:53",494
"2020-07-29 05:44:15",494
"2020-07-29 06:43:51",494
"2020-07-29 07:44:05",494
"2020-07-29 08:44:06",494
"2020-07-29 09:44:07",494
"2020-07-29 10:44:12",494
"2020-07-29 11:44:15",494
"2020-07-29 13:15:24",494
"2020-07-29 13:44:09",494
"2020-07-29 14:44:17",491
"2020-07-29 15:44:23",491
"2020-07-29 16:44:41",491
"2020-07-29 17:44:23",492
"2020-07-29 18:44:22",488
"2020-07-29 19:44:19",486
"2020-07-29 20:44:17",487
"2020-07-29 21:44:16",487
"2020-07-29 22:44:18",487
"2020-07-29 23:44:20",487
"2020-07-30 00:44:18",487
"2020-07-30 01:44:20",487
"2020-07-30 02:44:19",487
"2020-07-30 03:44:16",487
"2020-07-30 04:44:31",487
"2020-07-30 05:44:28",487
"2020-07-30 06:44:12",487
"2020-07-30 07:44:16",487
"2020-07-30 08:44:22",487
"2020-07-30 09:44:15",487
"2020-07-30 10:44:11",487
"2020-07-30 11:44:17",487
"2020-07-30 13:07:53",487
"2020-07-30 13:44:20",487
"2020-07-30 14:44:16",481
"2020-07-30 15:44:16",480
"2020-07-30 16:44:00",478
"2020-07-30 17:44:15",480
"2020-07-30 18:44:17",480
"2020-07-30 19:44:16",480
"2020-07-30 20:44:05",478
"2020-07-30 21:44:06",478
"2020-07-30 22:44:14",478
"2020-07-30 23:43:59",478
"2020-07-31 00:44:18",478
"2020-07-31 01:44:00",478
"2020-07-31 02:44:17",478
"2020-07-31 03:44:06",478
"2020-07-31 04:43:55",478
"2020-07-31 05:44:03",478
"2020-07-31 06:43:51",478
"2020-07-31 07:44:07",478
"2020-07-31 08:44:06",478
"2020-07-31 09:44:05",478
"2020-07-31 10:43:56",478
"2020-07-31 11:43:52",478
"2020-07-31 12:43:52",478
"2020-07-31 13:44:19",478
"2020-07-31 14:43:56",478
"2020-07-31 15:44:04",477
"2020-07-31 16:44:09",472
"2020-07-31 17:44:06",473
"2020-07-31 18:44:06",473
"2020-07-31 19:44:04",473
"2020-07-31 20:44:03",471
"2020-07-31 21:44:04",471
"2020-07-31 22:43:54",470
"2020-07-31 23:44:10",470
"2020-08-01 00:44:14",470
"2020-08-01 01:43:53",470
"2020-08-01 02:43:54",470
"2020-08-01 03:44:06",470
"2020-08-01 04:44:13",470
"2020-08-01 05:44:07",470
"2020-08-01 06:44:06",470
"2020-08-01 07:44:15",470
"2020-08-01 08:44:16",470
"2020-08-01 09:44:13",470
"2020-08-01 10:44:04",470
"2020-08-01 11:44:02",470
"2020-08-01 12:44:06",470
"2020-08-01 13:44:05",470
"2020-08-01 14:43:52",470
"2020-08-01 15:44:27",470
"2020-08-01 16:44:20",470
"2020-08-01 17:44:04",470
"2020-08-01 18:44:03",470
"2020-08-01 19:44:04",470
"2020-08-01 20:44:02",470
"2020-08-01 21:44:02",470
"2020-08-01 22:44:01",470
"2020-08-01 23:44:06",470
"2020-08-02 00:44:20",470
"2020-08-02 01:44:03",470
"2020-08-02 02:43:52",470
"2020-08-02 03:44:18",470
"2020-08-02 04:43:53",470
"2020-08-02 05:44:08",470
"2020-08-02 06:44:15",470
"2020-08-02 07:44:14",470
"2020-08-02 08:44:13",470
"2020-08-02 09:44:17",470
"2020-08-02 10:44:15",470
"2020-08-02 11:43:53",470
"2020-08-02 12:44:03",470
"2020-08-02 13:43:56",470
"2020-08-02 14:43:53",470
"2020-08-02 15:44:20",470
"2020-08-02 16:43:51",470
"2020-08-02 17:44:05",470
"2020-08-02 18:44:05",470
"2020-08-02 19:44:05",470
"2020-08-02 20:43:54",470
"2020-08-02 21:44:05",470
"2020-08-02 22:44:06",470
"2020-08-02 23:44:08",470
"2020-08-03 00:44:14",470
"2020-08-03 01:44:07",470
"2020-08-03 02:44:05",470
"2020-08-03 03:44:04",470
"2020-08-03 04:44:03",470
"2020-08-03 05:44:13",470
"2020-08-03 06:43:53",470
"2020-08-03 07:44:03",470
"2020-08-03 08:43:56",470
"2020-08-03 09:44:17",470
"2020-08-03 10:44:12",470
"2020-08-03 11:44:01",470
"2020-08-03 12:44:13",470
"2020-08-03 13:44:08",470
"2020-08-03 14:43:58",470
"2020-08-03 15:44:18",468
"2020-08-03 16:44:09",467
"2020-08-03 17:44:06",467
"2020-08-03 18:43:57",465
"2020-08-03 19:44:09",466
"2020-08-03 20:44:02",464
"2020-08-03 21:43:52",463
"2020-08-03 22:44:02",463
"2020-08-03 23:44:09",463
"2020-08-04 00:44:18",463
"2020-08-04 01:44:10",463
"2020-08-04 02:44:15",463
"2020-08-04 03:44:13",463
"2020-08-04 04:44:34",463
"2020-08-04 05:44:03",463
"2020-08-04 06:44:04",463
"2020-08-04 07:43:54",463
"2020-08-04 08:44:11",463
"2020-08-04 09:44:03",463
"2020-08-04 10:43:51",463
"2020-08-04 11:44:00",463
"2020-08-04 12:43:51",463
"2020-08-04 13:44:19",463
"2020-08-04 14:44:06",461
"2020-08-04 15:44:07",460
"2020-08-04 16:44:07",457
"2020-08-04 17:44:10",457
"2020-08-04 18:44:18",453
"2020-08-04 19:44:02",451
"2020-08-04 20:44:03",451
"2020-08-04 21:44:07",451
"2020-08-04 22:44:05",452
"2020-08-04 23:44:20",452
"2020-08-05 00:44:12",452
"2020-08-05 01:44:17",452
"2020-08-05 02:43:59",452
"2020-08-05 03:44:18",452
"2020-08-05 04:44:11",452
"2020-08-05 05:44:07",452
"2020-08-05 06:43:53",452
"2020-08-05 07:43:54",452
"2020-08-05 08:44:08",452
"2020-08-05 09:44:19",452
"2020-08-05 10:44:04",452
"2020-08-05 11:44:04",452
"2020-08-05 13:11:25",452
"2020-08-05 13:44:20",452
"2020-08-05 14:44:07",454
"2020-08-05 15:43:56",454
"2020-08-05 16:44:03",452
"2020-08-05 17:44:02",450
"2020-08-05 18:44:05",449
"2020-08-05 19:44:14",449
"2020-08-05 20:44:01",449
"2020-08-05 21:43:58",449
"2020-08-05 22:44:13",449
"2020-08-05 23:44:06",449
"2020-08-06 00:44:23",449
"2020-08-06 01:44:07",449
"2020-08-06 02:44:00",449
"2020-08-06 03:44:09",449
"2020-08-06 04:44:05",449
"2020-08-06 05:44:26",449
"2020-08-06 06:44:09",449
"2020-08-06 07:44:15",449
"2020-08-06 08:44:21",449
"2020-08-06 09:44:05",449
"2020-08-06 10:44:17",449
"2020-08-06 11:44:02",449
"2020-08-06 12:44:15",449
"2020-08-06 13:43:56",449
"2020-08-06 14:43:51",447
"2020-08-06 15:44:03",443
"2020-08-06 16:44:15",443
"2020-08-06 17:44:04",444
"2020-08-06 18:44:04",443
"2020-08-06 19:44:04",444
"2020-08-06 20:44:15",443
"2020-08-06 21:44:06",443
"2020-08-06 22:43:53",443
"2020-08-06 23:44:19",443
"2020-08-07 00:44:05",443
"2020-08-07 01:44:13",443
"2020-08-07 02:44:04",443
"2020-08-07 03:44:02",443
"2020-08-07 04:44:15",443
"2020-08-07 05:44:12",443
"2020-08-07 06:43:53",443
"2020-08-07 07:44:12",443
"2020-08-07 08:44:03",443
"2020-08-07 09:44:02",443
"2020-08-07 10:44:03",443
"2020-08-07 11:43:51",443
"2020-08-07 12:43:51",443
"2020-08-07 13:44:03",443
"2020-08-07 14:43:52",441
"2020-08-07 15:44:14",441
"2020-08-07 16:44:02",443
"2020-08-07 17:44:02",443
"2020-08-07 18:44:05",443
"2020-08-07 19:43:51",443
"2020-08-07 20:44:07",443
"2020-08-07 21:44:01",443
"2020-08-07 22:44:02",443
"2020-08-07 23:44:03",443
"2020-08-08 00:43:53",443
"2020-08-08 01:44:13",443
"2020-08-08 02:43:57",443
"2020-08-08 03:43:50",443
"2020-08-08 04:43:51",443
"2020-08-08 05:43:55",443
"2020-08-08 06:44:05",443
"2020-08-08 07:44:05",443
"2020-08-08 08:44:17",443
"2020-08-08 09:44:03",443
"2020-08-08 10:44:07",443
"2020-08-08 11:44:08",443
"2020-08-08 12:43:59",443
"2020-08-08 13:44:03",443
"2020-08-08 14:44:03",443
"2020-08-08 15:44:02",443
"2020-08-08 16:44:04",443
"2020-08-08 17:43:53",443
"2020-08-08 18:43:53",443
"2020-08-08 19:44:05",443
"2020-08-08 20:44:14",443
"2020-08-08 21:44:04",443
"2020-08-08 22:44:04",443
"2020-08-08 23:44:10",443
"2020-08-09 00:44:18",443
"2020-08-09 01:44:09",443
"2020-08-09 02:44:14",443
"2020-08-09 03:44:17",443
"2020-08-09 04:44:04",443
"2020-08-09 05:44:17",443
"2020-08-09 06:44:13",443
"2020-08-09 07:44:07",443
"2020-08-09 08:43:53",443
"2020-08-09 09:44:08",443
"2020-08-09 10:43:55",443
"2020-08-09 11:43:52",443
"2020-08-09 12:44:08",443
"2020-08-09 13:44:18",443
"2020-08-09 14:44:08",443
"2020-08-09 15:44:04",443
"2020-08-09 16:44:16",443
"2020-08-09 17:44:05",443
"2020-08-09 18:44:06",443
"2020-08-09 19:44:15",443
"2020-08-09 20:44:08",443
"2020-08-09 21:44:04",443
"2020-08-09 22:44:04",443
"2020-08-09 23:44:05",443
"2020-08-10 00:44:15",443
"2020-08-10 01:44:05",443
"2020-08-10 02:44:17",443
"2020-08-10 03:44:03",443
"2020-08-10 04:43:54",443
"2020-08-10 05:44:03",443
"2020-08-10 06:43:50",443
"2020-08-10 07:43:50",443
"2020-08-10 08:44:09",443
"2020-08-10 09:44:03",443
"2020-08-10 10:44:03",443
"2020-08-10 11:44:05",443
"2020-08-10 12:43:50",443
"2020-08-10 13:44:09",443
"2020-08-10 14:44:06",444
"2020-08-10 15:44:18",443
"2020-08-10 16:44:03",443
"2020-08-10 17:44:14",444
"2020-08-10 18:44:05",444
"2020-08-10 19:44:14",444
"2020-08-10 20:44:00",444
"2020-08-10 21:44:15",444
"2020-08-10 22:43:54",444
"2020-08-10 23:43:56",444
"2020-08-11 00:43:55",444
"2020-08-11 01:44:06",444
"2020-08-11 02:44:05",444
"2020-08-11 03:44:16",444
"2020-08-11 04:44:05",444
"2020-08-11 05:44:05",444
"2020-08-11 06:44:03",444
"2020-08-11 07:44:13",444
"2020-08-11 08:43:53",444
"2020-08-11 09:44:03",444
"2020-08-11 10:44:04",444
"2020-08-11 11:43:53",444
"2020-08-11 12:44:01",444
"2020-08-11 13:44:21",444
"2020-08-11 14:44:13",445
"2020-08-11 15:44:04",445
"2020-08-11 16:43:51",445
"2020-08-11 17:44:05",443
"2020-08-11 18:44:04",442
"2020-08-11 19:43:52",443
"2020-08-11 20:44:02",445
"2020-08-11 21:44:15",445
"2020-08-11 22:44:04",445
"2020-08-11 23:44:03",445
"2020-08-12 00:43:55",445
"2020-08-12 01:44:09",445
"2020-08-12 02:44:03",445
"2020-08-12 03:44:10",445
"2020-08-12 04:44:02",445
"2020-08-12 05:44:12",445
"2020-08-12 06:44:01",445
"2020-08-12 07:44:14",445
"2020-08-12 08:43:54",445
"2020-08-12 09:44:14",445
"2020-08-12 10:44:02",445
"2020-08-12 11:44:02",445
"2020-08-12 12:44:04",445
"2020-08-12 13:43:53",444
"2020-08-12 14:44:02",441
"2020-08-12 15:44:13",441
"2020-08-12 16:44:05",441
"2020-08-12 22:43:50",439
"2020-08-12 23:44:19",439
"2020-08-13 00:44:09",439
"2020-08-13 01:43:58",439
"2020-08-13 02:43:51",439
"2020-08-13 03:48:31",439
"2020-08-13 04:46:55",439
"2020-08-13 05:47:20",439
"2020-08-13 06:50:20",439
"2020-08-13 07:47:20",439
"2020-08-13 08:48:32",439
"2020-08-13 09:49:23",439
"2020-08-13 10:48:00",439
"2020-08-13 11:49:54",439
"2020-08-13 12:47:24",439
"2020-08-13 13:48:53",439
"2020-08-13 14:48:50",436
"2020-08-13 15:47:23",436
"2020-08-13 16:48:50",436
"2020-08-13 20:47:49",434
"2020-08-13 21:46:51",434
"2020-08-13 22:50:52",434
