timestamp,users_holding
"2018-05-02 04:51:31",74
"2018-05-02 06:36:30",74
"2018-05-03 00:32:47",77
"2018-05-03 06:31:24",77
"2018-05-03 06:46:22",77
"2018-05-03 07:04:22",77
"2018-05-03 07:31:46",77
"2018-05-03 07:41:00",77
"2018-05-03 11:17:32",77
"2018-05-03 12:40:56",77
"2018-05-03 13:40:56",77
"2018-05-03 14:40:56",77
"2018-05-03 15:40:57",77
"2018-05-03 16:40:57",78
"2018-05-03 17:40:57",79
"2018-05-03 18:40:56",79
"2018-05-03 19:40:56",79
"2018-05-03 20:40:57",78
"2018-05-03 21:40:56",78
"2018-05-03 22:40:56",78
"2018-05-03 23:40:56",78
"2018-05-04 00:40:56",78
"2018-05-04 01:40:56",78
"2018-05-04 02:40:57",78
"2018-05-04 03:40:56",78
"2018-05-04 04:40:56",78
"2018-05-04 05:40:56",78
"2018-05-04 06:40:56",78
"2018-05-04 07:40:56",78
"2018-05-04 08:40:56",78
"2018-05-04 09:40:56",78
"2018-05-04 10:40:57",78
"2018-05-04 11:40:56",78
"2018-05-04 12:40:56",78
"2018-05-04 20:45:40",78
"2018-05-04 20:51:40",78
"2018-05-04 20:57:39",78
"2018-05-04 21:03:39",78
"2018-05-04 21:09:39",78
"2018-05-04 21:15:39",78
"2018-05-04 21:21:39",78
"2018-05-04 21:27:39",78
"2018-05-04 21:40:56",78
"2018-05-04 22:40:57",78
"2018-05-04 23:40:57",78
"2018-05-05 00:40:57",78
"2018-05-05 01:40:57",78
"2018-05-05 02:40:57",78
"2018-05-05 03:40:57",78
"2018-05-05 04:40:57",78
"2018-05-05 05:40:57",78
"2018-05-05 06:40:58",78
"2018-05-05 07:40:58",78
"2018-05-05 08:40:58",78
"2018-05-05 09:40:56",78
"2018-05-05 10:40:58",78
"2018-05-05 11:40:57",78
"2018-05-05 12:40:58",78
"2018-05-05 13:40:58",78
"2018-05-05 14:40:57",78
"2018-05-05 15:40:58",78
"2018-05-05 16:40:58",78
"2018-05-05 17:40:58",78
"2018-05-05 18:40:57",78
"2018-05-05 19:40:57",78
"2018-05-05 20:40:58",78
"2018-05-05 21:40:57",78
"2018-05-05 22:40:57",78
"2018-05-05 23:40:57",78
"2018-05-06 00:40:57",78
"2018-05-06 01:40:57",78
"2018-05-06 02:40:57",78
"2018-05-06 03:40:57",78
"2018-05-06 04:40:57",78
"2018-05-06 05:40:57",78
"2018-05-06 06:40:57",78
"2018-05-06 07:41:02",78
"2018-05-06 08:40:57",78
"2018-05-06 09:40:57",78
"2018-05-06 10:40:56",78
"2018-05-06 11:40:58",78
"2018-05-06 12:40:57",78
"2018-05-06 13:40:58",78
"2018-05-06 14:40:57",78
"2018-05-06 15:40:57",78
"2018-05-06 16:40:58",78
"2018-05-06 17:40:57",78
"2018-05-06 18:40:58",78
"2018-05-06 19:40:57",78
"2018-05-06 20:40:58",78
"2018-05-06 21:40:58",78
"2018-05-06 22:40:57",78
"2018-05-06 23:40:58",78
"2018-05-07 00:40:57",78
"2018-05-07 01:40:57",78
"2018-05-07 01:54:33",78
"2018-05-07 02:40:58",78
"2018-05-07 03:40:57",78
"2018-05-07 04:40:57",78
"2018-05-07 05:40:57",78
"2018-05-07 06:40:56",78
"2018-05-07 07:40:57",78
"2018-05-07 08:40:59",78
"2018-05-07 09:40:57",78
"2018-05-07 10:40:57",78
"2018-05-07 11:40:57",78
"2018-05-07 12:40:57",78
"2018-05-07 13:41:04",78
"2018-05-07 14:40:57",79
"2018-05-07 15:40:58",79
"2018-05-07 16:40:58",78
"2018-05-07 22:40:57",83
"2018-05-07 23:40:57",83
"2018-05-08 00:40:58",83
"2018-05-08 01:40:57",83
"2018-05-08 02:40:57",83
"2018-05-08 03:40:57",83
"2018-05-08 04:40:57",83
"2018-05-08 05:40:56",83
"2018-05-08 06:40:57",83
"2018-05-08 07:40:57",83
"2018-05-08 08:40:56",83
"2018-05-08 09:40:56",83
"2018-05-08 10:40:56",83
"2018-05-08 11:40:56",83
"2018-05-08 12:40:56",83
"2018-05-08 13:40:56",83
"2018-05-08 14:40:57",83
"2018-05-08 15:40:56",83
"2018-05-08 16:40:56",83
"2018-05-08 17:40:56",83
"2018-05-08 18:40:57",83
"2018-05-08 19:40:57",84
"2018-05-08 20:40:56",84
"2018-05-08 21:40:56",84
"2018-05-08 22:40:57",84
"2018-05-08 23:41:02",84
"2018-05-09 00:40:57",84
"2018-05-09 01:40:57",84
"2018-05-09 02:40:56",84
"2018-05-09 03:40:56",84
"2018-05-09 04:40:57",84
"2018-05-09 05:40:57",84
"2018-05-09 06:40:57",84
"2018-05-09 07:40:56",84
"2018-05-09 08:40:57",84
"2018-05-09 09:40:56",84
"2018-05-09 10:40:56",84
"2018-05-09 11:40:57",84
"2018-05-09 12:40:56",84
"2018-05-09 13:40:57",84
"2018-05-09 14:40:56",84
"2018-05-09 15:40:56",84
"2018-05-09 16:40:56",85
"2018-05-09 17:40:57",85
"2018-05-09 18:40:56",85
"2018-05-09 19:40:56",85
"2018-05-09 20:40:56",86
"2018-05-09 21:40:57",86
"2018-05-09 22:40:56",86
"2018-05-09 23:40:56",86
"2018-05-10 00:40:57",86
"2018-05-10 01:40:57",86
"2018-05-10 02:40:58",86
"2018-05-10 03:40:58",86
"2018-05-10 04:40:58",86
"2018-05-10 05:40:57",86
"2018-05-10 06:40:57",86
"2018-05-10 07:40:58",86
"2018-05-10 08:40:58",86
"2018-05-10 09:40:57",86
"2018-05-10 10:40:58",86
"2018-05-10 11:40:58",86
"2018-05-10 12:40:57",86
"2018-05-10 13:41:06",86
"2018-05-10 14:40:58",89
"2018-05-10 15:40:58",90
"2018-05-10 16:40:58",90
"2018-05-10 17:40:58",90
"2018-05-10 18:40:58",89
"2018-05-10 19:40:58",89
"2018-05-10 20:40:58",89
"2018-05-10 21:40:57",89
"2018-05-10 22:40:58",89
"2018-05-10 23:40:58",89
"2018-05-11 00:40:58",89
"2018-05-11 01:40:58",89
"2018-05-11 02:40:57",89
"2018-05-11 03:40:57",89
"2018-05-11 04:40:57",89
"2018-05-11 05:40:58",89
"2018-05-11 06:40:57",89
"2018-05-11 07:40:57",89
"2018-05-11 08:40:58",89
"2018-05-11 09:40:57",89
"2018-05-11 10:40:57",89
"2018-05-11 11:40:58",89
"2018-05-11 12:40:57",89
"2018-05-11 13:40:59",89
"2018-05-11 14:40:57",90
"2018-05-11 15:40:58",90
"2018-05-11 16:40:58",89
"2018-05-11 17:40:58",89
"2018-05-11 18:40:58",89
"2018-05-11 19:40:58",89
"2018-05-11 20:40:57",90
"2018-05-11 21:40:58",90
"2018-05-11 22:40:57",90
"2018-05-11 23:40:57",90
"2018-05-12 00:40:58",90
"2018-05-12 01:40:58",90
"2018-05-12 02:40:57",90
"2018-05-12 03:40:58",90
"2018-05-12 04:40:57",90
"2018-05-12 05:40:58",90
"2018-05-12 06:40:58",90
"2018-05-12 07:40:57",90
"2018-05-12 08:40:58",90
"2018-05-12 09:40:57",90
"2018-05-12 10:40:58",90
"2018-05-12 11:40:58",90
"2018-05-12 12:40:57",90
"2018-05-12 13:40:59",90
"2018-05-12 14:40:57",90
"2018-05-12 15:40:58",90
"2018-05-12 16:40:57",90
"2018-05-12 17:40:57",90
"2018-05-12 18:40:57",90
"2018-05-12 19:40:58",90
"2018-05-12 20:40:58",90
"2018-05-12 21:40:57",90
"2018-05-12 22:40:57",90
"2018-05-12 23:40:58",90
"2018-05-13 00:40:58",90
"2018-05-13 01:40:58",90
"2018-05-13 02:40:57",90
"2018-05-13 03:40:57",90
"2018-05-13 04:40:58",90
"2018-05-13 05:40:58",90
"2018-05-13 06:40:58",90
"2018-05-13 07:40:58",90
"2018-05-13 08:40:57",90
"2018-05-13 09:40:58",90
"2018-05-13 10:40:57",90
"2018-05-13 11:40:57",90
"2018-05-13 12:40:58",90
"2018-05-13 13:40:57",90
"2018-05-13 14:40:57",90
"2018-05-13 15:40:58",90
"2018-05-13 16:40:58",90
"2018-05-13 17:40:58",90
"2018-05-13 18:40:58",90
"2018-05-13 19:40:57",90
"2018-05-13 20:40:58",90
"2018-05-13 21:40:58",90
"2018-05-13 22:40:58",90
"2018-05-13 23:40:58",90
"2018-05-14 00:40:58",90
"2018-05-14 01:40:58",90
"2018-05-14 02:40:58",90
"2018-05-14 03:40:58",90
"2018-05-14 04:40:58",90
"2018-05-14 05:40:57",90
"2018-05-14 06:40:57",90
"2018-05-14 07:40:57",90
"2018-05-14 08:40:57",90
"2018-05-14 09:40:58",90
"2018-05-14 10:40:57",90
"2018-05-14 11:40:58",90
"2018-05-14 12:40:57",90
"2018-05-14 13:40:59",90
"2018-05-14 14:40:58",89
"2018-05-14 15:40:58",88
"2018-05-14 16:40:57",88
"2018-05-14 17:40:57",88
"2018-05-14 18:40:58",88
"2018-05-14 19:40:57",88
"2018-05-14 20:40:57",90
"2018-05-14 21:40:57",90
"2018-05-14 22:40:58",90
"2018-05-14 23:40:58",90
"2018-05-15 00:40:58",90
"2018-05-15 01:40:57",90
"2018-05-15 02:40:58",90
"2018-05-15 03:40:57",90
"2018-05-15 04:40:58",90
"2018-05-15 05:40:57",90
"2018-05-15 06:40:57",90
"2018-05-15 07:40:57",90
"2018-05-15 08:40:58",90
"2018-05-15 09:40:57",90
"2018-05-15 10:40:58",90
"2018-05-15 11:40:58",90
"2018-05-15 12:40:58",90
"2018-05-15 13:40:57",90
"2018-05-15 14:40:58",93
"2018-05-15 15:40:57",91
"2018-05-15 16:40:58",91
"2018-05-15 17:40:57",91
"2018-05-15 18:40:58",91
"2018-05-15 19:40:58",93
"2018-05-15 20:40:57",92
"2018-05-15 21:40:57",92
"2018-05-15 22:40:58",92
"2018-05-15 23:40:58",92
"2018-05-16 00:40:57",92
"2018-05-16 01:40:57",92
"2018-05-16 02:40:58",92
"2018-05-16 03:40:58",92
"2018-05-16 04:40:58",92
"2018-05-16 05:40:58",92
"2018-05-16 06:40:58",92
"2018-05-16 07:40:58",92
"2018-05-16 08:40:58",92
"2018-05-16 09:40:57",92
"2018-05-16 10:40:56",92
"2018-05-16 11:40:57",92
"2018-05-16 12:40:58",92
"2018-05-16 13:40:58",92
"2018-05-16 14:40:57",91
"2018-05-16 15:40:58",94
"2018-05-16 16:40:58",94
"2018-05-16 17:40:58",94
"2018-05-16 18:40:57",94
"2018-05-16 19:40:58",94
"2018-05-16 20:40:57",93
"2018-05-16 21:40:57",93
"2018-05-16 22:40:57",93
"2018-05-16 23:40:58",93
"2018-05-17 00:40:59",93
"2018-05-17 01:40:57",93
"2018-05-17 02:40:57",93
"2018-05-17 03:40:58",93
"2018-05-17 04:40:57",93
"2018-05-17 05:40:57",93
"2018-05-17 06:40:58",93
"2018-05-17 07:40:58",93
"2018-05-17 08:40:58",93
"2018-05-17 09:40:57",93
"2018-05-17 10:40:57",93
"2018-05-17 11:40:58",93
"2018-05-17 12:40:58",93
"2018-05-17 13:40:59",93
"2018-05-17 14:40:58",92
"2018-05-17 15:40:58",92
"2018-05-18 07:40:58",96
"2018-05-18 08:40:58",96
"2018-05-18 09:40:57",96
"2018-05-18 10:40:57",96
"2018-05-18 11:40:57",96
"2018-05-18 12:40:58",96
"2018-05-18 13:40:58",96
"2018-05-18 14:40:57",96
"2018-05-18 15:40:57",96
"2018-05-18 16:40:57",95
"2018-05-18 17:40:57",95
"2018-05-18 18:40:57",95
"2018-05-18 19:40:58",95
"2018-05-18 20:40:58",96
"2018-05-18 21:40:57",96
"2018-05-18 22:40:58",96
"2018-05-18 23:40:58",96
"2018-05-19 00:40:57",96
"2018-05-19 01:40:58",96
"2018-05-19 02:40:58",96
"2018-05-19 03:40:58",96
"2018-05-19 04:40:58",96
"2018-05-19 05:40:58",96
"2018-05-19 06:40:59",96
"2018-05-19 07:40:57",96
"2018-05-19 08:40:57",96
"2018-05-19 09:40:58",96
"2018-05-19 10:40:57",96
"2018-05-19 11:40:58",96
"2018-05-19 12:40:58",96
"2018-05-19 13:40:58",96
"2018-05-19 14:40:58",96
"2018-05-19 15:40:58",96
"2018-05-19 16:40:58",96
"2018-05-19 17:40:58",96
"2018-05-19 18:40:57",96
"2018-05-19 19:40:57",96
"2018-05-19 20:40:58",96
"2018-05-19 21:40:58",96
"2018-05-19 22:40:57",96
"2018-05-19 23:40:58",96
"2018-05-20 00:40:58",96
"2018-05-20 01:40:58",96
"2018-05-20 02:40:58",96
"2018-05-20 03:40:57",96
"2018-05-20 04:40:58",96
"2018-05-20 05:40:58",96
"2018-05-20 06:40:57",96
"2018-05-20 07:40:57",96
"2018-05-20 08:40:57",96
"2018-05-20 09:40:57",96
"2018-05-20 10:40:58",96
"2018-05-20 11:40:57",96
"2018-05-20 12:40:57",96
"2018-05-20 13:40:57",96
"2018-05-20 14:40:59",96
"2018-05-20 15:40:57",96
"2018-05-20 16:40:58",96
"2018-05-20 17:40:58",96
"2018-05-20 18:40:57",96
"2018-05-20 19:40:57",96
"2018-05-20 20:40:57",96
"2018-05-20 21:40:57",96
"2018-05-20 22:40:58",96
"2018-05-20 23:40:58",96
"2018-05-21 00:40:58",96
"2018-05-21 01:41:05",96
"2018-05-21 02:41:00",96
"2018-05-21 03:40:59",96
"2018-05-21 04:40:59",96
"2018-05-21 05:40:57",96
"2018-05-21 06:40:58",96
"2018-05-21 07:40:58",96
"2018-05-21 08:41:00",96
"2018-05-21 09:40:58",96
"2018-05-21 10:40:57",96
"2018-05-21 11:40:58",96
"2018-05-21 12:40:59",96
"2018-05-21 13:40:58",96
"2018-05-21 14:40:58",95
"2018-05-21 15:40:58",95
"2018-05-21 16:40:58",95
"2018-05-21 17:40:57",94
"2018-05-21 18:40:58",94
"2018-05-21 19:40:58",94
"2018-05-21 20:40:58",93
"2018-05-21 21:40:58",93
"2018-05-21 22:40:57",93
"2018-05-21 23:40:57",93
"2018-05-22 00:40:57",93
"2018-05-22 01:40:58",93
"2018-05-22 02:40:58",93
"2018-05-22 03:40:57",93
"2018-05-22 04:40:58",93
"2018-05-22 05:40:57",93
"2018-05-22 06:40:57",93
"2018-05-22 07:40:58",93
"2018-05-22 08:41:03",93
"2018-05-22 09:40:57",93
"2018-05-22 10:40:57",93
"2018-05-22 11:40:57",93
"2018-05-22 12:40:58",93
"2018-05-22 13:40:59",93
"2018-05-22 14:40:58",94
"2018-05-22 15:40:58",94
"2018-05-22 16:40:57",94
"2018-05-22 17:40:57",93
"2018-05-22 18:40:58",92
"2018-05-22 19:40:58",92
"2018-05-22 20:40:58",91
"2018-05-22 21:40:58",91
"2018-05-22 22:40:58",91
"2018-05-22 23:40:57",91
"2018-05-23 00:40:57",91
"2018-05-23 01:40:58",91
"2018-05-23 02:40:57",91
"2018-05-23 03:40:58",91
"2018-05-23 04:40:57",91
"2018-05-23 05:40:58",91
"2018-05-23 06:40:58",91
"2018-05-23 07:41:01",91
"2018-05-23 08:40:58",91
"2018-05-23 09:40:58",91
"2018-05-23 10:40:58",91
"2018-05-23 11:40:58",91
"2018-05-23 12:40:57",91
"2018-05-23 13:40:58",91
"2018-05-23 14:40:58",91
"2018-05-23 15:40:58",90
"2018-05-23 16:41:00",92
"2018-05-23 17:40:57",94
"2018-05-23 18:40:57",95
"2018-05-23 19:40:57",95
"2018-05-23 20:40:58",94
"2018-05-23 21:40:57",94
"2018-05-23 22:40:58",94
"2018-05-23 23:40:58",94
"2018-05-24 00:40:58",94
"2018-05-24 01:40:58",94
"2018-05-24 02:40:58",94
"2018-05-24 03:40:57",94
"2018-05-24 04:40:57",94
"2018-05-24 06:40:58",94
"2018-05-24 07:40:57",94
"2018-05-24 08:40:57",94
"2018-05-24 09:40:58",94
"2018-05-24 10:40:58",94
"2018-05-24 11:40:58",94
"2018-05-24 12:40:58",94
"2018-05-24 13:40:58",94
"2018-05-24 20:10:07",92
"2018-05-24 20:40:58",92
"2018-05-24 21:40:59",92
"2018-05-24 22:40:59",92
"2018-05-24 23:40:59",92
"2018-05-25 00:40:58",92
"2018-05-25 01:40:59",92
"2018-05-25 02:40:59",92
"2018-05-25 03:40:59",92
"2018-05-25 04:40:59",92
"2018-05-25 05:40:59",92
"2018-05-25 06:40:59",92
"2018-05-25 07:40:58",92
"2018-05-25 08:40:59",92
"2018-05-25 09:40:58",92
"2018-05-25 10:40:59",92
"2018-05-25 11:40:59",92
"2018-05-25 12:40:59",92
"2018-05-25 13:40:59",92
"2018-05-25 14:40:58",92
"2018-05-25 15:40:59",92
"2018-05-25 16:40:59",92
"2018-05-25 17:40:58",92
"2018-05-25 18:40:58",92
"2018-05-25 19:40:59",92
"2018-05-25 20:40:59",92
"2018-05-25 21:40:58",92
"2018-05-25 22:40:58",92
"2018-05-25 23:40:59",92
"2018-05-26 00:40:59",92
"2018-05-26 01:40:58",92
"2018-05-26 02:40:59",92
"2018-05-26 03:40:58",92
"2018-05-26 04:40:58",92
"2018-05-26 05:40:58",92
"2018-05-26 06:40:58",92
"2018-05-26 07:40:59",92
"2018-05-26 08:40:59",92
"2018-05-26 09:40:58",92
"2018-05-26 10:40:58",92
"2018-05-26 11:40:58",92
"2018-05-26 12:40:59",92
"2018-05-26 13:40:59",92
"2018-05-26 14:40:59",92
"2018-05-26 15:40:59",92
"2018-05-26 16:40:58",92
"2018-05-26 17:40:59",92
"2018-05-26 18:40:59",92
"2018-05-26 19:41:02",92
"2018-05-26 20:40:58",92
"2018-05-26 21:40:58",92
"2018-05-26 22:40:59",92
"2018-05-26 23:40:59",92
"2018-05-27 00:40:59",92
"2018-05-27 01:40:59",92
"2018-05-27 02:40:59",92
"2018-05-27 03:40:58",92
"2018-05-27 04:40:59",92
"2018-05-27 05:40:59",92
"2018-05-27 06:40:58",92
"2018-05-27 07:40:58",92
"2018-05-27 08:40:59",92
"2018-05-27 09:40:58",92
"2018-05-27 10:40:58",92
"2018-05-27 11:40:59",92
"2018-05-27 12:40:58",92
"2018-05-27 13:40:59",92
"2018-05-27 14:40:58",92
"2018-05-27 15:40:59",92
"2018-05-27 16:40:59",92
"2018-05-27 17:40:58",92
"2018-05-27 18:40:59",92
"2018-05-27 19:40:58",92
"2018-05-27 20:40:58",92
"2018-05-27 21:40:59",92
"2018-05-27 22:41:00",92
"2018-05-27 23:40:59",92
"2018-05-28 00:40:58",92
"2018-05-28 01:40:58",92
"2018-05-28 02:40:58",92
"2018-05-28 03:40:59",92
"2018-05-28 04:40:59",92
"2018-05-28 05:40:58",92
"2018-05-28 06:40:58",92
"2018-05-28 07:40:58",92
"2018-05-28 08:40:58",92
"2018-05-28 09:40:59",92
"2018-05-28 10:40:58",92
"2018-05-28 11:40:58",92
"2018-05-28 12:40:58",92
"2018-05-28 13:40:58",92
"2018-05-28 14:40:58",92
"2018-05-28 15:40:59",92
"2018-05-28 16:40:58",92
"2018-05-28 17:40:59",92
"2018-05-28 18:40:59",92
"2018-05-28 19:40:59",92
"2018-05-28 20:40:59",92
"2018-05-28 21:40:59",92
"2018-05-28 22:40:59",92
"2018-05-28 23:40:59",92
"2018-05-29 00:40:59",92
"2018-05-29 01:40:58",92
"2018-05-29 02:40:58",92
"2018-05-29 03:40:59",92
"2018-05-29 04:40:59",92
"2018-05-29 05:40:58",92
"2018-05-29 06:40:58",92
"2018-05-29 07:40:58",92
"2018-05-29 08:41:04",92
"2018-05-29 09:40:58",92
"2018-05-29 10:40:58",92
"2018-05-29 11:40:58",92
"2018-05-29 12:40:59",92
"2018-05-30 19:51:39",85
"2018-05-30 20:40:58",85
"2018-05-30 21:40:58",85
"2018-05-30 22:40:59",85
"2018-05-30 23:40:59",85
"2018-05-31 00:40:59",85
"2018-05-31 01:40:59",85
"2018-05-31 02:40:59",85
"2018-05-31 03:41:03",85
"2018-05-31 04:40:58",85
"2018-05-31 05:40:58",85
"2018-05-31 06:40:59",85
"2018-05-31 07:40:58",85
"2018-05-31 08:40:58",85
"2018-05-31 09:40:59",85
"2018-05-31 10:40:58",85
"2018-05-31 11:40:59",85
"2018-05-31 12:40:59",85
"2018-05-31 13:40:59",85
"2018-05-31 14:40:59",85
"2018-05-31 15:40:58",86
"2018-05-31 16:40:58",85
"2018-05-31 17:40:58",86
"2018-05-31 18:40:59",86
"2018-05-31 19:40:59",86
"2018-05-31 20:40:59",86
"2018-05-31 21:40:58",86
"2018-05-31 22:40:59",86
"2018-05-31 23:40:58",86
"2018-06-01 00:40:59",86
"2018-06-01 01:40:58",86
"2018-06-01 02:40:58",86
"2018-06-01 03:40:59",86
"2018-06-01 04:40:58",86
"2018-06-01 05:40:58",86
"2018-06-01 06:40:59",86
"2018-06-01 07:40:59",86
"2018-06-01 08:40:58",86
"2018-06-01 09:40:58",86
"2018-06-01 10:40:58",86
"2018-06-01 11:40:58",86
"2018-06-01 12:40:58",86
"2018-06-01 13:41:06",86
"2018-06-01 14:40:59",86
"2018-06-01 15:41:00",86
"2018-06-01 16:41:00",85
"2018-06-01 17:41:00",85
"2018-06-01 18:40:59",85
"2018-06-01 19:41:00",85
"2018-06-01 20:41:00",84
"2018-06-01 21:41:00",84
"2018-06-01 22:41:00",84
"2018-06-01 23:41:00",84
"2018-06-02 00:41:00",84
"2018-06-02 01:41:00",84
"2018-06-02 02:41:00",84
"2018-06-02 03:41:00",84
"2018-06-02 04:41:00",84
"2018-06-02 05:41:00",84
"2018-06-02 06:40:59",84
"2018-06-02 07:40:59",84
"2018-06-02 08:40:59",84
"2018-06-02 09:41:00",84
"2018-06-02 10:40:59",84
"2018-06-02 11:40:59",84
"2018-06-02 12:41:00",84
"2018-06-02 13:41:01",84
"2018-06-02 14:41:00",84
"2018-06-02 15:41:00",84
"2018-06-02 16:41:00",84
"2018-06-02 17:40:59",84
"2018-06-02 18:40:59",84
"2018-06-02 19:41:00",84
"2018-06-02 20:41:00",84
"2018-06-02 21:41:00",84
"2018-06-02 22:40:59",84
"2018-06-02 23:41:01",84
"2018-06-03 00:40:59",84
"2018-06-03 01:41:00",84
"2018-06-03 02:40:59",84
"2018-06-03 03:40:59",84
"2018-06-03 04:40:59",84
"2018-06-03 05:41:00",84
"2018-06-03 06:40:59",84
"2018-06-03 19:43:15",84
"2018-06-03 20:41:00",84
"2018-06-03 21:40:59",84
"2018-06-03 22:41:00",84
"2018-06-03 23:41:00",84
"2018-06-04 00:40:59",84
"2018-06-04 01:40:59",84
"2018-06-04 02:41:00",84
"2018-06-04 03:40:59",84
"2018-06-04 04:41:01",84
"2018-06-04 05:41:00",84
"2018-06-04 06:41:00",84
"2018-06-04 07:41:00",84
"2018-06-04 08:41:00",84
"2018-06-04 09:41:00",84
"2018-06-04 10:40:58",84
"2018-06-04 11:40:58",84
"2018-06-04 12:40:57",84
"2018-06-04 13:40:58",84
"2018-06-04 14:40:58",85
"2018-06-04 15:40:58",85
"2018-06-04 16:40:57",85
"2018-06-04 17:40:58",85
"2018-06-04 18:40:58",85
"2018-06-04 19:40:57",85
"2018-06-04 20:40:58",84
"2018-06-04 21:40:57",84
"2018-06-04 22:40:59",84
"2018-06-04 23:40:59",84
"2018-06-05 00:40:59",84
"2018-06-05 01:40:59",84
"2018-06-05 02:40:59",84
"2018-06-05 03:40:58",84
"2018-06-05 04:40:59",84
"2018-06-05 05:40:59",84
"2018-06-05 06:40:59",84
"2018-06-05 07:40:58",84
"2018-06-05 08:40:58",84
"2018-06-05 09:40:59",84
"2018-06-05 10:40:59",84
"2018-06-05 11:40:58",84
"2018-06-05 12:40:58",84
"2018-06-05 13:41:00",84
"2018-06-05 14:40:59",85
"2018-06-05 15:40:59",85
"2018-06-05 16:40:59",85
"2018-06-05 17:40:58",85
"2018-06-05 18:40:58",86
"2018-06-05 19:40:59",84
"2018-06-05 20:40:59",84
"2018-06-05 21:40:59",84
"2018-06-05 22:40:59",84
"2018-06-05 23:40:59",84
"2018-06-06 00:40:59",84
"2018-06-06 01:40:59",84
"2018-06-06 02:40:59",84
"2018-06-06 03:40:59",84
"2018-06-06 04:40:59",84
"2018-06-06 05:40:59",84
"2018-06-06 06:40:59",84
"2018-06-06 07:40:58",84
"2018-06-06 08:40:59",84
"2018-06-06 09:40:58",84
"2018-06-06 10:40:58",84
"2018-06-06 11:40:59",84
"2018-06-06 12:40:59",84
"2018-06-06 13:40:58",84
"2018-06-06 14:40:58",83
"2018-06-06 15:40:59",85
"2018-06-06 16:41:00",86
"2018-06-06 17:40:59",86
"2018-06-06 18:40:59",86
"2018-06-06 19:40:58",86
"2018-06-06 20:40:58",89
"2018-06-06 21:40:58",89
"2018-06-06 22:41:00",89
"2018-06-06 23:41:00",89
"2018-06-07 00:40:59",89
"2018-06-07 01:41:00",89
"2018-06-07 02:41:00",89
"2018-06-07 03:40:59",89
"2018-06-07 04:41:00",89
"2018-06-07 05:41:00",89
"2018-06-07 06:40:59",89
"2018-06-07 07:41:00",89
"2018-06-07 08:41:00",89
"2018-06-07 09:41:00",89
"2018-06-07 10:41:00",89
"2018-06-07 11:41:00",89
"2018-06-07 12:41:00",89
"2018-06-07 13:40:59",89
"2018-06-07 14:41:01",92
"2018-06-07 15:40:59",92
"2018-06-07 16:41:00",90
"2018-06-07 17:41:00",89
"2018-06-07 18:40:59",89
"2018-06-07 19:41:00",88
"2018-06-07 20:40:59",87
"2018-06-07 21:40:59",87
"2018-06-07 22:41:00",87
"2018-06-07 23:41:00",87
"2018-06-08 00:41:00",87
"2018-06-08 01:40:59",87
"2018-06-08 02:41:00",87
"2018-06-08 03:41:00",87
"2018-06-08 04:41:00",87
"2018-06-08 05:40:59",87
"2018-06-08 06:41:01",87
"2018-06-08 07:41:00",87
"2018-06-08 08:41:00",87
"2018-06-08 09:40:59",87
"2018-06-08 10:41:00",87
"2018-06-08 11:40:59",87
"2018-06-08 12:41:01",87
"2018-06-08 13:41:02",87
"2018-06-08 14:41:01",87
"2018-06-08 15:41:00",87
"2018-06-08 16:41:01",87
"2018-06-08 17:41:01",87
"2018-06-08 18:41:01",87
"2018-06-08 19:41:01",87
"2018-06-08 20:41:01",87
"2018-06-08 21:41:01",87
"2018-06-08 22:41:01",87
"2018-06-08 23:41:00",87
"2018-06-09 00:41:01",87
"2018-06-09 01:41:01",87
"2018-06-09 02:41:00",87
"2018-06-09 03:41:01",87
"2018-06-09 04:41:01",87
"2018-06-09 05:41:00",87
"2018-06-09 06:41:02",87
"2018-06-09 07:41:01",87
"2018-06-09 08:41:01",87
"2018-06-09 09:41:01",87
"2018-06-09 10:41:01",87
"2018-06-09 11:41:01",87
"2018-06-09 12:41:01",87
"2018-06-09 13:41:01",87
"2018-06-09 14:41:01",87
"2018-06-09 15:41:01",87
"2018-06-09 16:41:01",87
"2018-06-09 17:41:01",87
"2018-06-09 18:41:01",87
"2018-06-09 19:41:01",87
"2018-06-09 20:41:01",87
"2018-06-09 21:41:01",87
"2018-06-09 22:41:01",87
"2018-06-09 23:41:01",87
"2018-06-10 00:41:01",87
"2018-06-10 01:41:00",87
"2018-06-10 02:41:01",87
"2018-06-10 03:41:00",87
"2018-06-10 04:41:01",87
"2018-06-10 05:41:01",87
"2018-06-10 06:41:00",87
"2018-06-10 07:41:01",87
"2018-06-10 08:41:00",87
"2018-06-10 09:41:01",87
"2018-06-10 10:41:01",87
"2018-06-10 11:41:01",87
"2018-06-10 12:41:01",87
"2018-06-10 13:41:00",87
"2018-06-10 14:41:01",87
"2018-06-10 15:41:00",87
"2018-06-10 16:41:01",87
"2018-06-10 17:41:01",87
"2018-06-10 18:41:01",87
"2018-06-10 19:41:00",87
"2018-06-10 20:41:00",87
"2018-06-10 21:41:00",87
"2018-06-10 22:41:01",87
"2018-06-10 23:41:01",87
"2018-06-11 00:41:01",87
"2018-06-11 01:41:00",87
"2018-06-11 02:41:00",87
"2018-06-11 03:41:01",87
"2018-06-11 04:41:01",87
"2018-06-11 06:41:00",87
"2018-06-11 07:41:00",87
"2018-06-11 08:41:01",87
"2018-06-11 09:41:00",87
"2018-06-11 10:41:01",87
"2018-06-11 11:41:00",87
"2018-06-11 12:41:01",87
"2018-06-11 13:41:02",87
"2018-06-11 14:41:01",88
"2018-06-11 15:41:01",88
"2018-06-11 16:41:01",88
"2018-06-11 17:41:00",88
"2018-06-11 18:41:01",88
"2018-06-11 19:41:00",88
"2018-06-11 20:41:01",87
"2018-06-11 21:41:00",87
"2018-06-11 22:41:00",87
"2018-06-11 23:41:01",87
"2018-06-12 00:41:01",87
"2018-06-12 01:41:01",87
"2018-06-12 02:41:01",87
"2018-06-12 03:41:01",87
"2018-06-12 04:41:01",87
"2018-06-12 05:41:01",87
"2018-06-12 06:41:01",87
"2018-06-12 07:41:01",87
"2018-06-12 08:41:00",87
"2018-06-12 09:41:00",87
"2018-06-12 10:41:00",87
"2018-06-12 11:41:00",87
"2018-06-12 12:41:01",87
"2018-06-12 13:41:02",87
"2018-06-12 14:41:01",88
"2018-06-12 15:41:00",88
"2018-06-12 16:41:01",88
"2018-06-12 17:41:00",88
"2018-06-12 18:41:01",88
"2018-06-12 19:41:01",88
"2018-06-12 20:41:00",88
"2018-06-12 21:41:00",88
"2018-06-12 22:41:00",88
"2018-06-12 23:41:01",88
"2018-06-13 00:41:01",88
"2018-06-13 01:41:01",88
"2018-06-13 02:41:00",88
"2018-06-13 03:41:00",88
"2018-06-13 04:41:01",88
"2018-06-13 05:41:00",88
"2018-06-13 06:41:01",88
"2018-06-13 07:41:01",88
"2018-06-13 08:41:01",88
"2018-06-13 09:41:01",88
"2018-06-13 10:41:00",88
"2018-06-13 11:41:00",88
"2018-06-13 12:41:01",88
"2018-06-13 13:41:02",88
"2018-06-13 14:41:01",87
"2018-06-13 15:41:01",88
"2018-06-13 16:41:01",88
"2018-06-13 17:41:00",88
"2018-06-13 18:41:01",90
"2018-06-13 19:41:01",90
"2018-06-13 20:41:01",90
"2018-06-13 21:41:01",90
"2018-06-13 22:41:00",90
"2018-06-13 23:41:01",90
"2018-06-14 00:41:01",90
"2018-06-14 01:41:01",90
"2018-06-14 02:41:01",90
"2018-06-14 03:41:02",90
"2018-06-14 04:41:00",90
"2018-06-14 05:41:01",90
"2018-06-14 06:41:01",90
"2018-06-14 07:41:01",90
"2018-06-14 08:41:01",90
"2018-06-14 09:41:00",90
"2018-06-14 10:41:00",90
"2018-06-14 11:41:01",90
"2018-06-14 12:41:01",90
"2018-06-14 13:41:02",90
"2018-06-14 14:41:00",91
"2018-06-14 15:41:01",91
"2018-06-14 16:41:00",91
"2018-06-14 17:41:00",92
"2018-06-14 18:41:01",92
"2018-06-14 19:41:01",94
"2018-06-14 20:41:01",94
"2018-06-14 21:41:01",94
"2018-06-14 22:41:01",94
"2018-06-14 23:41:00",94
"2018-06-15 00:41:01",94
"2018-06-15 01:41:00",94
"2018-06-15 02:41:01",94
"2018-06-15 03:41:00",94
"2018-06-15 04:41:01",94
"2018-06-15 05:41:01",94
"2018-06-15 06:41:01",94
"2018-06-15 07:41:00",94
"2018-06-15 08:41:01",94
"2018-06-15 09:41:01",94
"2018-06-15 10:41:01",94
"2018-06-15 11:41:00",94
"2018-06-15 12:41:01",94
"2018-06-15 13:41:01",94
"2018-06-15 14:41:01",95
"2018-06-15 15:41:00",95
"2018-06-15 16:41:00",95
"2018-06-15 17:41:00",96
"2018-06-15 18:41:01",96
"2018-06-15 19:41:01",96
"2018-06-15 20:41:01",97
"2018-06-15 21:41:00",97
"2018-06-15 22:41:01",97
"2018-06-15 23:41:01",97
"2018-06-16 00:41:01",97
"2018-06-16 01:41:00",97
"2018-06-16 02:41:01",97
"2018-06-16 03:41:01",97
"2018-06-16 04:41:01",97
"2018-06-16 05:41:02",97
"2018-06-16 06:41:01",97
"2018-06-16 07:41:00",97
"2018-06-16 08:41:01",97
"2018-06-16 09:41:01",97
"2018-06-16 10:41:00",97
"2018-06-16 11:41:01",97
"2018-06-16 12:41:00",97
"2018-06-16 13:41:01",97
"2018-06-16 14:41:01",97
"2018-06-16 15:41:01",97
"2018-06-16 16:41:01",97
"2018-06-16 17:41:00",97
"2018-06-16 18:41:00",97
"2018-06-16 19:41:01",97
"2018-06-16 20:41:01",97
"2018-06-16 21:41:00",97
"2018-06-16 22:41:01",97
"2018-06-16 23:41:00",97
"2018-06-17 00:41:00",97
"2018-06-17 01:41:01",97
"2018-06-17 02:41:02",97
"2018-06-17 03:41:01",97
"2018-06-17 04:41:01",97
"2018-06-17 05:41:01",97
"2018-06-17 06:41:00",97
"2018-06-17 07:41:01",97
"2018-06-17 08:41:01",97
"2018-06-17 09:41:00",97
"2018-06-17 10:41:00",97
"2018-06-17 11:41:00",97
"2018-06-17 12:41:01",97
"2018-06-17 13:41:01",97
"2018-06-17 14:41:01",97
"2018-06-17 15:41:00",97
"2018-06-17 16:41:00",97
"2018-06-17 17:41:00",97
"2018-06-17 18:41:00",97
"2018-06-17 19:41:01",97
"2018-06-17 20:41:01",97
"2018-06-17 21:41:01",97
"2018-06-17 22:41:00",97
"2018-06-17 23:41:01",97
"2018-06-18 00:41:01",97
"2018-06-18 01:41:00",97
"2018-06-18 02:41:01",97
"2018-06-18 03:41:00",97
"2018-06-18 04:41:01",97
"2018-06-18 05:41:00",97
"2018-06-18 06:41:00",97
"2018-06-18 07:41:00",97
"2018-06-18 08:41:02",97
"2018-06-18 09:41:00",97
"2018-06-18 10:41:00",97
"2018-06-18 11:41:01",97
"2018-06-18 12:41:00",97
"2018-06-18 13:41:03",97
"2018-06-18 14:41:01",98
"2018-06-18 15:41:02",98
"2018-06-18 16:41:01",98
"2018-06-18 17:41:01",99
"2018-06-18 18:41:02",98
"2018-06-18 19:41:02",98
"2018-06-18 20:41:02",98
"2018-06-18 21:41:01",98
"2018-06-18 22:41:02",98
"2018-06-18 23:41:02",98
"2018-06-19 00:41:02",98
"2018-06-19 01:41:01",98
"2018-06-19 02:41:02",98
"2018-06-19 03:41:02",98
"2018-06-19 04:41:02",98
"2018-06-19 05:41:01",98
"2018-06-19 06:41:02",98
"2018-06-19 07:41:02",98
"2018-06-19 08:41:03",98
"2018-06-19 09:41:01",98
"2018-06-19 10:41:02",98
"2018-06-19 11:41:01",98
"2018-06-19 12:41:01",98
"2018-06-19 13:41:04",98
"2018-06-19 14:41:02",97
"2018-06-19 15:41:02",97
"2018-06-19 16:41:02",97
"2018-06-19 17:41:02",98
"2018-06-19 18:41:02",98
"2018-06-19 19:41:01",99
"2018-06-19 20:41:01",99
"2018-06-19 21:41:02",99
"2018-06-19 22:41:02",99
"2018-06-19 23:41:02",99
"2018-06-20 00:41:08",99
"2018-06-20 01:41:02",99
"2018-06-20 02:41:01",99
"2018-06-20 03:41:02",99
"2018-06-20 04:41:02",99
"2018-06-20 05:41:01",99
"2018-06-20 06:41:02",99
"2018-06-20 07:41:01",99
"2018-06-20 08:41:01",99
"2018-06-20 09:41:01",99
"2018-06-20 10:41:02",99
"2018-06-20 11:41:00",99
"2018-06-20 12:41:00",99
"2018-06-20 14:05:35",98
"2018-06-20 14:41:04",98
"2018-06-20 15:41:02",98
"2018-06-20 16:41:02",99
"2018-06-20 17:41:02",99
"2018-06-20 18:41:02",99
"2018-06-20 19:41:02",99
"2018-06-20 20:41:01",101
"2018-06-20 21:41:02",101
"2018-06-20 22:41:02",101
"2018-06-20 23:41:02",101
"2018-06-21 00:41:02",101
"2018-06-21 01:41:01",101
"2018-06-21 02:41:02",101
"2018-06-21 03:41:02",101
"2018-06-21 04:41:02",101
"2018-06-21 05:41:02",101
"2018-06-21 06:41:01",101
"2018-06-21 07:41:02",101
"2018-06-21 08:41:02",101
"2018-06-21 09:41:01",101
"2018-06-21 10:41:02",101
"2018-06-21 11:41:02",101
"2018-06-21 12:41:02",101
"2018-06-21 13:41:02",101
"2018-06-21 14:41:02",99
"2018-06-21 15:41:02",100
"2018-06-21 16:41:02",100
"2018-06-21 17:41:02",103
"2018-06-21 18:41:02",104
"2018-06-21 19:41:02",105
"2018-06-21 20:41:02",107
"2018-06-21 21:41:02",107
"2018-06-21 22:41:02",107
"2018-06-21 23:41:02",107
"2018-06-22 00:41:02",107
"2018-06-22 01:41:01",107
"2018-06-22 02:41:02",107
"2018-06-22 03:41:02",107
"2018-06-22 04:41:01",107
"2018-06-22 05:41:03",107
"2018-06-22 06:41:01",107
"2018-06-22 07:41:01",107
"2018-06-22 08:41:02",107
"2018-06-22 09:41:02",107
"2018-06-22 10:41:02",107
"2018-06-22 11:41:01",107
"2018-06-22 12:41:02",107
"2018-06-22 13:41:03",107
"2018-06-22 15:05:04",107
"2018-06-22 15:41:02",107
"2018-06-22 16:41:02",107
"2018-06-22 17:41:02",107
"2018-06-22 18:41:02",108
"2018-06-22 19:41:02",110
"2018-06-22 20:41:01",110
"2018-06-22 21:41:02",110
"2018-06-22 22:41:02",110
"2018-06-22 23:41:02",110
"2018-06-23 00:41:01",110
"2018-06-23 01:41:02",110
"2018-06-23 02:41:02",110
"2018-06-23 03:41:02",110
"2018-06-23 04:41:02",110
"2018-06-23 05:41:02",110
"2018-06-23 06:41:02",110
"2018-06-23 07:41:02",110
"2018-06-23 08:41:02",110
"2018-06-23 09:41:01",110
"2018-06-23 10:41:02",110
"2018-06-23 11:41:02",110
"2018-06-23 12:41:01",110
"2018-06-23 13:41:02",110
"2018-06-23 14:41:01",110
"2018-06-23 15:41:02",110
"2018-06-23 16:41:02",110
"2018-06-23 17:41:01",110
"2018-06-23 18:41:02",110
"2018-06-23 19:41:02",110
"2018-06-23 20:41:02",110
"2018-06-23 21:41:02",110
"2018-06-23 22:41:01",110
"2018-06-23 23:41:01",110
"2018-06-24 00:41:11",110
"2018-06-24 01:41:01",110
"2018-06-24 02:41:01",110
"2018-06-24 03:41:04",110
"2018-06-24 04:41:02",110
"2018-06-24 05:41:02",110
"2018-06-24 06:41:02",110
"2018-06-24 07:41:02",110
"2018-06-24 08:41:01",110
"2018-06-24 09:41:02",110
"2018-06-24 10:41:25",110
"2018-06-24 11:41:02",110
"2018-06-24 12:41:02",110
"2018-06-24 13:41:01",110
"2018-06-24 14:41:05",110
"2018-06-24 15:41:08",110
"2018-06-24 16:41:01",110
"2018-06-24 17:41:02",110
"2018-06-24 18:41:02",110
"2018-06-24 19:41:02",110
"2018-06-24 20:41:01",110
"2018-06-24 21:41:02",110
"2018-06-24 22:41:01",110
"2018-06-24 23:41:02",110
"2018-06-25 00:41:01",110
"2018-06-25 01:41:02",110
"2018-06-25 02:41:02",110
"2018-06-25 03:41:04",110
"2018-06-25 04:41:03",110
"2018-06-25 05:41:02",110
"2018-06-25 06:41:02",110
"2018-06-25 07:41:01",110
"2018-06-25 08:41:02",110
"2018-06-25 09:41:02",110
"2018-06-25 10:41:01",110
"2018-06-25 11:41:02",110
"2018-06-25 12:41:01",110
"2018-06-25 13:41:03",110
"2018-06-25 14:41:02",107
"2018-06-25 15:41:01",107
"2018-06-25 16:41:01",107
"2018-06-25 17:41:02",107
"2018-06-25 18:41:02",107
"2018-06-25 19:41:02",107
"2018-06-25 20:41:03",107
"2018-06-25 21:41:02",107
"2018-06-25 22:41:01",107
"2018-06-26 01:09:28",107
"2018-06-26 01:41:02",107
"2018-06-26 02:41:02",107
"2018-06-26 03:41:05",107
"2018-06-26 04:41:06",107
"2018-06-26 05:41:02",107
"2018-06-26 06:41:02",107
"2018-06-26 07:41:02",107
"2018-06-26 08:41:02",107
"2018-06-26 09:41:02",107
"2018-06-26 10:41:03",107
"2018-06-26 11:41:04",107
"2018-06-26 12:41:06",107
"2018-06-26 13:41:04",107
"2018-06-26 14:41:02",107
"2018-06-26 15:41:08",107
"2018-06-26 16:41:02",107
"2018-06-26 17:41:02",107
"2018-06-26 18:41:02",107
"2018-06-26 19:41:02",109
"2018-06-26 20:41:02",108
"2018-06-26 21:41:02",108
"2018-06-26 22:41:02",108
"2018-06-26 23:41:02",108
"2018-06-27 00:41:02",108
"2018-06-27 01:41:01",108
"2018-06-27 02:41:02",108
"2018-06-27 03:41:02",108
"2018-06-27 04:41:04",108
"2018-06-27 05:41:03",108
"2018-06-27 06:41:02",108
"2018-06-27 07:41:01",108
"2018-06-27 08:41:01",108
"2018-06-27 09:41:02",108
"2018-06-27 10:41:01",108
"2018-06-27 11:41:02",108
"2018-06-27 12:41:02",108
"2018-06-27 13:41:09",108
"2018-06-27 14:41:08",107
"2018-06-27 15:41:09",108
"2018-06-27 16:41:04",107
"2018-06-27 17:41:02",107
"2018-06-27 18:41:03",107
"2018-06-27 19:41:03",107
"2018-06-27 20:41:02",107
"2018-06-27 21:41:02",107
"2018-06-27 22:41:02",107
"2018-06-27 23:41:03",107
"2018-06-28 00:41:03",107
"2018-06-28 01:41:02",107
"2018-06-28 02:41:03",107
"2018-06-28 03:41:08",107
"2018-06-28 04:41:06",107
"2018-06-28 05:41:06",107
"2018-06-28 06:41:03",107
"2018-06-28 07:41:03",107
"2018-06-28 08:41:03",107
"2018-06-28 09:41:02",107
"2018-06-28 10:41:02",107
"2018-06-28 11:41:01",107
"2018-06-28 12:41:02",107
"2018-06-28 13:41:04",107
"2018-06-28 14:41:08",106
"2018-06-28 15:41:08",106
"2018-06-28 16:41:02",108
"2018-06-28 17:41:03",111
"2018-06-28 18:41:02",111
"2018-06-28 19:41:05",113
"2018-06-28 20:41:03",114
"2018-06-28 21:41:03",114
"2018-06-28 22:41:02",114
"2018-06-28 23:41:03",114
"2018-06-29 00:41:03",114
"2018-06-29 01:41:02",114
"2018-06-29 02:41:03",114
"2018-06-29 03:41:06",114
"2018-06-29 04:41:04",114
"2018-06-29 05:41:03",114
"2018-06-29 06:41:04",114
"2018-06-29 07:41:03",114
"2018-06-29 08:41:04",114
"2018-06-29 09:41:03",114
"2018-06-29 10:41:03",114
"2018-06-29 11:41:03",114
"2018-06-29 12:41:04",114
"2018-06-29 13:41:04",114
"2018-06-29 14:41:04",111
"2018-06-29 15:41:03",110
"2018-06-29 16:41:03",109
"2018-06-29 17:41:02",108
"2018-06-29 18:41:03",108
"2018-06-29 19:41:05",107
"2018-06-29 20:41:03",106
"2018-06-29 21:41:04",106
"2018-06-29 22:41:03",106
"2018-06-29 23:41:04",106
"2018-06-30 00:41:04",106
"2018-06-30 01:41:02",106
"2018-06-30 02:41:03",106
"2018-06-30 03:41:06",106
"2018-06-30 04:41:05",106
"2018-06-30 05:41:05",106
"2018-06-30 06:41:03",106
"2018-06-30 07:41:02",106
"2018-06-30 08:41:03",106
"2018-06-30 09:41:02",106
"2018-06-30 10:41:04",106
"2018-06-30 11:41:03",106
"2018-06-30 12:41:04",106
"2018-06-30 13:41:09",106
"2018-06-30 14:41:03",106
"2018-06-30 15:41:05",106
"2018-06-30 16:41:07",106
"2018-06-30 17:41:03",106
"2018-06-30 18:41:02",106
"2018-06-30 19:41:08",106
"2018-06-30 20:41:02",106
"2018-06-30 21:41:02",106
"2018-06-30 22:41:02",106
"2018-06-30 23:41:03",106
"2018-07-01 00:41:03",106
"2018-07-01 01:41:03",106
"2018-07-01 02:41:03",106
"2018-07-01 03:41:03",106
"2018-07-01 04:41:02",106
"2018-07-01 05:41:03",106
"2018-07-01 06:41:03",106
"2018-07-01 07:41:02",106
"2018-07-01 08:41:03",106
"2018-07-01 09:41:03",106
"2018-07-01 10:41:03",106
"2018-07-01 11:41:03",106
"2018-07-01 12:41:03",106
"2018-07-01 13:41:03",106
"2018-07-01 14:41:03",106
"2018-07-01 15:41:03",106
"2018-07-01 16:41:04",106
"2018-07-01 17:41:03",106
"2018-07-01 18:41:03",106
"2018-07-01 19:41:06",106
"2018-07-01 20:41:04",106
"2018-07-01 21:41:03",106
"2018-07-01 22:41:02",106
"2018-07-01 23:41:03",106
"2018-07-02 00:41:03",106
"2018-07-02 01:41:05",106
"2018-07-02 02:41:03",106
"2018-07-02 03:41:02",106
"2018-07-02 04:41:03",106
"2018-07-02 05:41:03",106
"2018-07-02 06:41:03",106
"2018-07-02 07:41:03",106
"2018-07-02 08:41:03",106
"2018-07-02 09:41:03",106
"2018-07-02 10:41:03",106
"2018-07-02 11:41:03",106
"2018-07-02 12:41:03",106
"2018-07-02 13:41:03",106
"2018-07-02 14:41:03",107
"2018-07-02 15:41:03",109
"2018-07-02 16:41:03",110
"2018-07-02 17:41:03",110
"2018-07-02 18:41:02",110
"2018-07-02 19:41:03",110
"2018-07-02 20:41:03",110
"2018-07-02 21:41:03",110
"2018-07-02 22:41:03",110
"2018-07-02 23:41:03",110
"2018-07-03 00:41:02",110
"2018-07-03 01:41:03",110
"2018-07-03 02:41:03",110
"2018-07-03 03:41:02",110
"2018-07-03 04:41:03",110
"2018-07-03 05:41:03",110
"2018-07-03 06:41:02",110
"2018-07-03 07:41:03",110
"2018-07-03 08:41:03",110
"2018-07-03 09:41:03",110
"2018-07-03 10:41:03",110
"2018-07-03 11:41:03",110
"2018-07-03 12:41:03",110
"2018-07-03 13:41:03",110
"2018-07-03 14:41:03",109
"2018-07-03 15:41:03",108
"2018-07-03 16:41:02",108
"2018-07-03 17:41:03",106
"2018-07-03 18:41:02",106
"2018-07-03 19:41:04",106
"2018-07-03 20:41:02",106
"2018-07-03 21:41:02",106
"2018-07-03 22:41:02",106
"2018-07-03 23:41:02",106
"2018-07-04 00:41:03",106
"2018-07-04 01:41:03",106
"2018-07-04 02:41:03",106
"2018-07-04 03:41:03",106
"2018-07-04 04:41:02",106
"2018-07-04 05:41:02",106
"2018-07-04 06:41:03",106
"2018-07-04 07:41:03",106
"2018-07-04 08:41:03",106
"2018-07-04 09:41:03",106
"2018-07-04 10:41:03",106
"2018-07-04 11:41:02",106
"2018-07-04 12:41:02",106
"2018-07-04 13:41:03",106
"2018-07-04 14:41:03",106
"2018-07-04 15:41:02",106
"2018-07-04 16:41:03",106
"2018-07-04 17:41:03",106
"2018-07-04 18:41:03",106
"2018-07-04 19:41:03",106
"2018-07-04 20:41:03",106
"2018-07-04 21:41:03",106
"2018-07-04 22:41:03",106
"2018-07-04 23:41:03",106
"2018-07-05 00:41:02",106
"2018-07-05 01:41:03",106
"2018-07-05 02:41:03",106
"2018-07-05 03:41:03",106
"2018-07-05 04:41:03",106
"2018-07-05 05:41:02",106
"2018-07-05 06:41:02",106
"2018-07-05 07:41:03",106
"2018-07-05 08:41:03",106
"2018-07-05 09:41:02",106
"2018-07-05 10:41:03",106
"2018-07-05 11:41:03",106
"2018-07-05 12:41:03",106
"2018-07-05 13:41:04",106
"2018-07-05 14:41:03",109
"2018-07-05 15:41:03",107
"2018-07-05 16:41:03",107
"2018-07-05 17:41:05",106
"2018-07-05 18:41:02",107
"2018-07-05 19:41:04",106
"2018-07-05 20:41:02",105
"2018-07-05 21:41:03",105
"2018-07-05 22:41:03",105
"2018-07-05 23:41:03",105
"2018-07-06 00:41:02",105
"2018-07-06 01:41:03",105
"2018-07-06 02:41:02",105
"2018-07-06 03:41:03",105
"2018-07-06 04:41:03",105
"2018-07-06 05:41:02",105
"2018-07-06 06:41:02",105
"2018-07-06 07:41:03",105
"2018-07-06 08:41:03",105
"2018-07-06 09:41:03",105
"2018-07-06 10:41:04",105
"2018-07-06 11:41:04",105
"2018-07-06 12:41:03",105
"2018-07-06 13:41:04",105
"2018-07-06 14:41:03",103
"2018-07-06 15:41:03",103
"2018-07-06 16:41:03",102
"2018-07-06 17:41:03",102
"2018-07-06 18:41:02",102
"2018-07-06 19:41:05",102
"2018-07-06 20:41:03",102
"2018-07-06 21:41:03",102
"2018-07-06 22:41:03",102
"2018-07-06 23:41:03",102
"2018-07-07 00:41:03",102
"2018-07-07 01:41:02",102
"2018-07-07 02:41:03",102
"2018-07-07 03:41:03",102
"2018-07-07 04:41:03",102
"2018-07-07 05:41:02",102
"2018-07-07 06:41:03",102
"2018-07-07 07:41:03",102
"2018-07-07 08:41:03",102
"2018-07-07 09:41:03",102
"2018-07-07 10:41:03",102
"2018-07-07 11:41:03",102
"2018-07-07 12:41:03",102
"2018-07-07 13:41:03",102
"2018-07-07 14:41:03",102
"2018-07-07 15:41:03",102
"2018-07-07 16:41:04",102
"2018-07-07 17:41:03",102
"2018-07-07 18:41:04",102
"2018-07-07 19:41:05",102
"2018-07-07 20:41:03",102
"2018-07-07 21:41:02",102
"2018-07-07 22:41:03",102
"2018-07-07 23:41:03",102
"2018-07-08 00:41:03",102
"2018-07-08 01:41:03",102
"2018-07-08 02:41:04",102
"2018-07-08 03:41:04",102
"2018-07-08 04:41:03",102
"2018-07-08 05:41:04",102
"2018-07-08 06:41:03",102
"2018-07-08 07:41:03",102
"2018-07-08 08:41:03",102
"2018-07-08 09:41:03",102
"2018-07-08 10:41:02",102
"2018-07-08 11:41:03",102
"2018-07-08 12:41:03",102
"2018-07-08 13:41:03",102
"2018-07-08 14:41:02",102
"2018-07-08 15:41:03",102
"2018-07-08 16:41:03",102
"2018-07-08 17:41:03",102
"2018-07-08 18:41:04",102
"2018-07-08 19:41:07",102
"2018-07-08 20:41:04",102
"2018-07-08 21:41:03",102
"2018-07-08 22:41:03",102
"2018-07-08 23:41:03",102
"2018-07-09 00:41:03",102
"2018-07-09 01:41:03",102
"2018-07-09 02:41:03",102
"2018-07-09 03:41:04",102
"2018-07-09 04:41:02",102
"2018-07-09 05:41:03",102
"2018-07-09 06:41:02",102
"2018-07-09 07:41:03",102
"2018-07-09 08:41:04",102
"2018-07-09 09:41:03",102
"2018-07-09 10:41:03",102
"2018-07-09 11:41:02",102
"2018-07-09 12:41:03",102
"2018-07-09 13:41:06",102
"2018-07-09 14:41:03",102
"2018-07-09 15:41:03",102
"2018-07-09 16:41:03",101
"2018-07-09 17:41:04",102
"2018-07-09 18:41:05",102
"2018-07-09 19:41:13",102
"2018-07-09 20:41:04",102
"2018-07-09 21:41:04",102
"2018-07-09 22:41:04",102
"2018-07-09 23:41:04",102
"2018-07-10 00:41:04",102
"2018-07-10 01:41:06",102
"2018-07-10 02:41:04",102
"2018-07-10 03:41:04",102
"2018-07-10 04:41:04",102
"2018-07-10 05:41:04",102
"2018-07-10 06:41:04",102
"2018-07-10 07:41:04",102
"2018-07-10 08:41:04",102
"2018-07-10 09:41:04",102
"2018-07-10 10:41:03",102
"2018-07-10 11:41:04",102
"2018-07-10 12:41:03",102
"2018-07-10 13:41:07",102
"2018-07-10 14:41:06",101
"2018-07-10 15:41:04",101
"2018-07-10 16:41:04",102
"2018-07-10 17:41:05",102
"2018-07-10 18:41:03",101
"2018-07-10 19:41:07",100
"2018-07-10 20:41:04",100
"2018-07-10 21:41:04",99
"2018-07-10 22:41:06",99
"2018-07-10 23:41:04",99
"2018-07-11 00:41:05",99
"2018-07-11 01:41:05",99
"2018-07-11 02:41:04",99
"2018-07-11 03:41:04",99
"2018-07-11 04:41:05",99
"2018-07-11 05:41:05",99
"2018-07-11 06:41:05",99
"2018-07-11 07:41:04",99
"2018-07-11 08:41:04",99
"2018-07-11 09:41:04",99
"2018-07-11 10:41:04",99
"2018-07-11 11:41:04",99
"2018-07-11 12:41:03",99
"2018-07-11 13:41:05",99
"2018-07-11 14:41:05",99
"2018-07-11 15:41:05",100
"2018-07-11 16:41:04",100
"2018-07-11 17:41:03",100
"2018-07-11 18:41:04",100
"2018-07-11 19:41:04",100
"2018-07-11 20:41:04",102
"2018-07-11 21:41:04",102
"2018-07-11 22:41:04",102
"2018-07-11 23:41:05",102
"2018-07-12 00:41:04",102
"2018-07-12 01:41:04",102
"2018-07-12 02:41:04",102
"2018-07-12 03:41:04",102
"2018-07-12 04:41:05",102
"2018-07-12 05:41:04",102
"2018-07-12 06:41:04",102
"2018-07-12 07:41:04",102
"2018-07-12 08:41:04",102
"2018-07-12 09:41:05",102
"2018-07-12 10:41:03",102
"2018-07-12 11:41:04",102
"2018-07-12 12:41:04",102
"2018-07-12 13:41:05",102
"2018-07-12 14:41:05",100
"2018-07-12 15:41:05",99
"2018-07-12 16:41:06",99
"2018-07-12 17:41:04",99
"2018-07-12 18:41:05",99
"2018-07-12 19:41:09",99
"2018-07-12 20:41:04",99
"2018-07-12 21:41:03",99
"2018-07-12 22:41:04",99
"2018-07-12 23:41:05",99
"2018-07-13 00:41:04",99
"2018-07-13 01:41:04",99
"2018-07-13 02:41:04",99
"2018-07-13 03:41:04",99
"2018-07-13 04:41:05",99
"2018-07-13 05:41:05",99
"2018-07-13 06:41:04",99
"2018-07-13 07:41:04",99
"2018-07-13 08:41:05",99
"2018-07-13 09:41:04",99
"2018-07-13 10:41:03",99
"2018-07-13 11:41:04",99
"2018-07-13 12:41:04",99
"2018-07-13 13:41:07",99
"2018-07-13 14:41:05",99
"2018-07-13 15:41:05",98
"2018-07-13 16:41:04",97
"2018-07-13 17:41:04",97
"2018-07-13 18:41:04",98
"2018-07-13 19:41:05",99
"2018-07-13 20:41:04",99
"2018-07-13 21:41:03",99
"2018-07-13 22:41:04",99
"2018-07-13 23:41:05",99
"2018-07-14 00:41:04",99
"2018-07-14 01:41:03",99
"2018-07-14 02:41:04",99
"2018-07-14 03:41:04",99
"2018-07-14 04:41:04",99
"2018-07-14 05:41:04",99
"2018-07-14 06:41:04",99
"2018-07-14 07:41:04",99
"2018-07-14 08:41:04",99
"2018-07-14 09:41:04",99
"2018-07-14 10:41:04",99
"2018-07-14 11:41:05",99
"2018-07-14 12:41:04",99
"2018-07-14 13:41:05",99
"2018-07-14 14:41:04",99
"2018-07-14 15:41:04",99
"2018-07-14 16:41:04",99
"2018-07-14 17:41:04",99
"2018-07-14 18:41:04",99
"2018-07-14 19:41:04",99
"2018-07-14 20:41:04",99
"2018-07-14 21:41:04",99
"2018-07-14 22:41:05",99
"2018-07-14 23:41:04",99
"2018-07-15 00:41:03",99
"2018-07-15 01:41:04",99
"2018-07-15 02:41:05",99
"2018-07-15 03:41:04",99
"2018-07-15 04:41:04",99
"2018-07-15 05:41:04",99
"2018-07-15 06:41:04",99
"2018-07-15 07:41:04",99
"2018-07-15 08:41:04",99
"2018-07-15 09:41:04",99
"2018-07-15 10:41:04",99
"2018-07-15 11:41:04",99
"2018-07-15 12:41:04",99
"2018-07-15 13:41:04",99
"2018-07-15 14:41:03",99
"2018-07-15 15:41:05",99
"2018-07-15 16:41:05",99
"2018-07-15 17:41:04",99
"2018-07-15 18:41:04",99
"2018-07-15 19:41:08",99
"2018-07-15 20:41:04",99
"2018-07-15 21:41:05",99
"2018-07-15 22:41:04",99
"2018-07-15 23:41:05",99
"2018-07-16 00:41:04",99
"2018-07-16 01:41:04",99
"2018-07-16 02:41:04",99
"2018-07-16 03:41:05",99
"2018-07-16 04:41:05",99
"2018-07-16 05:41:04",99
"2018-07-16 06:41:05",99
"2018-07-16 07:41:05",99
"2018-07-16 08:41:06",99
"2018-07-16 09:41:03",99
"2018-07-16 10:41:04",99
"2018-07-16 11:41:04",99
"2018-07-16 12:41:03",99
"2018-07-16 13:41:06",99
"2018-07-16 14:41:04",101
"2018-07-16 15:41:06",99
"2018-07-16 16:41:06",99
"2018-07-16 17:41:06",98
"2018-07-16 18:41:05",98
"2018-07-16 19:41:17",98
"2018-07-16 20:41:05",98
"2018-07-16 21:41:06",98
"2018-07-16 22:41:05",98
"2018-07-16 23:41:06",98
"2018-07-17 00:41:13",98
"2018-07-17 01:41:06",98
"2018-07-17 02:41:06",98
"2018-07-17 03:41:04",98
"2018-07-17 04:41:06",98
"2018-07-17 05:41:06",98
"2018-07-17 06:41:05",98
"2018-07-17 07:41:06",98
"2018-07-17 08:41:05",98
"2018-07-17 09:41:05",98
"2018-07-17 10:41:05",98
"2018-07-17 11:41:05",98
"2018-07-17 12:41:05",98
"2018-07-17 13:41:07",98
"2018-07-17 14:41:05",97
"2018-07-17 15:41:05",97
"2018-07-17 16:41:05",97
"2018-07-17 17:41:05",97
"2018-07-17 18:41:06",97
"2018-07-17 19:41:11",98
"2018-07-17 20:41:06",98
"2018-07-17 21:41:05",98
"2018-07-17 22:41:05",98
"2018-07-17 23:41:07",98
"2018-07-18 00:41:07",98
"2018-07-18 01:41:07",98
"2018-07-18 02:41:10",98
"2018-07-18 03:41:07",98
"2018-07-18 04:41:07",98
"2018-07-18 05:41:07",98
"2018-07-18 06:41:06",98
"2018-07-18 07:41:06",98
"2018-07-18 08:41:06",98
"2018-07-18 09:41:06",98
"2018-07-18 10:41:06",98
"2018-07-18 11:41:07",98
"2018-07-18 12:41:05",98
"2018-07-18 13:41:07",98
"2018-07-18 14:41:07",98
"2018-07-18 15:41:06",98
"2018-07-18 16:41:06",100
"2018-07-18 17:41:07",100
"2018-07-18 18:41:06",100
"2018-07-18 19:41:10",100
"2018-07-18 20:41:06",100
"2018-07-18 21:41:06",100
"2018-07-18 22:41:06",100
"2018-07-18 23:41:06",100
"2018-07-19 00:41:06",100
"2018-07-19 01:41:06",100
"2018-07-19 02:41:07",100
"2018-07-19 03:41:07",100
"2018-07-19 04:41:08",100
"2018-07-19 05:41:07",100
"2018-07-19 06:41:07",100
"2018-07-19 07:41:10",100
"2018-07-19 08:41:06",100
"2018-07-19 09:41:06",100
"2018-07-19 10:41:06",100
"2018-07-19 11:41:06",100
"2018-07-19 12:41:06",100
"2018-07-19 13:41:09",100
"2018-07-19 14:41:08",100
"2018-07-19 15:41:08",100
"2018-07-19 16:41:08",100
"2018-07-19 17:41:08",100
"2018-07-19 18:41:08",100
"2018-07-19 19:41:09",100
"2018-07-19 20:41:08",100
"2018-07-19 21:41:07",100
"2018-07-19 22:41:08",100
"2018-07-19 23:41:09",100
"2018-07-20 00:41:07",100
"2018-07-20 01:41:08",100
"2018-07-20 02:41:08",100
"2018-07-20 03:41:09",100
"2018-07-20 04:41:09",100
"2018-07-20 05:41:09",100
"2018-07-20 06:41:09",100
"2018-07-20 07:41:08",100
"2018-07-20 08:41:07",100
"2018-07-20 09:41:10",100
"2018-07-20 10:41:07",100
"2018-07-20 11:41:07",100
"2018-07-20 12:41:06",100
"2018-07-20 14:04:41",99
"2018-07-20 14:41:07",99
"2018-07-20 15:41:08",99
"2018-07-20 16:41:08",99
"2018-07-20 17:41:07",98
"2018-07-20 18:41:08",99
"2018-07-20 19:41:12",100
"2018-07-20 20:41:08",100
"2018-07-20 21:41:07",100
"2018-07-20 22:41:06",100
"2018-07-20 23:41:08",100
"2018-07-21 00:41:08",100
"2018-07-21 01:41:08",100
"2018-07-21 02:41:08",100
"2018-07-21 03:41:10",100
"2018-07-21 04:41:08",100
"2018-07-21 05:41:07",100
"2018-07-21 06:41:07",100
"2018-07-21 07:41:07",100
"2018-07-21 08:41:07",100
"2018-07-21 09:41:07",100
"2018-07-21 10:41:08",100
"2018-07-21 11:41:06",100
"2018-07-21 12:41:07",100
"2018-07-21 13:41:08",100
"2018-07-21 14:41:08",100
"2018-07-21 15:41:07",100
"2018-07-21 16:41:08",100
"2018-07-21 17:41:07",100
"2018-07-21 18:41:07",100
"2018-07-21 19:41:11",100
"2018-07-21 20:41:07",100
"2018-07-21 21:41:07",100
"2018-07-21 22:41:07",100
"2018-07-21 23:41:07",100
"2018-07-22 00:41:07",100
"2018-07-22 01:41:07",100
"2018-07-22 02:41:08",100
"2018-07-22 03:41:08",100
"2018-07-22 04:41:07",100
"2018-07-22 05:41:07",100
"2018-07-22 06:41:10",100
"2018-07-22 07:41:10",100
"2018-07-22 08:41:07",100
"2018-07-22 09:41:06",100
"2018-07-22 10:41:07",100
"2018-07-22 11:41:07",100
"2018-07-22 12:41:08",100
"2018-07-22 13:41:08",100
"2018-07-22 14:41:08",100
"2018-07-22 15:41:07",100
"2018-07-22 16:41:08",100
"2018-07-22 17:41:07",100
"2018-07-22 18:41:07",100
"2018-07-22 19:41:08",100
"2018-07-22 20:41:07",100
"2018-07-22 21:41:07",100
"2018-07-22 22:41:07",100
"2018-07-22 23:41:07",100
"2018-07-23 00:41:07",100
"2018-07-23 01:41:07",100
"2018-07-23 02:41:07",100
"2018-07-23 03:41:07",100
"2018-07-23 04:41:07",100
"2018-07-23 05:41:06",100
"2018-07-23 06:41:07",100
"2018-07-23 07:41:08",100
"2018-07-23 08:41:08",100
"2018-07-23 09:41:07",100
"2018-07-23 23:41:09",99
"2018-07-24 00:41:08",99
"2018-07-24 01:41:07",99
"2018-07-24 02:41:08",99
"2018-07-24 03:41:07",99
"2018-07-24 04:41:07",99
"2018-07-24 05:41:06",99
"2018-07-24 06:41:07",99
"2018-07-24 07:41:07",99
"2018-07-24 08:41:07",99
"2018-07-24 09:41:07",99
"2018-07-24 10:41:07",99
"2018-07-24 11:41:07",99
"2018-07-24 12:41:07",99
"2018-07-24 13:41:14",99
"2018-07-24 14:41:07",96
"2018-07-24 15:41:07",96
"2018-07-24 16:41:08",96
"2018-07-24 17:41:08",96
"2018-07-24 18:41:07",96
"2018-07-24 19:41:07",96
"2018-07-24 20:41:07",96
"2018-07-24 21:41:07",96
"2018-07-24 22:41:07",96
"2018-07-24 23:41:07",96
"2018-07-25 00:41:07",96
"2018-07-25 01:41:07",96
"2018-07-25 02:41:07",96
"2018-07-25 03:41:07",96
"2018-07-25 04:41:07",96
"2018-07-25 05:41:07",96
"2018-07-25 06:41:08",96
"2018-07-25 07:41:06",96
"2018-07-25 08:41:07",96
"2018-07-25 09:41:07",96
"2018-07-25 10:41:07",96
"2018-07-25 11:41:07",96
"2018-07-25 12:41:07",96
"2018-07-25 13:41:09",96
"2018-07-25 14:41:08",96
"2018-07-25 15:41:08",96
"2018-07-25 16:41:08",96
"2018-07-25 17:41:14",96
"2018-07-25 18:41:07",96
"2018-07-25 19:41:08",96
"2018-07-25 20:41:08",96
"2018-07-25 21:41:07",96
"2018-07-25 22:41:07",96
"2018-07-25 23:41:07",96
"2018-07-26 00:41:07",96
"2018-07-26 01:41:08",96
"2018-07-26 02:41:08",96
"2018-07-26 03:41:08",96
"2018-07-26 04:41:08",96
"2018-07-26 05:41:08",96
"2018-07-26 06:41:08",96
"2018-07-26 07:41:07",96
"2018-07-26 08:41:07",96
"2018-07-26 09:41:08",96
"2018-07-26 10:41:08",96
"2018-07-26 11:41:07",96
"2018-07-26 12:41:07",96
"2018-07-26 14:41:10",96
"2018-07-26 15:41:09",95
"2018-07-26 16:41:09",95
"2018-07-26 17:41:10",95
"2018-07-26 18:41:09",95
"2018-07-26 19:41:09",95
"2018-07-26 20:41:09",95
"2018-07-26 21:41:08",95
"2018-07-26 22:41:08",95
"2018-07-26 23:41:09",95
"2018-07-27 00:41:09",95
"2018-07-27 01:41:08",95
"2018-07-27 02:41:08",95
"2018-07-27 03:41:09",95
"2018-07-27 04:41:09",95
"2018-07-27 05:41:08",95
"2018-07-27 06:41:09",95
"2018-07-27 07:41:09",95
"2018-07-27 08:41:08",95
"2018-07-27 09:41:08",95
"2018-07-27 10:41:09",95
"2018-07-27 11:41:08",95
"2018-07-27 12:41:08",95
"2018-07-27 13:41:12",95
"2018-07-27 14:41:09",95
"2018-07-27 15:41:08",95
"2018-07-27 16:41:09",95
"2018-07-27 17:41:08",95
"2018-07-27 18:41:09",94
"2018-07-27 19:41:09",94
"2018-07-27 20:41:08",94
"2018-07-27 21:41:09",94
"2018-07-27 22:41:08",94
"2018-07-27 23:41:08",94
"2018-07-28 00:41:08",94
"2018-07-28 01:41:09",94
"2018-07-28 02:41:09",94
"2018-07-28 03:41:09",94
"2018-07-28 04:41:08",94
"2018-07-28 05:41:08",94
"2018-07-28 06:41:09",94
"2018-07-28 07:41:08",94
"2018-07-28 08:41:08",94
"2018-07-28 09:41:08",94
"2018-07-28 10:41:08",94
"2018-07-28 11:41:08",94
"2018-07-28 12:41:08",94
"2018-07-28 13:41:08",94
"2018-07-28 14:41:08",94
"2018-07-28 15:41:09",94
"2018-07-28 16:41:09",94
"2018-07-28 17:41:09",94
"2018-07-28 18:41:09",94
"2018-07-28 19:41:17",94
"2018-07-28 20:41:10",94
"2018-07-28 21:41:08",94
"2018-07-28 22:41:09",94
"2018-07-28 23:41:09",94
"2018-07-29 00:41:08",94
"2018-07-29 01:41:09",94
"2018-07-29 02:41:09",94
"2018-07-29 03:41:08",94
"2018-07-29 04:41:09",94
"2018-07-29 05:41:09",94
"2018-07-29 06:41:09",94
"2018-07-29 07:41:08",94
"2018-07-29 08:41:08",94
"2018-07-29 09:41:08",94
"2018-07-29 10:41:08",94
"2018-07-29 11:41:08",94
"2018-07-29 12:41:09",94
"2018-07-29 13:41:09",94
"2018-07-29 14:41:09",94
"2018-07-29 15:41:07",94
"2018-07-29 16:41:09",94
"2018-07-29 17:41:09",94
"2018-07-29 18:41:08",94
"2018-07-29 19:41:09",94
"2018-07-29 20:41:09",94
"2018-07-29 21:41:09",94
"2018-07-29 22:41:09",94
"2018-07-29 23:41:09",94
"2018-07-30 00:41:08",94
"2018-07-30 01:41:08",94
"2018-07-30 02:41:08",94
"2018-07-30 03:41:09",94
"2018-07-30 04:41:09",94
"2018-07-30 05:41:08",94
"2018-07-30 06:41:07",94
"2018-07-30 07:41:08",94
"2018-07-30 08:41:08",94
"2018-07-30 09:41:09",94
"2018-07-30 10:41:08",94
"2018-07-30 11:41:08",94
"2018-07-30 12:41:08",94
"2018-07-30 13:41:12",94
"2018-07-30 14:41:10",93
"2018-07-30 15:41:08",93
"2018-07-30 16:41:08",93
"2018-07-30 17:41:09",93
"2018-07-30 18:41:08",93
"2018-07-30 19:41:09",93
"2018-07-30 20:41:08",93
"2018-07-30 21:41:08",93
"2018-07-30 22:41:09",93
"2018-07-30 23:41:08",93
"2018-07-31 00:41:09",93
"2018-07-31 01:41:09",93
"2018-07-31 02:41:08",93
"2018-07-31 03:41:08",93
"2018-07-31 04:41:08",93
"2018-07-31 05:41:09",93
"2018-07-31 06:41:08",93
"2018-07-31 07:41:09",93
"2018-07-31 08:41:20",93
"2018-07-31 09:48:04",93
"2018-07-31 10:41:08",93
"2018-07-31 11:41:08",93
"2018-07-31 12:41:08",93
"2018-07-31 13:41:11",93
"2018-07-31 14:41:09",93
"2018-07-31 15:41:09",91
"2018-07-31 16:41:09",91
"2018-07-31 17:41:08",91
"2018-07-31 18:41:09",91
"2018-07-31 19:41:09",90
"2018-07-31 20:41:09",90
"2018-07-31 21:41:08",90
"2018-07-31 22:41:08",90
"2018-07-31 23:41:09",90
"2018-08-01 00:41:09",90
"2018-08-01 01:41:08",90
"2018-08-01 02:41:08",90
"2018-08-01 03:41:08",90
"2018-08-01 04:41:09",90
"2018-08-01 05:41:09",90
"2018-08-01 06:41:09",90
"2018-08-01 07:41:08",90
"2018-08-01 08:41:09",90
"2018-08-01 09:41:08",90
"2018-08-01 10:41:08",90
"2018-08-01 11:41:09",90
"2018-08-01 12:41:08",90
"2018-08-01 14:06:14",91
"2018-08-01 14:41:10",91
"2018-08-01 15:41:10",91
"2018-08-01 16:41:10",91
"2018-08-01 17:41:10",90
"2018-08-01 18:41:09",92
"2018-08-01 19:41:10",92
"2018-08-01 20:41:09",92
"2018-08-01 21:41:09",91
"2018-08-01 22:41:09",91
"2018-08-01 23:41:09",91
"2018-08-02 00:41:10",91
"2018-08-02 01:41:09",91
"2018-08-02 02:41:10",91
"2018-08-02 03:41:09",91
"2018-08-02 04:41:10",91
"2018-08-02 05:41:10",91
"2018-08-02 06:41:09",91
"2018-08-02 07:41:09",91
"2018-08-02 08:41:09",91
"2018-08-02 09:41:10",91
"2018-08-02 10:41:10",91
"2018-08-02 11:41:09",91
"2018-08-02 12:41:09",91
"2018-08-02 13:41:10",91
"2018-08-02 14:41:10",92
"2018-08-02 15:41:11",92
"2018-08-02 16:41:09",93
"2018-08-02 17:41:09",93
"2018-08-02 18:41:09",95
"2018-08-02 19:41:10",94
"2018-08-02 20:41:10",93
"2018-08-02 21:41:09",93
"2018-08-02 22:41:09",93
"2018-08-02 23:41:09",93
"2018-08-03 00:41:10",93
"2018-08-03 01:41:10",93
"2018-08-03 02:41:10",93
"2018-08-03 03:41:10",93
"2018-08-03 04:41:10",93
"2018-08-03 05:41:10",93
"2018-08-03 06:41:10",93
"2018-08-03 07:41:09",93
"2018-08-03 08:41:09",93
"2018-08-03 09:41:10",93
"2018-08-03 10:41:10",93
"2018-08-03 11:42:06",93
"2018-08-03 13:06:08",93
"2018-08-03 13:41:10",93
"2018-08-03 14:41:10",93
"2018-08-03 15:41:09",92
"2018-08-03 16:41:10",92
"2018-08-03 17:41:10",92
"2018-08-03 18:41:10",92
"2018-08-03 19:41:10",92
"2018-08-03 20:41:09",91
"2018-08-03 21:41:09",91
"2018-08-03 22:41:09",91
"2018-08-03 23:41:09",91
"2018-08-04 00:41:09",91
"2018-08-04 01:41:09",91
"2018-08-04 02:41:09",91
"2018-08-04 03:41:09",91
"2018-08-04 04:41:09",91
"2018-08-04 05:41:09",91
"2018-08-04 06:41:09",91
"2018-08-04 07:41:10",91
"2018-08-04 08:41:09",91
"2018-08-04 09:41:10",91
"2018-08-04 10:41:09",91
"2018-08-04 11:41:09",91
"2018-08-04 12:41:09",91
"2018-08-04 13:41:10",91
"2018-08-04 14:41:09",91
"2018-08-04 15:41:09",91
"2018-08-04 16:41:09",91
"2018-08-04 17:41:10",91
"2018-08-04 18:41:10",91
"2018-08-04 19:41:10",91
"2018-08-04 20:41:09",91
"2018-08-04 21:41:09",91
"2018-08-04 22:41:09",91
"2018-08-04 23:41:10",91
"2018-08-05 00:41:09",91
"2018-08-05 01:41:09",91
"2018-08-05 02:41:10",91
"2018-08-05 03:41:09",91
"2018-08-05 04:41:09",91
"2018-08-05 05:41:09",91
"2018-08-05 06:41:10",91
"2018-08-05 07:41:09",91
"2018-08-05 08:41:09",91
"2018-08-05 09:41:09",91
"2018-08-05 10:41:09",91
"2018-08-05 11:41:09",91
"2018-08-05 12:41:09",91
"2018-08-05 13:41:09",91
"2018-08-05 14:41:09",91
"2018-08-05 15:41:09",91
"2018-08-05 16:41:10",91
"2018-08-05 17:41:09",91
"2018-08-05 18:41:09",91
"2018-08-05 19:41:10",91
"2018-08-05 20:41:09",91
"2018-08-05 21:41:10",91
"2018-08-05 22:41:09",91
"2018-08-05 23:41:09",91
"2018-08-06 00:41:09",91
"2018-08-06 01:41:09",91
"2018-08-06 02:41:09",91
"2018-08-06 03:41:09",91
"2018-08-06 04:41:09",91
"2018-08-06 05:41:09",91
"2018-08-06 06:41:09",91
"2018-08-06 07:41:10",91
"2018-08-06 08:41:10",91
"2018-08-06 09:41:09",91
"2018-08-06 10:41:09",91
"2018-08-06 11:41:09",91
"2018-08-06 12:41:09",91
"2018-08-06 13:41:11",91
"2018-08-06 14:41:10",92
"2018-08-06 15:41:09",92
"2018-08-06 16:41:24",91
"2018-08-06 17:41:11",91
"2018-08-06 18:41:11",91
"2018-08-06 19:41:09",91
"2018-08-06 20:41:09",92
"2018-08-06 21:41:11",92
"2018-08-06 22:41:09",92
"2018-08-06 23:41:10",92
"2018-08-07 00:41:10",92
"2018-08-07 01:41:10",92
"2018-08-07 02:41:10",92
"2018-08-07 03:41:10",92
"2018-08-07 04:41:10",92
"2018-08-07 05:41:10",92
"2018-08-07 06:41:09",92
"2018-08-07 07:41:10",92
"2018-08-07 08:41:10",92
"2018-08-07 09:41:09",92
"2018-08-07 10:41:09",92
"2018-08-07 11:41:10",92
"2018-08-07 12:41:10",92
"2018-08-07 13:41:12",92
"2018-08-07 14:41:09",92
"2018-08-07 15:41:09",92
"2018-08-07 16:41:09",92
"2018-08-07 17:41:10",93
"2018-08-07 18:41:10",94
"2018-08-07 19:41:10",92
"2018-08-07 20:41:09",92
"2018-08-07 21:41:10",92
"2018-08-07 22:41:10",92
"2018-08-07 23:41:10",92
"2018-08-08 00:41:09",92
"2018-08-08 01:41:11",92
"2018-08-08 02:41:10",92
"2018-08-08 03:41:10",92
"2018-08-08 04:41:09",92
"2018-08-08 05:41:10",92
"2018-08-08 06:41:09",92
"2018-08-08 07:41:10",92
"2018-08-08 08:41:10",92
"2018-08-08 09:41:10",92
"2018-08-08 10:41:10",92
"2018-08-08 11:41:10",92
"2018-08-08 12:41:10",92
"2018-08-08 13:41:10",92
"2018-08-08 14:41:10",92
"2018-08-08 15:41:10",93
"2018-08-08 16:41:10",93
"2018-08-08 17:41:09",93
"2018-08-08 18:41:09",93
"2018-08-08 19:41:09",94
"2018-08-08 20:41:09",95
"2018-08-08 21:41:09",95
"2018-08-08 22:41:09",95
"2018-08-08 23:41:09",95
"2018-08-10 00:19:27",93
"2018-08-10 00:41:12",93
"2018-08-10 01:41:12",93
"2018-08-10 02:41:12",93
"2018-08-10 03:41:10",93
"2018-08-10 04:41:11",93
"2018-08-10 05:41:16",93
"2018-08-10 06:41:14",93
"2018-08-10 07:41:15",93
"2018-08-10 08:41:15",93
"2018-08-10 09:41:14",93
"2018-08-10 10:41:14",93
"2018-08-10 11:41:14",93
"2018-08-10 12:41:13",93
"2018-08-10 13:41:16",93
"2018-08-10 14:41:15",93
"2018-08-10 15:41:15",94
"2018-08-10 16:41:16",94
"2018-08-10 17:41:15",93
"2018-08-10 18:41:14",93
"2018-08-10 19:41:15",93
"2018-08-10 20:41:14",93
"2018-08-10 21:41:15",93
"2018-08-10 22:41:14",93
"2018-08-10 23:41:15",93
"2018-08-11 00:41:14",93
"2018-08-11 01:41:15",93
"2018-08-11 02:41:15",93
"2018-08-11 03:41:15",93
"2018-08-11 04:41:14",93
"2018-08-11 05:41:15",93
"2018-08-11 06:41:14",93
"2018-08-11 07:41:14",93
"2018-08-11 08:41:14",93
"2018-08-11 09:41:14",93
"2018-08-11 10:41:14",93
"2018-08-11 11:41:14",93
"2018-08-11 12:41:14",93
"2018-08-11 13:41:14",93
"2018-08-11 14:41:14",93
"2018-08-11 15:41:15",93
"2018-08-11 16:41:14",93
"2018-08-11 17:41:14",93
"2018-08-11 18:41:15",93
"2018-08-11 19:41:14",93
"2018-08-11 20:41:14",93
"2018-08-11 21:41:14",93
"2018-08-11 22:41:15",93
"2018-08-11 23:41:15",93
"2018-08-12 00:41:14",93
"2018-08-12 01:41:14",93
"2018-08-12 02:41:14",93
"2018-08-12 03:41:14",93
"2018-08-12 04:41:15",93
"2018-08-12 05:41:14",93
"2018-08-12 06:41:14",93
"2018-08-12 07:41:14",93
"2018-08-12 08:41:14",93
"2018-08-12 09:41:14",93
"2018-08-12 10:41:14",93
"2018-08-12 11:41:14",93
"2018-08-12 12:41:14",93
"2018-08-12 13:41:15",93
"2018-08-12 14:41:15",93
"2018-08-12 15:41:15",93
"2018-08-12 16:41:15",93
"2018-08-12 17:41:15",93
"2018-08-12 18:41:14",93
"2018-08-12 19:41:15",93
"2018-08-12 20:41:15",93
"2018-08-12 21:41:14",93
"2018-08-12 22:41:14",93
"2018-08-12 23:41:15",93
"2018-08-13 00:41:14",93
"2018-08-13 01:41:15",93
"2018-08-13 02:41:15",93
"2018-08-13 03:41:14",93
"2018-08-13 04:41:15",93
"2018-08-13 05:41:14",93
"2018-08-13 06:41:15",93
"2018-08-13 07:41:15",93
"2018-08-13 08:41:15",93
"2018-08-13 09:41:15",93
"2018-08-13 10:41:14",93
"2018-08-13 11:41:14",93
"2018-08-13 12:41:14",93
"2018-08-13 13:41:16",93
"2018-08-13 14:41:15",93
"2018-08-13 15:41:16",93
"2018-08-13 16:41:15",93
"2018-08-13 17:41:14",93
"2018-08-13 18:41:15",93
"2018-08-13 19:41:16",93
"2018-08-13 20:41:15",92
"2018-08-13 21:41:15",92
"2018-08-13 22:41:14",92
"2018-08-13 23:41:15",92
"2018-08-14 00:41:14",92
"2018-08-14 01:41:16",92
"2018-08-14 02:41:14",92
"2018-08-14 03:41:14",92
"2018-08-14 04:41:15",92
"2018-08-14 05:41:14",92
"2018-08-14 06:41:15",92
"2018-08-14 07:41:15",92
"2018-08-14 08:41:15",92
"2018-08-14 09:41:14",92
"2018-08-14 10:41:15",92
"2018-08-14 11:41:14",92
"2018-08-14 12:41:14",92
"2018-08-14 13:41:16",92
"2018-08-14 14:41:15",92
"2018-08-14 15:41:15",92
"2018-08-14 16:41:15",93
"2018-08-14 17:41:14",93
"2018-08-14 18:41:15",94
"2018-08-14 19:41:15",94
"2018-08-14 20:41:15",94
"2018-08-14 21:41:14",94
"2018-08-14 22:41:15",94
"2018-08-14 23:41:14",94
"2018-08-15 00:41:14",94
"2018-08-15 01:41:15",94
"2018-08-15 02:41:15",94
"2018-08-15 03:41:15",94
"2018-08-15 04:41:15",94
"2018-08-15 05:41:14",94
"2018-08-15 06:41:15",94
"2018-08-15 07:41:14",94
"2018-08-15 08:41:15",94
"2018-08-15 09:41:15",94
"2018-08-15 10:41:15",94
"2018-08-15 11:41:15",94
"2018-08-15 12:41:14",94
"2018-08-15 14:06:49",95
"2018-08-15 14:41:15",95
"2018-08-15 15:41:15",95
"2018-08-15 16:41:16",95
"2018-08-15 17:41:14",95
"2018-08-15 18:41:14",95
"2018-08-15 19:41:14",95
"2018-08-15 20:41:14",95
"2018-08-15 21:41:14",95
"2018-08-15 22:41:14",95
"2018-08-15 23:41:15",95
"2018-08-16 00:41:15",95
"2018-08-16 01:41:14",95
"2018-08-16 02:41:15",95
"2018-08-16 03:41:16",95
"2018-08-16 04:41:15",95
"2018-08-16 05:41:14",95
"2018-08-16 06:41:14",95
"2018-08-16 07:41:15",95
"2018-08-16 08:41:14",95
"2018-08-16 09:41:14",95
"2018-08-16 10:41:15",95
"2018-08-16 11:41:14",95
"2018-08-16 12:41:15",95
"2018-08-16 13:41:16",94
"2018-08-16 14:41:15",95
"2018-08-16 15:41:16",96
"2018-08-16 16:41:15",96
"2018-08-16 17:41:15",96
"2018-08-16 18:41:14",97
"2018-08-16 19:41:15",97
"2018-08-16 20:41:15",97
"2018-08-16 21:41:15",97
"2018-08-16 22:41:15",97
"2018-08-16 23:41:15",97
"2018-08-17 00:41:15",97
"2018-08-17 01:41:15",97
"2018-08-17 02:41:15",97
"2018-08-17 03:41:16",97
"2018-08-17 04:41:16",97
"2018-08-17 05:41:14",97
"2018-08-17 06:41:14",97
"2018-08-17 07:41:14",97
"2018-08-17 08:41:15",97
"2018-08-17 09:41:15",97
"2018-08-17 10:41:14",97
"2018-08-17 11:41:15",97
"2018-08-17 12:41:14",97
"2018-08-17 13:41:15",97
"2018-08-17 14:41:16",97
"2018-08-17 15:41:16",98
"2018-08-17 16:41:15",98
"2018-08-17 17:41:14",98
"2018-08-17 18:41:15",97
"2018-08-17 19:41:15",97
"2018-08-17 20:41:14",97
"2018-08-17 21:41:14",97
"2018-08-17 22:41:15",97
"2018-08-17 23:41:14",97
"2018-08-18 00:41:15",97
"2018-08-18 01:41:15",97
"2018-08-18 02:41:15",97
"2018-08-18 03:41:15",97
"2018-08-18 04:41:15",97
"2018-08-18 05:41:15",97
"2018-08-18 06:41:15",97
"2018-08-18 07:41:14",97
"2018-08-18 08:41:15",97
"2018-08-18 09:41:15",97
"2018-08-18 10:41:14",97
"2018-08-18 11:41:15",97
"2018-08-18 12:41:15",97
"2018-08-18 13:41:15",97
"2018-08-18 14:41:15",97
"2018-08-18 15:41:16",97
"2018-08-18 16:41:15",97
"2018-08-18 17:41:15",97
"2018-08-18 18:41:14",97
"2018-08-18 19:41:15",97
"2018-08-18 20:41:16",97
"2018-08-18 21:41:14",97
"2018-08-18 22:41:14",97
"2018-08-18 23:41:14",97
"2018-08-19 00:41:15",97
"2018-08-19 01:41:14",97
"2018-08-19 02:41:14",97
"2018-08-19 03:41:14",97
"2018-08-19 04:41:15",97
"2018-08-19 05:41:14",97
"2018-08-19 06:41:14",97
"2018-08-19 07:41:14",97
"2018-08-19 08:41:15",97
"2018-08-19 09:41:14",97
"2018-08-19 10:41:14",97
"2018-08-19 11:41:14",97
"2018-08-19 12:41:15",97
"2018-08-19 13:41:14",97
"2018-08-19 14:41:14",97
"2018-08-19 15:41:15",97
"2018-08-19 16:41:14",97
"2018-08-19 17:41:15",97
"2018-08-19 18:41:15",97
"2018-08-19 19:41:14",97
"2018-08-19 20:41:15",97
"2018-08-19 21:41:16",97
"2018-08-19 22:41:15",97
"2018-08-19 23:41:15",97
"2018-08-20 00:41:15",97
"2018-08-20 01:41:15",97
"2018-08-20 02:41:15",97
"2018-08-20 03:41:14",97
"2018-08-20 04:41:15",97
"2018-08-20 05:41:14",97
"2018-08-20 06:41:15",97
"2018-08-20 07:41:14",97
"2018-08-20 08:41:18",97
"2018-08-20 09:41:14",97
"2018-08-20 10:41:15",97
"2018-08-20 11:41:15",97
"2018-08-20 12:41:14",97
"2018-08-20 13:41:16",97
"2018-08-20 14:41:17",97
"2018-08-20 15:41:16",97
"2018-08-20 16:41:16",97
"2018-08-20 17:41:15",97
"2018-08-20 18:41:15",97
"2018-08-20 19:41:15",97
"2018-08-20 20:41:15",97
"2018-08-20 21:41:14",97
"2018-08-20 22:41:15",97
"2018-08-20 23:41:14",97
"2018-08-21 00:41:15",97
"2018-08-21 01:41:15",97
"2018-08-21 02:41:15",97
"2018-08-21 03:41:15",97
"2018-08-21 04:41:15",97
"2018-08-21 05:41:14",97
"2018-08-21 06:41:15",97
"2018-08-21 07:41:14",97
"2018-08-21 08:41:15",97
"2018-08-21 09:41:15",97
"2018-08-21 10:41:15",97
"2018-08-21 11:41:14",97
"2018-08-21 12:41:15",97
"2018-08-21 13:41:17",97
"2018-08-21 14:41:15",98
"2018-08-21 15:41:15",98
"2018-08-21 16:41:15",98
"2018-08-21 17:41:14",98
"2018-08-21 18:41:14",98
"2018-08-21 19:41:14",98
"2018-08-21 20:41:14",98
"2018-08-21 21:41:13",98
"2018-08-21 22:41:15",98
"2018-08-21 23:41:14",98
"2018-08-22 00:41:14",98
"2018-08-22 01:41:14",98
"2018-08-22 02:41:15",98
"2018-08-22 03:41:15",98
"2018-08-22 04:41:15",98
"2018-08-22 05:41:14",98
"2018-08-22 06:41:14",98
"2018-08-22 07:41:14",98
"2018-08-22 08:41:13",98
"2018-08-22 09:41:14",98
"2018-08-22 10:41:14",98
"2018-08-22 11:41:14",98
"2018-08-22 12:41:13",98
"2018-08-22 13:41:17",98
"2018-08-22 14:41:13",97
"2018-08-22 15:41:14",96
"2018-08-22 16:41:14",95
"2018-08-22 17:41:13",95
"2018-08-22 18:41:15",95
"2018-08-22 19:41:15",95
"2018-08-22 20:41:13",95
"2018-08-22 21:41:13",95
"2018-08-22 22:41:14",95
"2018-08-22 23:41:14",95
"2018-08-23 00:41:14",95
"2018-08-23 01:41:14",95
"2018-08-23 02:41:14",95
"2018-08-23 03:41:15",95
"2018-08-23 04:41:14",95
"2018-08-23 05:41:14",95
"2018-08-23 06:41:13",95
"2018-08-23 07:41:14",95
"2018-08-23 08:41:14",95
"2018-08-23 09:41:14",95
"2018-08-23 10:41:13",95
"2018-08-23 11:41:14",95
"2018-08-23 12:41:14",95
"2018-08-23 13:41:17",95
"2018-08-23 14:41:14",94
"2018-08-23 15:41:15",94
"2018-08-23 16:41:15",94
"2018-08-23 17:41:14",95
"2018-08-23 18:41:15",95
"2018-08-23 19:41:14",95
"2018-08-23 20:41:14",95
"2018-08-23 21:41:13",95
"2018-08-23 22:41:14",95
"2018-08-23 23:41:14",95
"2018-08-24 00:41:14",95
"2018-08-24 01:41:14",95
"2018-08-24 02:41:13",95
"2018-08-24 03:41:13",95
"2018-08-24 19:59:32",94
"2018-08-24 20:41:15",94
"2018-08-24 21:41:15",94
"2018-08-24 22:41:14",94
"2018-08-24 23:41:13",94
"2018-08-25 00:41:14",94
"2018-08-25 01:41:14",94
"2018-08-25 02:41:14",94
"2018-08-25 03:41:14",94
"2018-08-25 04:41:14",94
"2018-08-25 05:41:14",94
"2018-08-25 06:41:14",94
"2018-08-25 07:41:13",94
"2018-08-25 08:41:14",94
"2018-08-25 09:41:13",94
"2018-08-25 10:41:14",94
"2018-08-25 11:41:13",94
"2018-08-25 12:41:14",94
"2018-08-25 13:41:15",94
"2018-08-25 14:41:14",94
"2018-08-25 15:41:14",94
"2018-08-25 16:41:14",94
"2018-08-25 17:41:15",94
"2018-08-25 18:41:14",94
"2018-08-25 19:41:14",94
"2018-08-25 20:41:14",94
"2018-08-25 21:41:14",94
"2018-08-25 22:41:14",94
"2018-08-25 23:41:14",94
"2018-08-26 00:41:15",94
"2018-08-26 01:41:14",94
"2018-08-26 02:41:14",94
"2018-08-26 03:41:14",94
"2018-08-26 04:41:13",94
"2018-08-26 05:41:13",94
"2018-08-26 06:41:14",94
"2018-08-26 07:41:14",94
"2018-08-26 08:41:14",94
"2018-08-26 09:41:14",94
"2018-08-26 10:41:14",94
"2018-08-26 11:41:14",94
"2018-08-26 12:41:14",94
"2018-08-26 13:41:14",94
"2018-08-26 14:41:13",94
"2018-08-26 15:41:13",94
"2018-08-26 16:41:14",94
"2018-08-26 17:41:13",94
"2018-08-26 18:41:13",94
"2018-08-26 19:41:14",94
"2018-08-26 20:41:14",94
"2018-08-26 21:41:13",94
"2018-08-26 22:41:13",94
"2018-08-26 23:41:14",94
"2018-08-27 00:41:14",94
"2018-08-27 01:41:14",94
"2018-08-27 02:41:14",94
"2018-08-27 03:41:14",94
"2018-08-27 04:41:14",94
"2018-08-27 05:41:14",94
"2018-08-27 06:41:14",94
"2018-08-27 07:41:14",94
"2018-08-27 08:41:14",94
"2018-08-27 09:41:14",94
"2018-08-27 10:41:14",94
"2018-08-27 11:41:14",94
"2018-08-27 12:41:14",94
"2018-08-27 14:05:16",95
"2018-08-27 14:41:14",95
"2018-08-27 15:41:14",95
"2018-08-27 16:41:15",95
"2018-08-27 17:41:14",95
"2018-08-27 18:41:15",95
"2018-08-27 19:41:15",95
"2018-08-27 20:41:14",95
"2018-08-27 21:41:15",95
"2018-08-27 22:41:14",95
"2018-08-27 23:41:14",95
"2018-08-28 00:41:14",95
"2018-08-28 01:41:14",95
"2018-08-28 02:41:13",95
"2018-08-28 03:41:13",95
"2018-08-28 04:41:14",95
"2018-08-28 05:41:14",95
"2018-08-28 06:41:14",95
"2018-08-28 07:41:13",95
"2018-08-28 08:41:13",95
"2018-08-28 09:41:14",95
"2018-08-28 10:41:14",95
"2018-08-28 11:41:14",95
"2018-08-28 12:41:14",95
"2018-08-28 13:41:28",95
"2018-08-28 14:41:26",96
"2018-08-28 15:41:27",96
"2018-08-28 16:41:27",97
"2018-08-28 17:41:27",98
"2018-08-28 18:41:28",98
"2018-08-28 19:41:26",97
"2018-08-28 20:41:27",98
"2018-08-28 21:41:27",98
"2018-08-28 22:41:27",98
"2018-08-28 23:41:26",98
"2018-08-29 00:41:27",98
"2018-08-29 01:41:27",98
"2018-08-29 02:41:26",98
"2018-08-29 03:41:26",98
"2018-08-29 04:41:27",98
"2018-08-29 05:41:26",98
"2018-08-29 06:41:26",98
"2018-08-29 07:41:26",98
"2018-08-29 08:41:26",98
"2018-08-29 09:41:26",98
"2018-08-29 10:41:26",98
"2018-08-29 11:41:26",98
"2018-08-29 12:41:27",98
"2018-08-29 14:05:02",98
"2018-08-29 14:41:27",98
"2018-08-29 15:41:27",98
"2018-08-29 16:41:26",98
"2018-08-29 17:41:28",98
"2018-08-29 18:41:29",98
"2018-08-29 19:41:27",99
"2018-08-29 20:41:26",101
"2018-08-29 21:41:26",101
"2018-08-29 22:41:26",101
"2018-08-29 23:41:27",101
"2018-08-30 00:42:12",101
"2018-08-30 01:41:26",101
"2018-08-30 02:41:27",101
"2018-08-30 03:41:27",101
"2018-08-30 04:41:26",101
"2018-08-30 05:41:27",101
"2018-08-30 06:41:27",101
"2018-08-30 07:41:26",101
"2018-08-30 08:41:31",101
"2018-08-30 09:41:26",101
"2018-08-30 10:41:27",101
"2018-08-30 11:41:27",101
"2018-08-30 12:41:26",101
"2018-08-30 13:41:30",101
"2018-08-30 14:41:27",102
"2018-08-30 15:41:26",106
"2018-08-30 16:41:26",106
"2018-08-30 17:41:26",107
"2018-08-30 18:41:28",108
"2018-08-30 19:41:27",108
"2018-08-30 20:41:25",108
"2018-08-30 21:41:26",108
"2018-08-30 22:41:26",108
"2018-08-30 23:41:27",108
"2018-08-31 00:41:28",108
"2018-08-31 01:41:26",108
"2018-08-31 02:41:26",108
"2018-08-31 03:41:27",108
"2018-08-31 04:41:26",108
"2018-08-31 05:41:26",108
"2018-08-31 06:41:27",108
"2018-08-31 07:41:26",108
"2018-08-31 08:41:26",108
"2018-08-31 09:41:27",108
"2018-08-31 10:41:26",108
"2018-08-31 11:41:27",108
"2018-08-31 12:41:27",108
"2018-08-31 13:41:28",108
"2018-08-31 14:41:27",107
"2018-08-31 15:41:27",107
"2018-08-31 16:41:26",107
"2018-08-31 17:41:27",108
"2018-08-31 18:41:27",108
"2018-08-31 19:41:27",108
"2018-08-31 20:41:28",108
"2018-08-31 21:41:26",108
"2018-08-31 22:41:26",108
"2018-08-31 23:41:26",108
"2018-09-01 00:41:26",108
"2018-09-01 01:41:27",108
"2018-09-01 02:41:27",108
"2018-09-01 03:41:27",108
"2018-09-01 04:41:27",108
"2018-09-01 05:41:27",108
"2018-09-01 06:41:27",108
"2018-09-01 07:41:27",108
"2018-09-01 08:41:27",108
"2018-09-01 09:41:27",108
"2018-09-01 10:41:27",108
"2018-09-01 11:41:26",108
"2018-09-01 12:41:27",108
"2018-09-01 13:41:27",108
"2018-09-01 14:41:27",108
"2018-09-01 15:41:27",108
"2018-09-01 16:41:26",108
"2018-09-01 17:41:26",108
"2018-09-01 18:41:27",108
"2018-09-01 19:41:26",108
"2018-09-01 20:41:26",108
"2018-09-01 21:41:26",108
"2018-09-01 22:41:27",108
"2018-09-01 23:41:26",108
"2018-09-02 00:41:26",108
"2018-09-02 01:41:26",108
"2018-09-02 02:41:27",108
"2018-09-02 03:41:27",108
"2018-09-02 04:41:27",108
"2018-09-02 05:41:27",108
"2018-09-02 06:41:26",108
"2018-09-02 07:41:26",108
"2018-09-02 08:41:27",108
"2018-09-02 09:41:26",108
"2018-09-02 10:41:26",108
"2018-09-02 11:41:27",108
"2018-09-02 12:41:27",108
"2018-09-02 13:41:27",108
"2018-09-02 14:41:27",108
"2018-09-02 15:41:27",108
"2018-09-02 16:41:27",108
"2018-09-02 17:41:27",108
"2018-09-02 18:41:26",108
"2018-09-02 19:41:26",108
"2018-09-02 20:41:26",108
"2018-09-02 21:41:27",108
"2018-09-02 22:41:27",108
"2018-09-02 23:41:27",108
"2018-09-03 00:41:26",108
"2018-09-03 01:41:27",108
"2018-09-03 02:41:27",108
"2018-09-03 03:41:26",108
"2018-09-03 04:41:27",108
"2018-09-03 05:41:26",108
"2018-09-03 06:41:27",108
"2018-09-03 07:41:27",108
"2018-09-03 08:41:30",108
"2018-09-03 09:41:27",108
"2018-09-03 10:41:26",108
"2018-09-03 11:41:27",108
"2018-09-03 12:41:26",108
"2018-09-03 13:41:27",108
"2018-09-03 14:41:26",108
"2018-09-03 15:41:26",108
"2018-09-03 16:41:27",108
"2018-09-03 17:41:26",108
"2018-09-03 18:41:27",108
"2018-09-03 19:41:26",108
"2018-09-03 20:41:27",108
"2018-09-03 21:41:26",108
"2018-09-03 22:41:27",108
"2018-09-03 23:41:26",108
"2018-09-04 00:41:27",108
"2018-09-04 01:41:27",108
"2018-09-04 02:41:26",108
"2018-09-04 03:41:27",108
"2018-09-04 04:41:26",108
"2018-09-04 05:41:26",108
"2018-09-04 06:41:26",108
"2018-09-04 07:41:27",108
"2018-09-04 08:41:27",108
"2018-09-04 09:41:26",108
"2018-09-04 10:41:27",108
"2018-09-04 11:41:26",108
"2018-09-04 12:41:26",108
"2018-09-04 13:41:29",108
"2018-09-04 14:41:27",111
"2018-09-04 15:41:27",111
"2018-09-04 16:41:27",111
"2018-09-04 17:41:27",111
"2018-09-04 18:41:27",112
"2018-09-04 19:41:28",111
"2018-09-04 20:41:27",111
"2018-09-04 21:41:26",111
"2018-09-04 22:41:27",111
"2018-09-04 23:41:26",111
"2018-09-05 00:41:26",111
"2018-09-05 01:41:27",111
"2018-09-05 02:41:27",111
"2018-09-05 03:41:26",111
"2018-09-05 04:41:26",111
"2018-09-05 05:41:26",111
"2018-09-05 06:41:26",111
"2018-09-05 07:41:27",111
"2018-09-05 08:41:27",111
"2018-09-05 09:41:26",111
"2018-09-05 10:41:26",111
"2018-09-05 11:41:30",111
"2018-09-05 12:41:26",111
"2018-09-05 13:41:32",111
"2018-09-05 14:41:28",109
"2018-09-05 15:41:27",109
"2018-09-05 16:41:27",109
"2018-09-05 17:41:28",109
"2018-09-05 18:41:28",109
"2018-09-05 19:41:27",108
"2018-09-05 20:41:27",108
"2018-09-05 21:41:26",108
"2018-09-05 22:41:26",108
"2018-09-05 23:41:27",108
"2018-09-06 00:41:27",108
"2018-09-06 01:41:27",108
"2018-09-06 02:41:26",108
"2018-09-06 03:41:27",108
"2018-09-06 04:41:27",108
"2018-09-06 05:41:27",108
"2018-09-06 06:41:27",108
"2018-09-06 07:41:26",108
"2018-09-06 08:41:27",108
"2018-09-06 09:41:26",108
"2018-09-06 10:41:26",108
"2018-09-06 11:41:27",108
"2018-09-06 13:06:30",108
"2018-09-06 13:41:30",108
"2018-09-06 14:41:27",109
"2018-09-06 15:41:27",109
"2018-09-06 16:41:27",108
"2018-09-06 17:41:27",108
"2018-09-06 18:41:27",110
"2018-09-06 19:41:27",110
"2018-09-06 20:41:26",111
"2018-09-06 21:41:25",112
"2018-09-06 22:41:26",112
"2018-09-06 23:41:28",112
"2018-09-07 00:41:27",112
"2018-09-07 01:41:27",112
"2018-09-07 02:41:27",112
"2018-09-07 03:41:27",112
"2018-09-07 04:41:26",112
"2018-09-07 05:41:28",112
"2018-09-07 06:41:28",112
"2018-09-07 08:41:27",112
"2018-09-07 09:41:27",112
"2018-09-07 10:41:28",112
"2018-09-07 11:41:27",112
"2018-09-07 12:41:26",112
"2018-09-07 13:41:29",112
"2018-09-07 14:41:27",112
"2018-09-07 15:41:27",112
"2018-09-07 16:41:28",112
"2018-09-07 17:41:27",112
"2018-09-07 18:41:26",112
"2018-09-07 19:41:26",112
"2018-09-07 20:41:26",112
"2018-09-07 21:41:26",112
"2018-09-07 22:41:26",112
"2018-09-07 23:41:27",112
"2018-09-08 00:41:27",112
"2018-09-08 01:41:26",112
"2018-09-08 02:41:27",112
"2018-09-08 03:41:27",112
"2018-09-08 04:41:26",112
"2018-09-08 05:41:26",112
"2018-09-08 06:41:27",112
"2018-09-08 07:41:26",112
"2018-09-08 08:41:26",112
"2018-09-08 09:41:26",112
"2018-09-08 10:41:26",112
"2018-09-08 11:41:26",112
"2018-09-08 12:41:27",112
"2018-09-08 13:41:27",112
"2018-09-08 14:41:26",112
"2018-09-08 15:41:27",112
"2018-09-08 16:41:27",112
"2018-09-08 17:41:27",112
"2018-09-08 18:41:27",112
"2018-09-08 19:41:27",112
"2018-09-08 20:41:26",112
"2018-09-08 21:41:26",112
"2018-09-08 22:41:27",112
"2018-09-08 23:41:27",112
"2018-09-09 00:41:26",112
"2018-09-09 01:41:27",112
"2018-09-09 02:41:27",112
"2018-09-09 03:41:26",112
"2018-09-09 04:41:26",112
"2018-09-09 05:41:26",112
"2018-09-09 06:41:27",112
"2018-09-09 07:41:26",112
"2018-09-09 08:41:27",112
"2018-09-09 09:41:26",112
"2018-09-09 10:41:26",112
"2018-09-09 11:41:27",112
"2018-09-09 12:41:27",112
"2018-09-09 13:41:27",112
"2018-09-09 14:41:27",112
"2018-09-09 15:41:26",112
"2018-09-09 16:41:26",112
"2018-09-09 17:41:26",112
"2018-09-09 18:41:27",112
"2018-09-09 19:41:27",112
"2018-09-09 20:41:26",112
"2018-09-09 21:41:27",112
"2018-09-09 22:41:26",112
"2018-09-09 23:41:27",112
"2018-09-10 00:41:27",112
"2018-09-10 01:41:28",112
"2018-09-10 02:41:27",112
"2018-09-10 03:41:27",112
"2018-09-10 04:41:27",112
"2018-09-10 05:41:26",112
"2018-09-10 06:41:26",112
"2018-09-10 07:41:26",112
"2018-09-10 08:41:26",112
"2018-09-10 09:41:26",112
"2018-09-10 10:41:26",112
"2018-09-10 11:41:26",112
"2018-09-10 12:41:27",112
"2018-09-10 13:41:29",112
"2018-09-10 14:41:27",111
"2018-09-10 15:41:28",111
"2018-09-10 16:41:28",110
"2018-09-10 17:41:27",110
"2018-09-10 18:41:28",110
"2018-09-10 19:41:26",110
"2018-09-10 20:41:27",109
"2018-09-10 21:41:26",109
"2018-09-10 22:41:27",109
"2018-09-10 23:41:27",109
"2018-09-11 00:41:27",109
"2018-09-11 01:41:27",109
"2018-09-11 02:41:27",109
"2018-09-11 03:41:27",109
"2018-09-11 04:41:26",109
"2018-09-11 05:41:28",109
"2018-09-11 06:41:27",109
"2018-09-11 07:41:27",109
"2018-09-11 08:41:26",109
"2018-09-11 09:41:26",109
"2018-09-11 10:41:26",109
"2018-09-11 11:41:26",109
"2018-09-11 12:41:27",109
"2018-09-11 13:41:29",109
"2018-09-11 14:41:27",109
"2018-09-11 15:41:26",109
"2018-09-11 16:41:27",108
"2018-09-11 17:41:27",108
"2018-09-11 18:41:27",108
"2018-09-11 19:41:27",108
"2018-09-11 20:41:26",108
"2018-09-11 21:41:26",108
"2018-09-11 22:41:26",108
"2018-09-11 23:41:27",108
"2018-09-12 00:41:27",108
"2018-09-12 01:41:27",108
"2018-09-12 20:41:28",108
"2018-09-12 21:41:27",108
"2018-09-12 22:41:27",108
"2018-09-12 23:41:27",108
"2018-09-13 00:41:27",108
"2018-09-13 01:41:27",108
"2018-09-13 02:41:30",108
"2018-09-13 03:41:27",108
"2018-09-13 04:41:27",108
"2018-09-13 05:41:28",108
"2018-09-13 06:41:28",108
"2018-09-13 07:41:27",108
"2018-09-13 08:41:27",108
"2018-09-13 09:41:27",108
"2018-09-13 10:41:27",108
"2018-09-13 11:41:27",108
"2018-09-13 12:41:28",108
"2018-09-13 14:41:28",108
"2018-09-13 15:41:28",108
"2018-09-13 16:41:28",108
"2018-09-13 17:41:27",108
"2018-09-13 18:41:28",107
"2018-09-13 19:41:28",106
"2018-09-13 20:41:28",106
"2018-09-13 21:41:27",106
"2018-09-13 22:41:27",106
"2018-09-13 23:41:27",106
"2018-09-14 00:41:28",106
"2018-09-14 01:41:28",106
"2018-09-14 02:41:28",106
"2018-09-14 03:41:27",106
"2018-09-14 04:41:28",106
"2018-09-14 05:41:28",106
"2018-09-14 06:41:27",106
"2018-09-14 07:41:28",106
"2018-09-14 08:41:28",106
"2018-09-14 09:41:28",106
"2018-09-14 10:41:27",106
"2018-09-14 11:41:27",106
"2018-09-14 12:41:28",106
"2018-09-14 13:41:32",106
"2018-09-14 14:41:31",106
"2018-09-14 15:41:31",108
"2018-09-14 16:41:29",109
"2018-09-14 17:41:30",109
"2018-09-14 18:41:29",109
"2018-09-14 19:41:29",109
"2018-09-14 20:41:29",110
"2018-09-14 21:41:28",110
"2018-09-14 22:41:28",110
"2018-09-14 23:41:29",110
"2018-09-15 00:41:29",110
"2018-09-15 01:41:29",110
"2018-09-15 02:41:29",110
"2018-09-15 03:41:29",110
"2018-09-15 04:41:28",110
"2018-09-15 05:41:28",110
"2018-09-15 06:41:28",110
"2018-09-15 07:41:29",110
"2018-09-15 08:41:28",110
"2018-09-15 09:41:29",110
"2018-09-15 10:41:29",110
"2018-09-15 11:41:28",110
"2018-09-15 12:41:30",110
"2018-09-15 13:41:29",110
"2018-09-15 14:41:28",110
"2018-09-15 15:41:29",110
"2018-09-15 16:41:28",110
"2018-09-15 17:41:28",110
"2018-09-15 18:41:28",110
"2018-09-15 19:41:29",110
"2018-09-15 20:41:29",110
"2018-09-15 21:41:28",110
"2018-09-15 22:41:28",110
"2018-09-15 23:41:28",110
"2018-09-16 00:41:28",110
"2018-09-16 01:41:28",110
"2018-09-16 02:41:29",110
"2018-09-16 03:41:28",110
"2018-09-16 04:41:29",110
"2018-09-16 05:41:29",110
"2018-09-16 06:41:29",110
"2018-09-16 07:41:28",110
"2018-09-16 08:41:28",110
"2018-09-16 09:41:29",110
"2018-09-16 10:41:28",110
"2018-09-16 11:41:29",110
"2018-09-16 12:41:28",110
"2018-09-16 13:41:29",110
"2018-09-16 14:41:29",110
"2018-09-16 15:41:29",110
"2018-09-16 16:41:29",110
"2018-09-16 17:41:28",110
"2018-09-16 18:41:29",110
"2018-09-16 19:41:28",110
"2018-09-16 20:41:29",110
"2018-09-16 21:41:28",110
"2018-09-16 22:41:29",110
"2018-09-16 23:41:28",110
"2018-09-17 00:41:29",110
"2018-09-17 01:41:29",110
"2018-09-17 02:41:29",110
"2018-09-17 03:41:28",110
"2018-09-17 04:41:29",110
"2018-09-17 05:41:28",110
"2018-09-17 06:41:28",110
"2018-09-17 07:41:29",110
"2018-09-17 08:41:29",110
"2018-09-17 09:41:28",110
"2018-09-17 10:41:28",110
"2018-09-17 11:41:27",110
"2018-09-17 12:41:28",110
"2018-09-17 13:41:32",110
"2018-09-17 14:41:29",110
"2018-09-17 15:41:35",110
"2018-09-17 16:41:29",110
"2018-09-17 17:41:28",110
"2018-09-17 18:41:29",110
"2018-09-17 19:41:29",110
"2018-09-17 20:41:29",109
"2018-09-17 21:41:28",109
"2018-09-17 22:41:28",109
"2018-09-17 23:41:28",109
"2018-09-18 00:41:28",109
"2018-09-18 01:41:28",109
"2018-09-18 02:41:28",109
"2018-09-18 03:41:28",109
"2018-09-18 04:41:29",109
"2018-09-18 05:41:29",109
"2018-09-18 06:41:29",109
"2018-09-18 07:41:28",109
"2018-09-18 08:41:29",109
"2018-09-18 09:41:28",109
"2018-09-18 10:41:28",109
"2018-09-18 11:41:28",109
"2018-09-18 12:41:29",109
"2018-09-18 13:41:31",109
"2018-09-18 14:41:29",109
"2018-09-18 15:41:28",109
"2018-09-18 16:41:29",109
"2018-09-18 17:41:30",109
"2018-09-18 18:41:29",109
"2018-09-18 19:41:31",109
"2018-09-18 20:41:29",109
"2018-09-18 21:41:28",109
"2018-09-18 22:41:28",109
"2018-09-18 23:41:29",109
"2018-09-19 00:41:29",109
"2018-09-19 01:41:29",109
"2018-09-19 02:41:29",109
"2018-09-19 03:41:29",109
"2018-09-19 04:41:29",109
"2018-09-19 05:41:29",109
"2018-09-19 06:41:29",109
"2018-09-19 07:41:29",109
"2018-09-19 08:41:28",109
"2018-09-19 09:41:28",109
"2018-09-19 10:41:28",109
"2018-09-19 11:41:28",109
"2018-09-19 12:41:28",109
"2018-09-19 13:42:06",109
"2018-09-19 14:41:32",109
"2018-09-19 15:41:31",109
"2018-09-19 16:41:29",109
"2018-09-19 17:41:29",109
"2018-09-19 18:41:29",109
"2018-09-19 19:41:35",109
"2018-09-19 20:41:29",107
"2018-09-19 21:41:29",107
"2018-09-19 22:41:28",107
"2018-09-19 23:41:29",107
"2018-09-20 00:41:29",107
"2018-09-20 01:41:30",107
"2018-09-20 02:41:30",107
"2018-09-20 03:41:33",107
"2018-09-20 04:41:29",107
"2018-09-20 05:41:29",107
"2018-09-20 06:41:29",107
"2018-09-20 07:41:28",107
"2018-09-20 08:41:30",107
"2018-09-20 09:41:29",107
"2018-09-20 10:41:29",107
"2018-09-20 11:41:28",107
"2018-09-20 13:07:33",107
"2018-09-20 14:41:32",107
"2018-09-20 15:41:30",107
"2018-09-20 16:41:30",107
"2018-09-20 17:41:29",107
"2018-09-20 18:41:29",107
"2018-09-20 19:41:29",106
"2018-09-20 20:41:29",106
"2018-09-20 21:41:28",106
"2018-09-20 22:41:28",106
"2018-09-20 23:41:29",106
"2018-09-21 00:41:30",106
"2018-09-21 01:41:29",106
"2018-09-21 02:41:29",106
"2018-09-21 03:41:29",106
"2018-09-21 04:41:32",106
"2018-09-21 05:41:29",106
"2018-09-21 06:41:29",106
"2018-09-21 07:41:29",106
"2018-09-21 08:41:28",106
"2018-09-21 09:41:28",106
"2018-09-21 10:41:28",106
"2018-09-21 11:41:29",106
"2018-09-21 13:09:03",106
"2018-09-21 13:41:33",106
"2018-09-21 14:41:30",106
"2018-09-21 15:41:31",106
"2018-09-21 16:41:31",105
"2018-09-21 17:41:30",105
"2018-09-21 18:41:30",105
"2018-09-21 19:41:31",105
"2018-09-21 20:41:29",104
"2018-09-21 21:41:29",104
"2018-09-21 22:41:29",104
"2018-09-21 23:41:30",104
"2018-09-22 00:41:29",104
"2018-09-22 01:41:29",104
"2018-09-22 02:41:29",104
"2018-09-22 03:41:30",104
"2018-09-22 04:41:30",104
"2018-09-22 05:41:30",104
"2018-09-22 06:41:29",104
"2018-09-22 07:41:29",104
"2018-09-22 08:41:29",104
"2018-09-22 09:41:29",104
"2018-09-22 10:41:29",104
"2018-09-22 11:41:30",104
"2018-09-22 12:41:29",104
"2018-09-22 13:41:31",104
"2018-09-22 14:41:30",104
"2018-09-22 15:41:30",104
"2018-09-22 16:41:30",104
"2018-09-22 17:41:30",104
"2018-09-22 18:41:30",104
"2018-09-22 19:41:30",104
"2018-09-22 20:41:29",104
"2018-09-22 21:41:29",104
"2018-09-22 22:41:30",104
"2018-09-22 23:41:29",104
"2018-09-23 00:41:30",104
"2018-09-23 01:41:30",104
"2018-09-23 02:41:29",104
"2018-09-23 03:41:30",104
"2018-09-23 04:41:31",104
"2018-09-23 05:41:29",104
"2018-09-23 06:41:29",104
"2018-09-23 07:41:30",104
"2018-09-23 08:41:29",104
"2018-09-23 09:41:29",104
"2018-09-23 10:41:30",104
"2018-09-23 11:41:30",104
"2018-09-23 12:41:29",104
"2018-09-23 13:41:30",104
"2018-09-23 14:41:30",104
"2018-09-23 15:41:30",104
"2018-09-23 16:41:30",104
"2018-09-23 17:41:29",104
"2018-09-23 18:41:30",104
"2018-09-23 19:41:29",104
"2018-09-23 20:41:29",104
"2018-09-23 21:41:30",104
"2018-09-23 22:41:30",104
"2018-09-23 23:41:30",104
"2018-09-24 00:41:29",104
"2018-09-24 01:41:30",104
"2018-09-24 02:41:30",104
"2018-09-24 03:41:29",104
"2018-09-24 04:41:30",104
"2018-09-24 05:41:30",104
"2018-09-24 06:41:29",104
"2018-09-24 07:41:30",104
"2018-09-24 08:41:29",104
"2018-09-24 09:41:29",104
"2018-09-24 10:41:29",104
"2018-09-24 11:41:30",104
"2018-09-24 12:41:29",104
"2018-09-24 13:41:33",104
"2018-09-24 14:41:30",104
"2018-09-24 15:41:30",104
"2018-09-24 16:41:29",104
"2018-09-24 17:41:30",104
"2018-09-24 18:41:30",104
"2018-09-24 19:41:30",105
"2018-09-24 20:41:30",106
"2018-09-24 21:41:30",107
"2018-09-24 22:41:30",107
"2018-09-24 23:41:30",107
"2018-09-25 00:41:30",107
"2018-09-25 01:41:29",107
"2018-09-25 02:41:29",107
"2018-09-25 03:41:29",107
"2018-09-25 04:41:30",107
"2018-09-25 05:41:29",107
"2018-09-25 06:41:30",107
"2018-09-25 07:41:30",107
"2018-09-25 08:41:30",107
"2018-09-25 09:41:29",107
"2018-09-25 10:41:30",107
"2018-09-25 11:41:30",107
"2018-09-25 12:41:30",107
"2018-09-25 13:41:32",107
"2018-09-25 14:41:31",107
"2018-09-25 15:41:30",106
"2018-09-25 16:41:31",106
"2018-09-25 17:41:29",106
"2018-09-25 18:41:30",105
"2018-09-25 19:41:30",105
"2018-09-25 20:41:30",104
"2018-09-25 21:41:30",104
"2018-09-25 22:41:30",104
"2018-09-25 23:41:30",104
"2018-09-26 00:41:31",104
"2018-09-26 01:41:31",104
"2018-09-26 02:41:31",104
"2018-09-26 03:41:31",104
"2018-09-26 04:41:30",104
"2018-09-26 05:41:30",104
"2018-09-26 06:41:30",104
"2018-09-26 07:41:30",104
"2018-09-26 08:41:30",104
"2018-09-26 09:41:30",104
"2018-09-26 10:41:29",104
"2018-09-26 11:41:29",104
"2018-09-26 13:08:04",104
"2018-09-26 13:41:34",104
"2018-09-26 14:41:30",106
"2018-09-26 15:41:31",106
"2018-09-26 16:41:31",106
"2018-09-26 17:41:29",104
"2018-09-26 18:41:31",104
"2018-09-26 19:41:30",104
"2018-09-26 20:41:30",104
"2018-09-26 21:41:30",104
"2018-09-26 22:41:29",104
"2018-09-26 23:41:30",104
"2018-09-27 00:41:31",104
"2018-09-27 01:41:29",104
"2018-09-27 02:41:31",104
"2018-09-27 03:41:30",104
"2018-09-27 04:41:30",104
"2018-09-27 05:41:30",104
"2018-09-27 06:41:30",104
"2018-09-27 07:41:30",104
"2018-09-27 08:41:30",104
"2018-09-27 09:41:30",104
"2018-09-27 10:41:30",104
"2018-09-27 11:41:30",104
"2018-09-27 12:41:30",104
"2018-09-27 13:41:32",104
"2018-09-27 14:41:30",103
"2018-09-27 15:41:31",102
"2018-09-27 17:07:07",102
"2018-09-27 17:41:31",102
"2018-09-27 18:41:31",101
"2018-09-27 19:41:30",101
"2018-09-27 20:41:30",101
"2018-09-27 21:41:30",101
"2018-09-27 22:41:30",101
"2018-09-27 23:41:31",101
"2018-09-28 00:41:31",101
"2018-09-28 01:41:30",101
"2018-09-28 02:41:29",101
"2018-09-28 03:41:30",101
"2018-09-28 04:41:30",101
"2018-09-28 05:41:30",101
"2018-09-28 06:41:30",101
"2018-09-28 07:41:31",101
"2018-09-28 08:41:30",101
"2018-09-28 09:41:31",101
"2018-09-28 10:41:31",101
"2018-09-28 11:41:30",101
"2018-09-28 12:41:31",101
"2018-09-28 13:41:33",101
"2018-09-28 14:41:31",101
"2018-09-28 15:41:33",101
"2018-09-28 16:41:32",101
"2018-09-28 17:41:31",101
"2018-09-28 18:41:32",100
"2018-09-28 19:41:32",100
"2018-09-28 20:41:31",99
"2018-09-28 21:41:31",99
"2018-09-28 22:41:31",99
"2018-09-28 23:41:30",99
"2018-09-29 00:41:30",99
"2018-09-29 01:41:30",99
"2018-09-29 02:41:36",99
"2018-09-29 03:41:31",99
"2018-09-29 04:41:30",99
"2018-09-29 05:41:30",99
"2018-09-29 06:41:30",99
"2018-09-29 07:41:30",99
"2018-09-29 08:41:30",99
"2018-09-29 09:41:30",99
"2018-09-29 10:41:30",99
"2018-09-29 11:41:32",99
"2018-09-29 12:41:30",99
"2018-09-29 13:41:31",99
"2018-09-29 14:41:31",99
"2018-09-29 15:41:31",99
"2018-09-29 16:41:30",99
"2018-09-29 17:41:30",99
"2018-09-29 18:41:31",99
"2018-09-29 19:41:30",99
"2018-09-29 20:41:30",99
"2018-09-29 21:41:30",99
"2018-09-29 22:41:30",99
"2018-09-29 23:41:30",99
"2018-09-30 00:41:31",99
"2018-09-30 01:41:30",99
"2018-09-30 02:41:29",99
"2018-09-30 03:41:30",99
"2018-09-30 04:41:30",99
"2018-09-30 05:41:29",99
"2018-09-30 06:41:29",99
"2018-09-30 07:41:29",99
"2018-09-30 08:41:29",99
"2018-09-30 09:41:29",99
"2018-09-30 10:41:30",99
"2018-09-30 11:41:29",99
"2018-09-30 12:41:30",99
"2018-09-30 13:41:30",99
"2018-09-30 14:41:29",99
"2018-09-30 15:41:30",99
"2018-09-30 16:41:30",99
"2018-09-30 17:41:29",99
"2018-09-30 18:41:30",99
"2018-09-30 19:41:30",99
"2018-09-30 20:41:30",99
"2018-09-30 21:41:29",99
"2018-09-30 22:41:30",99
"2018-09-30 23:41:31",99
"2018-10-01 00:41:32",99
"2018-10-01 01:41:30",99
"2018-10-01 02:41:31",99
"2018-10-01 03:41:30",99
"2018-10-01 04:41:30",99
"2018-10-01 05:41:31",99
"2018-10-01 06:41:30",99
"2018-10-01 07:41:30",99
"2018-10-01 08:41:31",99
"2018-10-01 09:41:30",99
"2018-10-01 10:41:29",99
"2018-10-01 11:41:30",99
"2018-10-01 12:41:30",99
"2018-10-01 14:06:44",97
"2018-10-01 14:41:32",97
"2018-10-01 15:41:31",97
"2018-10-01 16:41:31",97
"2018-10-01 17:41:33",97
"2018-10-01 18:41:31",97
"2018-10-01 19:41:32",97
"2018-10-01 20:41:31",96
"2018-10-01 21:41:31",96
"2018-10-01 22:41:30",96
"2018-10-01 23:41:31",96
"2018-10-02 00:41:32",96
"2018-10-02 01:41:31",96
"2018-10-02 02:41:31",96
"2018-10-02 03:41:31",96
"2018-10-02 04:41:31",96
"2018-10-02 05:41:30",96
"2018-10-02 06:41:31",96
"2018-10-02 07:41:32",96
"2018-10-02 08:41:31",96
"2018-10-02 09:41:31",96
"2018-10-02 10:41:31",96
"2018-10-02 11:41:31",96
"2018-10-02 12:41:30",96
"2018-10-02 13:41:33",96
"2018-10-02 14:41:33",96
"2018-10-02 15:41:32",96
"2018-10-02 16:41:32",96
"2018-10-02 17:41:31",96
"2018-10-02 18:41:31",96
"2018-10-02 19:41:31",96
"2018-10-02 20:41:31",96
"2018-10-02 21:41:31",96
"2018-10-02 22:41:31",96
"2018-10-02 23:41:31",96
"2018-10-03 00:41:31",96
"2018-10-03 01:41:30",96
"2018-10-03 02:41:31",96
"2018-10-03 03:41:32",96
"2018-10-03 04:41:33",96
"2018-10-03 05:41:32",96
"2018-10-03 06:41:31",96
"2018-10-03 07:41:32",96
"2018-10-03 08:41:31",96
"2018-10-03 09:41:32",96
"2018-10-03 10:41:32",96
"2018-10-03 11:41:32",96
"2018-10-03 12:41:31",96
"2018-10-03 13:42:40",96
"2018-10-03 15:06:36",96
"2018-10-03 15:41:32",96
"2018-10-03 16:41:32",96
"2018-10-03 17:41:32",96
"2018-10-03 18:41:31",96
"2018-10-03 19:41:31",96
"2018-10-03 20:41:30",96
"2018-10-03 21:41:31",96
"2018-10-03 22:41:32",96
"2018-10-03 23:41:30",96
"2018-10-04 00:41:32",96
"2018-10-04 01:41:32",96
"2018-10-04 02:41:31",96
"2018-10-04 03:41:30",96
"2018-10-04 04:41:31",96
"2018-10-04 05:41:31",96
"2018-10-04 06:41:30",96
"2018-10-04 07:41:31",96
"2018-10-04 08:41:30",96
"2018-10-04 09:41:31",96
"2018-10-04 10:41:31",96
"2018-10-04 11:41:31",96
"2018-10-04 12:41:31",96
"2018-10-04 14:07:38",96
"2018-10-04 14:41:31",96
"2018-10-04 15:41:31",96
"2018-10-04 16:41:33",96
"2018-10-04 17:41:31",96
"2018-10-04 18:41:31",96
"2018-10-04 19:41:32",96
"2018-10-04 20:41:31",96
"2018-10-04 21:41:31",96
"2018-10-04 22:41:31",96
"2018-10-04 23:41:31",96
"2018-10-05 00:41:31",96
"2018-10-05 01:41:31",96
"2018-10-05 02:41:31",96
"2018-10-05 03:41:31",96
"2018-10-05 04:41:32",96
"2018-10-05 05:41:32",96
"2018-10-05 06:41:31",96
"2018-10-05 07:41:31",96
"2018-10-05 08:41:30",96
"2018-10-05 09:41:31",96
"2018-10-05 10:41:31",96
"2018-10-05 11:41:31",96
"2018-10-05 12:41:31",96
"2018-10-05 13:41:35",96
"2018-10-05 14:41:33",95
"2018-10-05 15:41:34",95
"2018-10-05 16:41:33",95
"2018-10-05 17:41:34",95
"2018-10-05 18:41:34",95
"2018-10-05 19:41:32",96
"2018-10-05 20:41:31",96
"2018-10-05 21:41:32",97
"2018-10-05 22:41:32",97
"2018-10-05 23:41:31",97
"2018-10-06 00:41:33",97
"2018-10-06 01:41:33",97
"2018-10-06 02:41:33",97
"2018-10-06 03:41:33",97
"2018-10-06 04:41:33",97
"2018-10-06 05:41:32",97
"2018-10-06 06:41:33",97
"2018-10-06 07:41:32",97
"2018-10-06 08:41:32",97
"2018-10-06 09:41:32",97
"2018-10-06 10:41:32",97
"2018-10-06 11:41:31",97
"2018-10-06 12:41:32",97
"2018-10-06 13:41:32",97
"2018-10-06 14:41:32",97
"2018-10-06 15:41:33",97
"2018-10-06 16:41:32",97
"2018-10-06 17:41:32",97
"2018-10-06 18:41:32",97
"2018-10-06 19:41:33",97
"2018-10-06 20:41:32",97
"2018-10-06 21:41:32",97
"2018-10-06 22:41:32",97
"2018-10-06 23:41:32",97
"2018-10-07 00:41:32",97
"2018-10-07 01:41:32",97
"2018-10-07 02:41:32",97
"2018-10-07 03:41:32",97
"2018-10-07 04:41:32",97
"2018-10-07 05:41:33",97
"2018-10-07 06:41:32",97
"2018-10-07 07:41:32",97
"2018-10-07 08:41:31",97
"2018-10-07 09:41:31",97
"2018-10-07 10:41:32",97
"2018-10-07 11:41:31",97
"2018-10-07 12:41:32",97
"2018-10-07 13:41:32",97
"2018-10-07 14:41:32",97
"2018-10-07 15:41:32",97
"2018-10-07 16:41:33",97
"2018-10-07 17:41:32",97
"2018-10-07 18:41:33",97
"2018-10-07 19:41:32",97
"2018-10-07 20:41:33",97
"2018-10-07 21:41:32",97
"2018-10-07 22:41:32",97
"2018-10-07 23:41:32",97
"2018-10-08 00:41:32",97
"2018-10-08 01:41:32",97
"2018-10-08 02:41:33",97
"2018-10-08 03:41:32",97
"2018-10-08 04:41:32",97
"2018-10-08 05:41:31",97
"2018-10-08 06:41:32",97
"2018-10-08 07:41:32",97
"2018-10-08 08:41:32",97
"2018-10-08 09:41:32",97
"2018-10-08 10:41:31",97
"2018-10-08 11:41:31",97
"2018-10-08 12:41:32",97
"2018-10-08 13:41:37",97
"2018-10-08 14:41:33",99
"2018-10-08 15:41:34",99
"2018-10-08 16:41:33",100
"2018-10-08 17:41:33",100
"2018-10-08 18:41:33",99
"2018-10-08 19:41:33",99
"2018-10-08 20:41:32",99
"2018-10-08 21:41:32",99
"2018-10-08 22:41:31",99
"2018-10-08 23:41:32",99
"2018-10-09 00:41:31",99
"2018-10-09 01:42:02",99
"2018-10-09 02:41:30",99
"2018-10-09 03:41:36",99
"2018-10-09 04:41:31",99
"2018-10-09 05:41:31",99
"2018-10-09 06:41:31",99
"2018-10-09 07:41:31",99
"2018-10-09 08:41:31",99
"2018-10-09 09:41:30",99
"2018-10-09 10:41:31",99
"2018-10-09 11:41:31",99
"2018-10-09 12:41:31",99
"2018-10-09 13:41:35",99
"2018-10-09 14:41:32",99
"2018-10-09 15:41:32",99
"2018-10-09 16:41:31",99
"2018-10-09 17:41:31",99
"2018-10-09 18:41:31",99
"2018-10-09 19:41:30",99
"2018-10-09 20:41:31",99
"2018-10-09 21:41:30",99
"2018-10-09 22:41:31",99
"2018-10-09 23:41:31",99
"2018-10-10 00:41:31",99
"2018-10-10 01:41:31",99
"2018-10-10 02:41:31",99
"2018-10-10 03:41:34",99
"2018-10-10 04:41:31",99
"2018-10-10 05:41:31",99
"2018-10-10 06:41:31",99
"2018-10-10 07:41:31",99
"2018-10-10 08:41:31",99
"2018-10-10 09:41:30",99
"2018-10-10 10:41:31",99
"2018-10-10 11:41:31",99
"2018-10-10 12:41:31",99
"2018-10-10 13:41:34",99
"2018-10-10 14:41:32",100
"2018-10-10 15:41:32",100
"2018-10-10 16:41:31",99
"2018-10-10 17:41:31",99
"2018-10-10 18:41:31",99
"2018-10-10 19:41:35",99
"2018-10-10 20:41:32",99
"2018-10-10 21:41:31",99
"2018-10-10 22:41:31",99
"2018-10-10 23:41:32",99
"2018-10-11 00:41:32",99
"2018-10-11 01:41:31",99
"2018-10-11 02:41:31",99
"2018-10-11 03:41:30",99
"2018-10-11 04:41:30",99
"2018-10-11 05:41:30",99
"2018-10-11 06:41:31",99
"2018-10-11 07:41:30",99
"2018-10-11 08:41:31",99
"2018-10-11 09:41:31",99
"2018-10-11 10:41:32",99
"2018-10-11 11:41:31",99
"2018-10-11 12:41:30",99
"2018-10-11 13:41:33",99
"2018-10-11 14:41:31",99
"2018-10-11 15:41:32",99
"2018-10-11 16:41:32",99
"2018-10-11 17:41:31",99
"2018-10-11 18:41:33",99
"2018-10-11 19:41:31",99
"2018-10-11 20:41:31",99
"2018-10-11 21:41:32",99
"2018-10-11 22:41:30",99
"2018-10-11 23:41:32",99
"2018-10-12 00:41:30",99
"2018-10-12 01:41:31",99
"2018-10-12 02:41:31",99
"2018-10-12 03:41:31",99
"2018-10-12 04:41:32",99
"2018-10-12 05:41:30",99
"2018-10-12 06:41:30",99
"2018-10-12 07:41:30",99
"2018-10-12 08:41:31",99
"2018-10-12 09:41:31",99
"2018-10-12 10:41:31",99
"2018-10-12 11:41:31",99
"2018-10-12 12:41:30",99
"2018-10-12 13:41:34",99
"2018-10-12 14:41:31",99
"2018-10-12 15:41:32",99
"2018-10-12 16:41:32",99
"2018-10-12 17:41:31",98
"2018-10-12 18:41:31",98
"2018-10-12 19:41:31",98
"2018-10-12 20:41:31",98
"2018-10-12 21:41:31",98
"2018-10-12 22:41:31",98
"2018-10-12 23:41:31",98
"2018-10-13 00:41:30",98
"2018-10-13 01:41:31",98
"2018-10-13 02:41:31",98
"2018-10-13 03:41:31",98
"2018-10-13 04:41:32",98
"2018-10-13 05:41:31",98
"2018-10-13 06:41:31",98
"2018-10-13 07:41:31",98
"2018-10-13 08:41:31",98
"2018-10-13 09:41:31",98
"2018-10-13 10:41:30",98
"2018-10-13 11:41:30",98
"2018-10-13 12:41:31",98
"2018-10-13 13:41:31",98
"2018-10-13 14:41:31",98
"2018-10-13 15:41:31",98
"2018-10-13 16:41:30",98
"2018-10-13 17:41:31",98
"2018-10-13 18:41:31",98
"2018-10-13 19:41:31",98
"2018-10-13 20:41:31",98
"2018-10-13 21:41:31",98
"2018-10-13 22:41:32",98
"2018-10-13 23:41:31",98
"2018-10-14 00:41:31",98
"2018-10-14 01:41:31",98
"2018-10-14 02:41:31",98
"2018-10-14 03:41:30",98
"2018-10-14 04:41:31",98
"2018-10-14 05:41:30",98
"2018-10-14 06:41:31",98
"2018-10-14 07:41:31",98
"2018-10-14 08:41:30",98
"2018-10-14 09:41:31",98
"2018-10-14 10:41:30",98
"2018-10-14 11:41:31",98
"2018-10-14 12:41:30",98
"2018-10-14 13:41:30",98
"2018-10-14 14:41:30",98
"2018-10-14 15:41:31",98
"2018-10-14 16:41:30",98
"2018-10-14 17:41:30",98
"2018-10-14 18:41:31",98
"2018-10-14 19:41:31",98
"2018-10-14 20:41:30",98
"2018-10-14 21:41:32",98
"2018-10-14 22:41:30",98
"2018-10-14 23:41:31",98
"2018-10-15 00:41:32",98
"2018-10-15 01:41:30",98
"2018-10-15 02:41:30",98
"2018-10-15 03:41:31",98
"2018-10-15 04:41:30",98
"2018-10-15 05:41:31",98
"2018-10-15 06:41:31",98
"2018-10-15 07:41:32",98
"2018-10-15 08:41:31",98
"2018-10-15 09:41:30",98
"2018-10-15 10:41:31",98
"2018-10-15 11:41:31",98
"2018-10-15 12:41:31",98
"2018-10-15 13:41:34",98
"2018-10-15 14:41:32",97
"2018-10-15 15:41:32",97
"2018-10-15 16:41:33",97
"2018-10-15 17:41:32",97
"2018-10-15 18:41:31",97
"2018-10-15 19:41:31",97
"2018-10-15 20:41:33",98
"2018-10-15 21:41:33",98
"2018-10-15 22:41:31",98
"2018-10-15 23:41:31",98
"2018-10-16 00:41:32",98
"2018-10-16 01:41:33",98
"2018-10-16 02:41:31",98
"2018-10-16 03:41:31",98
"2018-10-16 04:41:32",98
"2018-10-16 09:41:30",98
"2018-10-16 10:41:31",98
"2018-10-16 11:41:30",98
"2018-10-16 12:41:31",98
"2018-10-16 13:41:34",98
"2018-10-16 14:41:33",98
"2018-10-16 15:41:32",99
"2018-10-16 16:41:31",99
"2018-10-16 17:41:32",99
"2018-10-16 18:41:33",99
"2018-10-16 19:41:33",99
"2018-10-16 20:41:32",99
"2018-10-16 21:41:31",99
"2018-10-16 22:41:31",99
"2018-10-16 23:41:32",99
"2018-10-17 00:41:31",99
"2018-10-17 01:41:32",99
"2018-10-17 02:41:31",99
"2018-10-17 03:41:31",99
"2018-10-17 04:41:31",99
"2018-10-17 05:41:31",99
"2018-10-17 06:41:31",99
"2018-10-17 07:41:31",99
"2018-10-17 08:41:31",99
"2018-10-17 09:41:31",99
"2018-10-17 10:41:31",99
"2018-10-17 11:41:30",99
"2018-10-17 12:41:31",99
"2018-10-17 14:07:36",99
"2018-10-17 14:41:32",99
"2018-10-17 15:41:33",100
"2018-10-17 16:41:33",100
"2018-10-17 17:41:33",100
"2018-10-17 18:41:33",100
"2018-10-17 19:41:33",100
"2018-10-17 20:41:31",100
"2018-10-17 21:41:31",100
"2018-10-17 22:41:31",100
"2018-10-17 23:41:31",100
"2018-10-18 00:41:31",100
"2018-10-18 01:41:31",100
"2018-10-18 02:41:32",100
"2018-10-18 03:41:33",100
"2018-10-18 04:41:30",100
"2018-10-18 05:41:31",100
"2018-10-18 06:41:30",100
"2018-10-18 07:41:30",100
"2018-10-18 08:41:30",100
"2018-10-18 09:41:30",100
"2018-10-18 10:41:30",100
"2018-10-18 11:41:30",100
"2018-10-18 13:06:34",100
"2018-10-18 13:41:33",100
"2018-10-18 14:41:33",100
"2018-10-18 15:41:33",100
"2018-10-18 16:41:32",100
"2018-10-18 17:41:32",101
"2018-10-18 18:41:31",100
"2018-10-18 19:41:32",100
"2018-10-18 20:41:32",100
"2018-10-18 21:41:32",100
"2018-10-18 22:41:31",100
"2018-10-18 23:41:31",100
"2018-10-19 00:41:32",100
"2018-10-19 01:41:32",100
"2018-10-19 02:41:32",100
"2018-10-19 03:41:32",100
"2018-10-19 04:41:32",100
"2018-10-19 05:41:31",100
"2018-10-19 06:41:32",100
"2018-10-19 07:41:32",100
"2018-10-19 08:41:32",100
"2018-10-19 09:41:31",100
"2018-10-19 10:41:31",100
"2018-10-19 11:41:32",100
"2018-10-19 13:06:05",100
"2018-10-19 13:41:37",100
"2018-10-19 14:41:32",100
"2018-10-19 15:41:33",100
"2018-10-19 16:41:32",100
"2018-10-19 17:41:31",100
"2018-10-19 18:41:32",100
"2018-10-19 19:41:32",100
"2018-10-19 20:41:33",99
"2018-10-19 21:41:32",99
"2018-10-19 22:41:32",99
"2018-10-19 23:42:01",99
"2018-10-20 00:41:32",99
"2018-10-20 01:41:33",99
"2018-10-20 02:41:31",99
"2018-10-20 03:41:31",99
"2018-10-20 04:41:32",99
"2018-10-20 05:41:32",99
"2018-10-20 06:41:33",99
"2018-10-20 07:41:31",99
"2018-10-20 08:41:32",99
"2018-10-20 09:41:31",99
"2018-10-20 10:41:31",99
"2018-10-20 11:41:32",99
"2018-10-20 12:41:31",99
"2018-10-20 13:41:33",99
"2018-10-20 14:41:33",99
"2018-10-20 15:41:33",99
"2018-10-20 16:41:32",99
"2018-10-20 17:41:32",99
"2018-10-20 18:41:32",99
"2018-10-20 19:41:32",99
"2018-10-20 20:41:32",99
"2018-10-20 21:41:32",99
"2018-10-20 22:41:32",99
"2018-10-20 23:41:32",99
"2018-10-21 00:41:32",99
"2018-10-21 01:41:32",99
"2018-10-21 02:41:32",99
"2018-10-21 03:41:32",99
"2018-10-21 04:41:31",99
"2018-10-21 05:41:32",99
"2018-10-21 06:41:31",99
"2018-10-21 07:41:37",99
"2018-10-21 08:41:31",99
"2018-10-21 09:41:31",99
"2018-10-21 10:41:31",99
"2018-10-21 11:41:31",99
"2018-10-21 12:41:31",99
"2018-10-21 13:41:34",99
"2018-10-21 14:41:33",99
"2018-10-21 15:41:32",99
"2018-10-21 16:41:31",99
"2018-10-21 17:41:32",99
"2018-10-21 18:41:32",99
"2018-10-21 19:41:31",99
"2018-10-21 20:41:32",99
"2018-10-21 21:41:32",99
"2018-10-21 22:41:32",99
"2018-10-21 23:41:32",99
"2018-10-22 00:41:33",99
"2018-10-22 01:41:33",99
"2018-10-22 02:41:33",99
"2018-10-22 03:41:33",99
"2018-10-22 04:41:33",99
"2018-10-22 05:41:32",99
"2018-10-22 06:41:32",99
"2018-10-22 07:41:33",99
"2018-10-22 08:41:32",99
"2018-10-22 09:41:32",99
"2018-10-22 10:41:32",99
"2018-10-22 11:41:32",99
"2018-10-22 12:41:32",99
"2018-10-22 13:41:34",100
"2018-10-22 14:41:34",100
"2018-10-22 15:41:33",100
"2018-10-22 16:41:32",101
"2018-10-22 17:41:33",101
"2018-10-22 18:41:31",101
"2018-10-22 19:41:33",100
"2018-10-22 20:41:32",100
"2018-10-22 21:41:32",100
"2018-10-22 22:41:32",100
"2018-10-22 23:41:32",100
"2018-10-23 00:41:33",100
"2018-10-23 01:41:32",100
"2018-10-23 02:41:32",100
"2018-10-23 03:41:32",100
"2018-10-23 04:41:32",100
"2018-10-23 05:41:32",100
"2018-10-23 06:41:32",100
"2018-10-23 07:41:35",100
"2018-10-23 08:41:31",100
"2018-10-23 09:41:32",100
"2018-10-23 10:41:32",100
"2018-10-23 11:41:32",100
"2018-10-23 12:41:31",100
"2018-10-23 13:41:34",100
"2018-10-23 14:41:32",100
"2018-10-23 15:41:32",100
"2018-10-23 16:41:32",101
"2018-10-23 17:41:32",101
"2018-10-23 18:41:32",101
"2018-10-23 19:41:32",102
"2018-10-23 20:41:32",102
"2018-10-23 21:41:32",102
"2018-10-23 22:41:32",102
"2018-10-23 23:41:31",102
"2018-10-24 00:41:32",102
"2018-10-24 01:41:32",102
"2018-10-24 02:41:33",102
"2018-10-24 03:41:32",102
"2018-10-24 04:41:32",102
"2018-10-24 05:41:32",102
"2018-10-24 06:41:33",102
"2018-10-24 07:41:32",102
"2018-10-24 08:41:32",102
"2018-10-24 09:41:31",102
"2018-10-24 10:41:32",102
"2018-10-24 11:41:32",102
"2018-10-24 12:41:31",102
"2018-10-24 13:41:34",102
"2018-10-24 14:41:33",101
"2018-10-24 15:41:34",100
"2018-10-24 16:41:34",100
"2018-10-24 17:41:33",100
"2018-10-24 18:41:34",100
"2018-10-24 19:41:33",100
"2018-10-24 20:41:34",99
"2018-10-24 21:41:33",99
"2018-10-24 22:41:34",99
"2018-10-24 23:41:33",99
"2018-10-25 00:41:33",99
"2018-10-25 01:41:33",99
"2018-10-25 02:41:33",99
"2018-10-25 03:41:32",99
"2018-10-25 04:41:33",99
"2018-10-25 05:41:33",99
"2018-10-25 06:41:33",99
"2018-10-25 07:41:33",99
"2018-10-25 08:41:33",99
"2018-10-25 09:41:33",99
"2018-10-25 10:41:33",99
"2018-10-25 11:41:34",99
"2018-10-25 14:07:39",99
"2018-10-25 14:41:34",99
"2018-10-25 15:41:34",99
"2018-10-25 16:41:34",99
"2018-10-25 17:41:34",99
"2018-10-25 18:41:34",99
"2018-10-25 19:41:33",99
"2018-10-25 20:41:34",99
"2018-10-25 21:41:34",99
"2018-10-25 22:41:33",100
"2018-10-25 23:41:34",100
"2018-10-26 00:41:33",100
"2018-10-26 01:41:33",100
"2018-10-26 02:41:34",100
"2018-10-26 03:41:34",100
"2018-10-26 04:41:34",100
"2018-10-26 05:41:33",100
"2018-10-26 06:41:33",100
"2018-10-26 07:41:32",100
"2018-10-26 08:41:32",100
"2018-10-26 09:41:33",100
"2018-10-26 10:41:33",100
"2018-10-26 11:41:33",100
"2018-10-26 12:41:33",100
"2018-10-26 13:41:33",100
"2018-10-26 14:41:33",100
"2018-10-26 15:41:32",100
"2018-10-26 16:41:33",100
"2018-10-26 17:41:33",100
"2018-10-26 18:41:33",100
"2018-10-26 19:41:33",100
"2018-10-26 20:41:33",100
"2018-10-26 21:41:32",100
"2018-10-26 22:41:32",100
"2018-10-26 23:41:33",100
"2018-10-27 00:41:32",100
"2018-10-27 01:41:33",100
"2018-10-27 02:41:33",100
"2018-10-27 03:41:32",100
"2018-10-27 04:41:32",100
"2018-10-27 05:41:33",100
"2018-10-27 06:41:33",100
"2018-10-27 07:41:33",100
"2018-10-27 08:41:33",100
"2018-10-27 09:41:33",100
"2018-10-27 10:41:33",100
"2018-10-27 11:41:32",100
"2018-10-27 12:41:32",100
"2018-10-27 13:41:32",100
"2018-10-27 14:41:33",100
"2018-10-27 15:41:33",100
"2018-10-27 16:41:33",100
"2018-10-27 17:41:33",100
"2018-10-27 18:41:32",100
"2018-10-27 19:41:33",100
"2018-10-27 20:41:33",100
"2018-10-27 21:41:33",100
"2018-10-27 22:41:33",100
"2018-10-27 23:41:32",100
"2018-10-28 00:41:33",100
"2018-10-28 01:41:33",100
"2018-10-28 02:41:32",100
"2018-10-28 03:41:33",100
"2018-10-28 04:41:33",100
"2018-10-28 05:41:33",100
"2018-10-28 06:41:33",100
"2018-10-28 07:41:32",100
"2018-10-28 08:41:33",100
"2018-10-28 09:41:33",100
"2018-10-28 10:41:32",100
"2018-10-28 11:41:32",100
"2018-10-28 12:41:32",100
"2018-10-28 13:41:33",100
"2018-10-28 14:41:33",100
"2018-10-28 15:41:33",100
"2018-10-28 16:41:33",100
"2018-10-28 17:41:33",100
"2018-10-28 18:41:33",100
"2018-10-28 19:41:32",100
"2018-10-28 20:41:32",100
"2018-10-28 21:41:32",100
"2018-10-28 22:41:33",100
"2018-10-28 23:41:32",100
"2018-10-29 00:41:33",100
"2018-10-29 01:41:33",100
"2018-10-29 02:41:33",100
"2018-10-29 03:41:32",100
"2018-10-29 04:41:33",100
"2018-10-29 05:41:32",100
"2018-10-29 06:41:33",100
"2018-10-29 07:41:32",100
"2018-10-29 08:41:33",100
"2018-10-29 09:41:32",100
"2018-10-29 10:41:32",100
"2018-10-29 11:41:32",100
"2018-10-29 12:41:33",100
"2018-10-29 13:41:34",100
"2018-10-29 14:41:33",100
"2018-10-29 15:41:32",101
"2018-10-29 16:41:34",101
"2018-10-29 17:41:33",101
"2018-10-29 18:41:33",101
"2018-10-29 19:41:34",101
"2018-10-29 20:41:33",101
"2018-10-29 21:41:33",101
"2018-10-29 22:41:34",101
"2018-10-29 23:41:33",101
"2018-10-30 00:41:33",101
"2018-10-30 01:41:32",101
"2018-10-30 02:41:33",101
"2018-10-30 03:41:33",101
"2018-10-30 04:41:33",101
"2018-10-30 05:41:32",101
"2018-10-30 06:41:33",101
"2018-10-30 07:41:32",101
"2018-10-30 08:41:32",101
"2018-10-30 09:41:33",101
"2018-10-30 10:41:33",101
"2018-10-30 11:41:33",101
"2018-10-30 12:41:32",101
"2018-10-30 13:41:34",101
"2018-10-30 14:41:35",101
"2018-10-30 15:41:34",101
"2018-10-30 16:41:33",102
"2018-10-30 17:41:32",102
"2018-10-30 18:41:33",102
"2018-10-30 19:41:33",102
"2018-10-30 20:41:33",101
"2018-10-30 21:41:33",101
"2018-10-30 22:41:33",101
"2018-10-30 23:41:32",101
"2018-10-31 00:41:33",101
"2018-10-31 01:41:33",101
"2018-10-31 02:41:34",101
"2018-10-31 03:41:32",101
"2018-10-31 04:41:33",101
"2018-10-31 05:41:33",101
"2018-10-31 06:41:33",101
"2018-10-31 07:41:32",101
"2018-10-31 08:41:33",101
"2018-10-31 09:41:32",101
"2018-10-31 10:41:33",101
"2018-10-31 11:41:33",101
"2018-10-31 12:41:33",101
"2018-10-31 14:08:09",100
"2018-10-31 14:41:34",100
"2018-10-31 15:41:34",99
"2018-10-31 16:41:34",99
"2018-10-31 17:41:33",99
"2018-10-31 18:41:33",99
"2018-10-31 19:41:33",99
"2018-10-31 20:41:34",100
"2018-10-31 21:41:33",100
"2018-10-31 22:41:33",100
"2018-10-31 23:41:34",100
"2018-11-01 00:41:33",100
"2018-11-01 01:41:34",100
"2018-11-01 02:41:34",100
"2018-11-01 03:41:33",100
"2018-11-01 04:41:34",100
"2018-11-01 05:41:34",100
"2018-11-01 06:41:34",100
"2018-11-01 07:41:34",100
"2018-11-01 08:41:34",100
"2018-11-01 09:41:34",100
"2018-11-01 10:41:34",100
"2018-11-01 11:41:33",100
"2018-11-01 12:41:33",100
"2018-11-01 13:41:34",100
"2018-11-01 14:41:37",100
"2018-11-01 15:41:35",101
"2018-11-01 16:41:35",101
"2018-11-01 17:41:34",101
"2018-11-01 18:41:34",101
"2018-11-01 19:41:35",101
"2018-11-01 20:41:36",101
"2018-11-01 21:41:35",101
"2018-11-01 22:41:35",101
"2018-11-01 23:41:34",101
"2018-11-02 00:41:34",101
"2018-11-02 01:41:34",101
"2018-11-02 02:41:34",101
"2018-11-02 03:41:36",101
"2018-11-02 04:41:34",101
"2018-11-02 05:41:34",101
"2018-11-02 06:41:34",101
"2018-11-02 07:41:33",101
"2018-11-02 08:41:34",101
"2018-11-02 09:41:35",101
"2018-11-02 10:41:34",101
"2018-11-02 11:41:33",101
"2018-11-02 12:41:34",101
"2018-11-02 14:06:08",100
"2018-11-02 14:41:34",100
"2018-11-02 15:41:34",100
"2018-11-02 16:41:35",100
"2018-11-02 17:41:34",100
"2018-11-02 18:41:34",100
"2018-11-02 19:41:34",100
"2018-11-02 20:41:35",100
"2018-11-02 21:41:34",100
"2018-11-02 22:41:34",100
"2018-11-02 23:41:35",100
"2018-11-03 00:41:35",100
"2018-11-03 01:41:34",100
"2018-11-03 02:41:35",100
"2018-11-03 03:41:33",100
"2018-11-03 04:41:34",100
"2018-11-03 05:41:34",100
"2018-11-03 06:41:34",100
"2018-11-03 07:41:33",100
"2018-11-03 08:41:34",100
"2018-11-03 09:41:35",100
"2018-11-03 10:41:33",100
"2018-11-03 11:41:34",100
"2018-11-03 12:41:34",100
"2018-11-03 13:41:34",100
"2018-11-03 14:41:34",100
"2018-11-03 15:41:34",100
"2018-11-03 16:41:34",100
"2018-11-03 17:41:36",100
"2018-11-03 18:41:35",100
"2018-11-03 19:41:35",100
"2018-11-03 20:41:34",100
"2018-11-03 21:42:37",100
"2018-11-03 22:41:34",100
"2018-11-03 23:41:34",100
"2018-11-04 00:41:35",100
"2018-11-04 01:41:34",100
"2018-11-04 02:41:34",100
"2018-11-04 03:41:34",100
"2018-11-04 04:41:35",100
"2018-11-04 05:41:34",100
"2018-11-04 06:41:34",100
"2018-11-04 07:41:34",100
"2018-11-04 08:41:35",100
"2018-11-04 09:41:33",100
"2018-11-04 10:41:33",100
"2018-11-04 11:41:34",100
"2018-11-04 12:41:34",100
"2018-11-04 13:41:34",100
"2018-11-04 14:41:34",100
"2018-11-04 15:41:34",100
"2018-11-04 16:41:33",100
"2018-11-04 17:41:34",100
"2018-11-04 18:41:34",100
"2018-11-04 19:41:34",100
"2018-11-04 20:41:33",100
"2018-11-04 21:41:34",100
"2018-11-04 22:41:35",100
"2018-11-04 23:41:35",100
"2018-11-05 00:41:34",100
"2018-11-05 01:41:34",100
"2018-11-05 02:41:33",100
"2018-11-05 03:41:35",100
"2018-11-05 04:41:35",100
"2018-11-05 05:41:35",100
"2018-11-05 06:41:34",100
"2018-11-05 07:41:34",100
"2018-11-05 08:41:34",100
"2018-11-05 09:41:34",100
"2018-11-05 10:41:34",100
"2018-11-05 11:41:33",100
"2018-11-05 12:41:33",100
"2018-11-05 13:41:34",100
"2018-11-05 14:41:37",100
"2018-11-05 15:41:34",100
"2018-11-05 16:41:35",100
"2018-11-05 17:41:34",100
"2018-11-05 18:41:33",99
"2018-11-05 19:41:33",99
"2018-11-05 20:41:34",99
"2018-11-05 21:41:35",99
"2018-11-05 22:41:35",99
"2018-11-05 23:41:34",99
"2018-11-06 00:41:34",99
"2018-11-06 01:41:34",99
"2018-11-06 02:41:34",99
"2018-11-06 03:41:35",99
"2018-11-06 04:41:35",99
"2018-11-06 05:41:35",99
"2018-11-06 06:41:34",99
"2018-11-06 07:41:36",99
"2018-11-06 08:41:36",99
"2018-11-06 09:41:35",99
"2018-11-06 10:41:35",99
"2018-11-06 11:41:35",99
"2018-11-06 12:41:35",99
"2018-11-06 13:41:36",99
"2018-11-06 14:41:38",99
"2018-11-06 15:41:37",99
"2018-11-06 16:41:37",99
"2018-11-06 17:41:39",99
"2018-11-06 18:41:36",99
"2018-11-06 19:41:35",99
"2018-11-06 20:41:36",99
"2018-11-06 21:41:36",99
"2018-11-06 22:41:36",99
"2018-11-06 23:41:35",99
"2018-11-07 00:41:36",99
"2018-11-07 01:41:35",99
"2018-11-07 02:41:36",99
"2018-11-07 03:41:36",99
"2018-11-07 04:41:35",99
"2018-11-07 05:41:35",99
"2018-11-07 06:41:35",99
"2018-11-07 07:41:35",99
"2018-11-07 08:41:35",99
"2018-11-07 09:41:35",99
"2018-11-07 10:41:35",99
"2018-11-07 11:41:35",99
"2018-11-07 12:41:36",99
"2018-11-07 13:41:35",99
"2018-11-07 14:41:39",99
"2018-11-07 15:41:36",99
"2018-11-07 16:41:35",99
"2018-11-07 17:41:36",99
"2018-11-07 18:41:37",99
"2018-11-07 19:41:37",99
"2018-11-07 20:41:38",98
"2018-11-07 21:41:35",98
"2018-11-07 22:41:36",98
"2018-11-07 23:41:35",98
"2018-11-08 00:41:35",98
"2018-11-08 01:41:36",98
"2018-11-08 02:41:35",98
"2018-11-08 03:41:35",98
"2018-11-08 04:41:35",98
"2018-11-08 05:41:35",98
"2018-11-08 06:41:36",98
"2018-11-08 07:41:36",98
"2018-11-08 08:41:36",98
"2018-11-08 09:41:35",98
"2018-11-08 10:41:35",98
"2018-11-08 11:41:35",98
"2018-11-08 12:41:36",98
"2018-11-08 13:41:35",98
"2018-11-08 14:41:38",98
"2018-11-08 15:41:37",98
"2018-11-08 16:41:37",98
"2018-11-08 17:41:36",98
"2018-11-08 18:41:36",98
"2018-11-08 19:41:36",97
"2018-11-08 20:41:39",97
"2018-11-08 21:41:38",97
"2018-11-08 22:41:36",97
"2018-11-08 23:41:37",97
"2018-11-09 00:41:37",97
"2018-11-09 01:41:37",97
"2018-11-09 02:41:37",97
"2018-11-09 03:41:37",97
"2018-11-09 04:41:37",97
"2018-11-09 05:41:37",97
"2018-11-09 06:41:36",97
"2018-11-09 07:41:37",97
"2018-11-09 08:41:37",97
"2018-11-09 09:41:37",97
"2018-11-09 10:41:36",97
"2018-11-09 11:41:36",97
"2018-11-09 12:41:37",97
"2018-11-09 13:41:35",97
"2018-11-09 15:05:39",97
"2018-11-09 15:41:38",97
"2018-11-09 16:41:37",97
"2018-11-09 17:41:37",97
"2018-11-09 18:41:37",97
"2018-11-09 19:41:39",97
"2018-11-09 20:41:38",97
"2018-11-09 21:41:37",96
"2018-11-09 22:41:37",96
"2018-11-09 23:41:36",96
"2018-11-10 00:41:36",96
"2018-11-10 01:41:37",96
"2018-11-10 02:41:36",96
"2018-11-10 03:41:37",96
"2018-11-10 04:41:37",96
"2018-11-10 05:41:36",96
"2018-11-10 06:41:36",96
"2018-11-10 07:41:36",96
"2018-11-10 08:41:36",96
"2018-11-10 09:41:37",96
"2018-11-10 10:41:35",96
"2018-11-10 11:41:36",96
"2018-11-10 12:41:36",96
"2018-11-10 13:41:36",96
"2018-11-10 14:41:36",96
"2018-11-10 15:41:38",96
"2018-11-10 16:41:36",96
"2018-11-10 17:41:37",96
"2018-11-10 18:41:37",96
"2018-11-10 19:41:38",96
"2018-11-10 20:41:36",96
"2018-11-10 21:41:37",96
"2018-11-10 22:41:37",96
"2018-11-10 23:41:37",96
"2018-11-11 00:41:37",96
"2018-11-11 01:41:37",96
"2018-11-11 02:41:36",96
"2018-11-11 03:41:37",96
"2018-11-11 04:41:36",96
"2018-11-11 05:41:37",96
"2018-11-11 06:41:36",96
"2018-11-11 07:41:37",96
"2018-11-11 08:41:36",96
"2018-11-11 09:41:37",96
"2018-11-11 10:41:37",96
"2018-11-11 11:41:37",96
"2018-11-11 12:41:37",96
"2018-11-11 13:41:36",96
"2018-11-11 14:41:37",96
"2018-11-11 15:41:37",96
"2018-11-11 16:41:36",96
"2018-11-11 17:41:37",96
"2018-11-11 18:41:37",96
"2018-11-11 19:41:36",96
"2018-11-11 20:41:37",96
"2018-11-11 21:41:36",96
"2018-11-11 22:41:37",96
"2018-11-11 23:41:36",96
"2018-11-12 00:41:37",96
"2018-11-12 01:41:36",96
"2018-11-12 02:41:37",96
"2018-11-12 03:41:37",96
"2018-11-12 04:41:37",96
"2018-11-12 05:41:37",96
"2018-11-12 06:41:37",96
"2018-11-12 07:41:37",96
"2018-11-12 08:41:37",96
"2018-11-12 09:41:37",96
"2018-11-12 10:41:37",96
"2018-11-12 11:41:37",96
"2018-11-12 12:41:36",96
"2018-11-12 13:41:36",96
"2018-11-12 14:41:39",96
"2018-11-12 15:41:36",96
"2018-11-12 16:41:38",96
"2018-11-12 17:41:36",97
"2018-11-12 18:41:36",97
"2018-11-12 19:41:37",97
"2018-11-12 20:41:37",97
"2018-11-12 21:41:36",97
"2018-11-12 22:41:37",97
"2018-11-12 23:41:36",97
"2018-11-13 00:41:37",97
"2018-11-13 01:41:37",97
"2018-11-13 02:41:37",97
"2018-11-13 03:41:37",97
"2018-11-13 04:41:36",97
"2018-11-13 05:41:36",97
"2018-11-13 06:41:36",97
"2018-11-13 07:41:37",97
"2018-11-13 08:41:38",97
"2018-11-13 09:41:36",97
"2018-11-13 10:41:37",97
"2018-11-13 11:41:37",97
"2018-11-13 12:41:37",97
"2018-11-13 13:41:36",97
"2018-11-13 14:41:39",97
"2018-11-13 15:41:37",97
"2018-11-13 16:41:36",97
"2018-11-13 17:41:37",97
"2018-11-13 18:41:36",97
"2018-11-13 19:41:37",98
"2018-11-13 20:41:36",98
"2018-11-13 21:41:36",98
"2018-11-13 22:41:36",98
"2018-11-13 23:41:37",98
"2018-11-14 00:41:36",98
"2018-11-14 01:41:37",98
"2018-11-14 02:41:36",98
"2018-11-14 03:41:36",98
"2018-11-14 04:41:37",98
"2018-11-14 05:41:36",98
"2018-11-14 06:41:37",98
"2018-11-14 07:41:37",98
"2018-11-14 08:41:36",98
"2018-11-14 09:41:37",98
"2018-11-14 10:41:36",98
"2018-11-14 11:41:37",98
"2018-11-14 12:41:37",98
"2018-11-14 13:41:37",98
"2018-11-14 14:41:38",98
"2018-11-14 15:41:37",98
"2018-11-14 16:41:38",98
"2018-11-14 17:41:37",98
"2018-11-14 18:41:38",98
"2018-11-14 19:41:38",97
"2018-11-14 20:41:38",96
"2018-11-14 21:41:38",96
"2018-11-14 22:41:37",96
"2018-11-14 23:41:37",96
"2018-11-15 00:41:36",96
"2018-11-15 01:41:37",96
"2018-11-15 02:41:37",96
"2018-11-15 03:41:37",96
"2018-11-15 04:41:37",96
"2018-11-15 05:41:37",96
"2018-11-15 06:41:36",96
"2018-11-15 07:41:36",96
"2018-11-15 08:41:36",96
"2018-11-15 09:41:37",96
"2018-11-15 10:41:37",96
"2018-11-15 11:41:36",96
"2018-11-15 12:41:36",96
"2018-11-15 13:41:37",96
"2018-11-15 14:41:38",96
"2018-11-15 15:41:37",96
"2018-11-15 16:41:36",97
"2018-11-15 17:41:38",97
"2018-11-15 18:41:38",97
"2018-11-15 19:41:36",97
"2018-11-15 20:41:38",98
"2018-11-15 21:41:39",98
"2018-11-15 22:41:37",98
"2018-11-15 23:41:36",98
"2018-11-16 00:41:37",98
"2018-11-16 01:41:36",98
"2018-11-16 02:41:36",98
"2018-11-16 03:41:36",98
"2018-11-16 04:41:36",98
"2018-11-16 05:41:36",98
"2018-11-16 06:41:37",98
"2018-11-16 07:41:37",98
"2018-11-16 08:41:36",98
"2018-11-16 09:41:36",98
"2018-11-16 10:41:37",98
"2018-11-16 11:41:36",98
"2018-11-16 12:41:36",98
"2018-11-16 13:41:36",98
"2018-11-16 14:41:38",98
"2018-11-16 15:41:37",98
"2018-11-16 16:41:37",98
"2018-11-16 17:41:37",98
"2018-11-16 18:41:37",98
"2018-11-16 19:41:36",99
"2018-11-16 20:41:39",99
"2018-11-16 21:41:38",99
"2018-11-16 22:41:37",99
"2018-11-16 23:41:38",99
"2018-11-17 00:41:37",99
"2018-11-17 01:41:37",99
"2018-11-17 02:41:36",99
"2018-11-17 03:41:41",99
"2018-11-17 04:41:37",99
"2018-11-17 05:41:37",99
"2018-11-17 06:41:38",99
"2018-11-17 07:41:36",99
"2018-11-17 08:41:37",99
"2018-11-17 09:41:37",99
"2018-11-17 10:41:37",99
"2018-11-17 11:41:37",99
"2018-11-17 12:41:36",99
"2018-11-17 13:41:36",99
"2018-11-17 14:41:37",99
"2018-11-17 15:41:37",99
"2018-11-17 16:41:36",99
"2018-11-17 17:41:38",99
"2018-11-17 18:41:37",99
"2018-11-17 19:41:37",99
"2018-11-17 20:41:37",99
"2018-11-17 21:41:37",99
"2018-11-17 22:41:36",99
"2018-11-17 23:41:36",99
"2018-11-18 00:41:36",99
"2018-11-18 01:41:36",99
"2018-11-18 02:41:37",99
"2018-11-18 03:41:37",99
"2018-11-18 04:41:36",99
"2018-11-18 05:41:36",99
"2018-11-18 06:41:37",99
"2018-11-18 07:41:36",99
"2018-11-18 08:41:36",99
"2018-11-18 09:41:37",99
"2018-11-18 10:41:36",99
"2018-11-18 11:41:36",99
"2018-11-18 12:41:36",99
"2018-11-18 13:41:36",99
"2018-11-18 14:41:37",99
"2018-11-18 15:41:37",99
"2018-11-18 16:41:36",99
"2018-11-18 17:41:37",99
"2018-11-18 18:41:37",99
"2018-11-18 19:41:36",99
"2018-11-18 20:41:37",99
"2018-11-18 21:41:36",99
"2018-11-18 22:41:36",99
"2018-11-18 23:41:37",99
"2018-11-19 00:41:37",99
"2018-11-19 01:41:37",99
"2018-11-19 02:41:36",99
"2018-11-19 03:41:37",99
"2018-11-19 04:41:36",99
"2018-11-19 05:41:36",99
"2018-11-19 06:41:36",99
"2018-11-19 07:41:36",99
"2018-11-19 08:41:36",99
"2018-11-19 09:41:36",99
"2018-11-19 10:41:37",99
"2018-11-19 11:41:37",99
"2018-11-19 12:41:37",99
"2018-11-19 13:41:36",99
"2018-11-19 14:41:37",99
"2018-11-19 15:41:36",99
"2018-11-19 16:41:38",99
"2018-11-19 17:41:38",99
"2018-11-19 18:41:37",99
"2018-11-19 19:41:37",98
"2018-11-19 20:41:37",98
"2018-11-19 21:41:36",98
"2018-11-19 22:41:37",98
"2018-11-19 23:41:36",98
"2018-11-20 00:41:37",98
"2018-11-20 01:41:37",98
"2018-11-20 02:41:37",98
"2018-11-20 03:41:37",98
"2018-11-20 04:41:36",98
"2018-11-20 05:41:36",98
"2018-11-20 06:41:37",98
"2018-11-20 07:41:37",98
"2018-11-20 08:41:37",98
"2018-11-20 09:41:37",98
"2018-11-20 10:41:36",98
"2018-11-20 11:41:36",98
"2018-11-20 12:41:36",98
"2018-11-20 13:41:37",98
"2018-11-20 14:41:38",98
"2018-11-20 15:41:37",98
"2018-11-20 16:41:36",98
"2018-11-20 17:41:36",98
"2018-11-20 18:41:39",98
"2018-11-20 19:41:37",98
"2018-11-20 20:41:37",98
"2018-11-20 21:41:38",98
"2018-11-20 22:41:37",98
"2018-11-20 23:41:36",98
"2018-11-21 00:41:35",98
"2018-11-21 01:41:35",98
"2018-11-21 02:41:35",98
"2018-11-21 03:41:36",98
"2018-11-21 04:41:36",98
"2018-11-21 05:41:36",98
"2018-11-21 06:41:37",98
"2018-11-21 07:41:37",98
"2018-11-21 08:41:37",98
"2018-11-21 09:41:36",98
"2018-11-21 10:41:36",98
"2018-11-21 11:41:35",98
"2018-11-21 12:41:35",98
"2018-11-21 13:41:35",98
"2018-11-21 14:41:37",98
"2018-11-21 16:41:36",98
"2018-11-21 17:41:38",98
"2018-11-21 18:41:36",98
"2018-11-21 19:41:36",98
"2018-11-21 20:41:37",99
"2018-11-21 21:41:37",99
"2018-11-21 22:41:36",99
"2018-11-21 23:41:36",99
"2018-11-22 00:41:36",99
"2018-11-22 01:41:36",99
"2018-11-22 02:41:36",99
"2018-11-22 03:41:36",99
"2018-11-22 04:41:37",99
"2018-11-22 05:41:36",99
"2018-11-22 06:41:36",99
"2018-11-22 07:41:36",99
"2018-11-22 08:41:36",99
"2018-11-22 09:41:36",99
"2018-11-22 10:41:36",99
"2018-11-22 11:41:36",99
"2018-11-22 12:41:36",99
"2018-11-22 13:41:37",99
"2018-11-22 14:41:36",99
"2018-11-22 15:41:37",99
"2018-11-22 16:41:35",99
"2018-11-22 17:41:37",99
"2018-11-22 18:41:35",99
"2018-11-22 19:41:36",99
"2018-11-22 20:41:36",99
"2018-11-22 21:41:37",99
"2018-11-22 22:41:36",99
"2018-11-22 23:41:36",99
"2018-11-23 00:41:36",99
"2018-11-23 01:41:35",99
"2018-11-23 02:41:36",99
"2018-11-23 03:41:36",99
"2018-11-23 04:41:36",99
"2018-11-23 05:41:36",99
"2018-11-23 06:41:36",99
"2018-11-23 07:41:36",99
"2018-11-23 08:41:36",99
"2018-11-23 09:41:36",99
"2018-11-23 10:41:36",99
"2018-11-23 11:41:37",99
"2018-11-23 12:41:37",99
"2018-11-23 13:41:37",99
"2018-11-23 14:41:36",99
"2018-11-23 15:41:37",99
"2018-11-23 16:41:35",99
"2018-11-23 17:41:36",99
"2018-11-23 18:41:35",99
"2018-11-23 19:41:36",99
"2018-11-23 20:41:37",99
"2018-11-23 21:41:37",99
"2018-11-23 22:41:37",99
"2018-11-23 23:41:37",99
"2018-11-24 00:41:36",99
"2018-11-24 01:41:37",99
"2018-11-24 02:41:38",99
"2018-11-24 03:41:37",99
"2018-11-24 04:41:37",99
"2018-11-24 05:41:38",99
"2018-11-24 06:41:37",99
"2018-11-24 07:41:37",99
"2018-11-24 08:41:37",99
"2018-11-24 09:41:36",99
"2018-11-24 10:41:36",99
"2018-11-24 11:41:38",99
"2018-11-24 12:41:37",99
"2018-11-24 13:41:36",99
"2018-11-24 14:41:37",99
"2018-11-24 15:41:37",99
"2018-11-24 16:41:36",99
"2018-11-24 17:41:37",99
"2018-11-24 18:41:36",99
"2018-11-24 19:41:36",99
"2018-11-24 20:41:37",99
"2018-11-24 21:41:36",99
"2018-11-24 22:41:36",99
"2018-11-24 23:41:37",99
"2018-11-25 00:41:37",99
"2018-11-25 01:41:37",99
"2018-11-25 02:41:37",99
"2018-11-25 03:41:36",99
"2018-11-25 04:41:37",99
"2018-11-25 05:41:37",99
"2018-11-25 06:41:36",99
"2018-11-25 07:41:37",99
"2018-11-25 08:41:36",99
"2018-11-25 09:41:37",99
"2018-11-25 10:41:36",99
"2018-11-25 11:41:37",99
"2018-11-25 12:41:36",99
"2018-11-25 13:41:37",99
"2018-11-25 14:41:36",99
"2018-11-25 15:41:37",99
"2018-11-25 16:41:37",99
"2018-11-25 17:41:37",99
"2018-11-25 18:41:37",99
"2018-11-25 19:41:38",99
"2018-11-25 20:41:37",99
"2018-11-25 21:41:36",99
"2018-11-25 22:41:37",99
"2018-11-25 23:41:37",99
"2018-11-26 00:41:36",99
"2018-11-26 01:41:37",99
"2018-11-26 02:41:38",99
"2018-11-26 03:41:37",99
"2018-11-26 04:41:36",99
"2018-11-26 05:41:37",99
"2018-11-26 06:41:36",99
"2018-11-26 07:41:36",99
"2018-11-26 08:41:37",99
"2018-11-26 09:41:37",99
"2018-11-26 10:41:37",99
"2018-11-26 11:41:37",99
"2018-11-26 12:41:37",99
"2018-11-26 13:41:37",99
"2018-11-26 14:41:40",99
"2018-11-26 15:41:37",99
"2018-11-26 16:41:38",99
"2018-11-26 17:41:38",100
"2018-11-26 18:41:38",100
"2018-11-26 19:41:37",100
"2018-11-26 20:41:38",100
"2018-11-26 21:41:37",100
"2018-11-26 22:41:38",100
"2018-11-26 23:41:39",100
"2018-11-27 00:41:38",100
"2018-11-27 01:41:38",100
"2018-11-27 02:41:38",100
"2018-11-27 03:41:37",100
"2018-11-27 04:41:37",100
"2018-11-27 05:41:38",100
"2018-11-27 06:41:38",100
"2018-11-27 07:41:37",100
"2018-11-27 08:41:37",100
"2018-11-27 09:41:37",100
"2018-11-27 10:41:38",100
"2018-11-27 11:41:37",100
"2018-11-27 12:41:37",100
"2018-11-27 13:41:38",100
"2018-11-27 14:41:39",100
"2018-11-27 15:41:39",100
"2018-11-27 16:41:40",99
"2018-11-27 17:41:39",99
"2018-11-27 18:41:38",99
"2018-11-27 19:41:39",99
"2018-11-27 20:41:38",99
"2018-11-27 21:41:39",99
"2018-11-27 22:41:39",99
"2018-11-27 23:41:39",99
"2018-11-28 00:41:39",99
"2018-11-28 01:41:38",99
"2018-11-28 02:41:38",99
"2018-11-28 03:41:39",99
"2018-11-28 04:41:39",99
"2018-11-28 05:41:39",99
"2018-11-28 06:41:38",99
"2018-11-28 07:41:37",99
"2018-11-28 08:41:38",99
"2018-11-28 09:41:40",99
"2018-11-28 10:41:39",99
"2018-11-28 11:41:38",99
"2018-11-28 12:41:38",99
"2018-11-28 14:06:40",99
"2018-11-28 14:41:38",99
"2018-11-28 15:41:40",99
"2018-11-28 16:41:39",99
"2018-11-28 17:41:39",99
"2018-11-28 18:41:37",99
"2018-11-28 19:41:38",99
"2018-11-28 20:41:38",99
"2018-11-28 21:41:38",99
"2018-11-28 22:41:37",99
"2018-11-28 23:41:37",99
"2018-11-29 00:41:37",99
"2018-11-29 01:41:38",99
"2018-11-29 02:41:37",99
"2018-11-29 03:41:37",99
"2018-11-29 04:41:37",99
"2018-11-29 05:41:37",99
"2018-11-29 06:41:37",99
"2018-11-29 07:41:36",99
"2018-11-29 08:41:36",99
"2018-11-29 09:41:37",99
"2018-11-29 10:41:38",99
"2018-11-29 11:41:37",99
"2018-11-29 12:41:37",99
"2018-11-29 13:41:38",99
"2018-11-29 15:06:41",100
"2018-11-29 15:41:38",100
"2018-11-29 16:41:38",100
"2018-11-29 17:41:39",100
"2018-11-29 18:41:39",100
"2018-11-29 19:41:37",100
"2018-11-29 20:41:36",100
"2018-11-29 21:41:38",100
"2018-11-29 22:41:38",100
"2018-11-29 23:41:38",100
"2018-11-30 00:41:39",100
"2018-11-30 01:41:39",100
"2018-11-30 02:41:37",100
"2018-11-30 03:41:38",100
"2018-11-30 04:41:37",100
"2018-11-30 05:41:38",100
"2018-11-30 06:41:37",100
"2018-11-30 07:41:37",100
"2018-11-30 08:41:37",100
"2018-11-30 09:41:38",100
"2018-11-30 10:41:37",100
"2018-11-30 11:41:37",100
"2018-11-30 12:41:37",100
"2018-11-30 13:41:37",100
"2018-11-30 14:41:39",100
"2018-11-30 15:41:38",100
"2018-11-30 16:41:38",100
"2018-11-30 17:41:38",100
"2018-11-30 18:41:37",100
"2018-11-30 19:41:37",100
"2018-11-30 20:41:37",100
"2018-11-30 21:41:37",100
"2018-11-30 22:41:39",100
"2018-11-30 23:41:38",100
"2018-12-01 00:41:37",100
"2018-12-01 01:41:37",100
"2018-12-01 02:41:37",100
"2018-12-01 03:41:37",100
"2018-12-01 04:41:37",100
"2018-12-01 05:41:37",100
"2018-12-01 06:41:37",100
"2018-12-01 07:41:37",100
"2018-12-01 08:41:37",100
"2018-12-01 09:41:37",100
"2018-12-01 10:41:37",100
"2018-12-01 11:41:38",100
"2018-12-01 12:41:37",100
"2018-12-01 13:41:38",100
"2018-12-01 14:41:36",100
"2018-12-01 15:41:37",100
"2018-12-01 16:41:37",100
"2018-12-01 17:41:37",100
"2018-12-01 18:41:37",100
"2018-12-01 19:41:36",100
"2018-12-01 20:41:37",100
"2018-12-01 21:41:37",100
"2018-12-01 22:41:38",100
"2018-12-01 23:41:38",100
"2018-12-02 00:41:36",100
"2018-12-02 01:41:37",100
"2018-12-02 02:41:37",100
"2018-12-02 03:41:37",100
"2018-12-02 04:41:38",100
"2018-12-02 05:41:37",100
"2018-12-02 06:41:37",100
"2018-12-02 07:41:38",100
"2018-12-02 08:41:38",100
"2018-12-02 09:41:37",100
"2018-12-02 10:41:38",100
"2018-12-02 11:41:37",100
"2018-12-02 12:41:36",100
"2018-12-02 13:41:37",100
"2018-12-02 14:41:36",100
"2018-12-02 15:41:38",100
"2018-12-02 16:41:37",100
"2018-12-02 17:41:37",100
"2018-12-02 18:41:36",100
"2018-12-02 19:41:37",100
"2018-12-02 20:41:37",100
"2018-12-02 21:41:36",100
"2018-12-02 22:41:36",100
"2018-12-02 23:41:37",100
"2018-12-03 00:41:37",100
"2018-12-03 01:41:36",100
"2018-12-03 02:41:37",100
"2018-12-03 03:41:37",100
"2018-12-03 04:41:38",100
"2018-12-03 05:41:36",100
"2018-12-03 06:41:37",100
"2018-12-03 07:41:37",100
"2018-12-03 08:41:37",100
"2018-12-03 09:41:38",100
"2018-12-03 10:41:37",100
"2018-12-03 11:41:38",100
"2018-12-03 12:41:36",100
"2018-12-03 13:41:36",100
"2018-12-03 14:41:41",100
"2018-12-03 15:41:37",100
"2018-12-03 16:41:38",99
"2018-12-03 17:41:38",102
"2018-12-03 18:41:37",102
"2018-12-03 19:41:36",103
"2018-12-03 20:41:37",104
"2018-12-03 21:41:37",105
"2018-12-03 22:41:38",105
"2018-12-03 23:41:39",105
"2018-12-04 00:41:38",105
"2018-12-04 01:41:37",105
"2018-12-04 02:41:38",105
"2018-12-04 03:41:37",105
"2018-12-04 04:41:37",105
"2018-12-04 05:41:39",105
"2018-12-04 06:41:38",105
"2018-12-04 07:41:38",105
"2018-12-04 08:41:38",105
"2018-12-04 09:41:37",105
"2018-12-04 10:41:36",105
"2018-12-04 11:41:37",105
"2018-12-04 12:41:37",105
"2018-12-04 13:41:37",105
"2018-12-04 15:08:11",107
"2018-12-04 15:41:38",107
"2018-12-04 16:41:37",110
"2018-12-04 17:41:38",111
"2018-12-04 18:41:38",109
"2018-12-04 19:41:38",109
"2018-12-04 20:41:38",109
"2018-12-04 21:41:38",109
"2018-12-04 22:41:39",109
"2018-12-04 23:41:38",109
"2018-12-05 00:41:38",109
"2018-12-05 01:41:38",109
"2018-12-05 02:41:39",109
"2018-12-05 03:41:38",109
"2018-12-05 04:41:40",109
"2018-12-05 05:41:40",109
"2018-12-05 06:41:37",109
"2018-12-05 07:41:37",109
"2018-12-05 08:41:37",109
"2018-12-05 09:41:37",109
"2018-12-05 10:41:38",109
"2018-12-05 11:41:38",109
"2018-12-05 12:41:37",109
"2018-12-05 13:41:36",109
"2018-12-05 14:41:37",109
"2018-12-05 15:41:38",109
"2018-12-05 16:41:37",109
"2018-12-05 17:41:37",109
"2018-12-05 18:41:38",109
"2018-12-05 19:41:38",109
"2018-12-05 20:41:37",109
"2018-12-05 21:41:38",109
"2018-12-05 22:41:38",109
"2018-12-05 23:41:38",109
"2018-12-06 00:41:38",109
"2018-12-06 01:41:38",109
"2018-12-06 02:41:38",109
"2018-12-06 03:41:39",109
"2018-12-06 04:41:36",109
"2018-12-06 05:41:37",109
"2018-12-06 06:41:37",109
"2018-12-06 07:41:36",109
"2018-12-06 08:41:38",109
"2018-12-06 09:41:38",109
"2018-12-06 10:41:37",109
"2018-12-06 11:41:38",109
"2018-12-06 12:41:37",109
"2018-12-06 13:41:38",109
"2018-12-06 14:41:38",109
"2018-12-06 15:41:38",108
"2018-12-06 16:41:38",107
"2018-12-06 17:41:39",107
"2018-12-06 18:41:38",107
"2018-12-06 19:41:37",107
"2018-12-06 20:41:37",107
"2018-12-06 21:41:37",107
"2018-12-06 22:41:37",107
"2018-12-06 23:41:39",107
"2018-12-07 00:41:41",107
"2018-12-07 01:41:41",107
"2018-12-07 02:41:40",107
"2018-12-07 03:41:41",107
"2018-12-07 04:41:41",107
"2018-12-07 05:41:41",107
"2018-12-07 06:41:41",107
"2018-12-07 07:41:40",107
"2018-12-07 08:41:40",107
"2018-12-07 09:41:40",107
"2018-12-07 10:41:40",107
"2018-12-07 11:41:40",107
"2018-12-07 12:41:41",107
"2018-12-07 14:06:41",108
"2018-12-07 14:41:42",108
"2018-12-07 16:06:44",108
"2018-12-07 16:41:40",108
"2018-12-07 17:41:41",108
"2018-12-07 18:41:40",109
"2018-12-07 19:41:42",110
"2018-12-07 20:41:41",109
"2018-12-07 21:41:40",108
"2018-12-07 22:41:42",108
"2018-12-07 23:41:42",108
"2018-12-08 00:41:41",108
"2018-12-08 01:41:40",108
"2018-12-08 03:41:41",108
"2018-12-08 04:41:41",108
"2018-12-08 05:41:41",108
"2018-12-08 06:41:40",108
"2018-12-08 07:41:41",108
"2018-12-08 08:41:40",108
"2018-12-08 09:41:40",108
"2018-12-08 10:41:41",108
"2018-12-08 11:41:40",108
"2018-12-08 12:41:40",108
"2018-12-08 13:41:39",108
"2018-12-08 14:41:40",108
"2018-12-08 15:41:40",108
"2018-12-08 16:41:41",108
"2018-12-08 17:41:40",108
"2018-12-08 18:41:39",108
"2018-12-08 19:41:41",108
"2018-12-08 20:41:42",108
"2018-12-08 21:41:42",108
"2018-12-08 22:41:40",108
"2018-12-08 23:41:41",108
"2018-12-09 00:41:41",108
"2018-12-09 01:41:41",108
"2018-12-09 02:41:41",108
"2018-12-09 03:41:40",108
"2018-12-09 04:41:40",108
"2018-12-09 05:41:40",108
"2018-12-09 06:41:40",108
"2018-12-09 07:41:41",108
"2018-12-09 08:41:40",108
"2018-12-09 09:41:42",108
"2018-12-09 10:41:40",108
"2018-12-09 11:41:41",108
"2018-12-09 12:41:40",108
"2018-12-09 13:41:41",108
"2018-12-09 14:41:40",108
"2018-12-09 15:41:41",108
"2018-12-09 16:41:40",108
"2018-12-09 17:41:40",108
"2018-12-09 18:41:40",108
"2018-12-09 19:41:39",108
"2018-12-09 20:41:40",108
"2018-12-09 21:41:40",108
"2018-12-09 22:41:41",108
"2018-12-09 23:41:40",108
"2018-12-10 00:41:41",108
"2018-12-10 01:41:40",108
"2018-12-10 02:41:40",108
"2018-12-10 03:41:40",108
"2018-12-10 04:41:41",108
"2018-12-10 05:41:40",108
"2018-12-10 06:41:42",108
"2018-12-10 07:41:42",108
"2018-12-10 08:41:40",108
"2018-12-10 09:41:41",108
"2018-12-10 10:41:41",108
"2018-12-10 11:41:40",108
"2018-12-10 12:41:41",108
"2018-12-10 13:41:42",108
"2018-12-10 15:05:15",108
"2018-12-10 15:41:40",108
"2018-12-10 16:41:41",107
"2018-12-10 17:41:41",107
"2018-12-10 18:41:41",107
"2018-12-10 19:41:41",107
"2018-12-10 20:41:40",107
"2018-12-10 21:41:41",107
"2018-12-10 22:41:41",107
"2018-12-10 23:41:41",107
"2018-12-11 00:41:40",107
"2018-12-11 01:41:40",107
"2018-12-11 02:41:40",107
"2018-12-11 03:41:41",107
"2018-12-11 04:41:40",107
"2018-12-11 05:41:41",107
"2018-12-11 06:41:41",107
"2018-12-11 07:41:41",107
"2018-12-11 08:41:41",107
"2018-12-11 09:41:41",107
"2018-12-11 10:41:40",107
"2018-12-11 11:41:41",107
"2018-12-11 12:41:41",107
"2018-12-11 13:41:40",107
"2018-12-11 15:06:14",107
"2018-12-11 15:41:41",107
"2018-12-11 16:41:41",107
"2018-12-11 17:41:41",107
"2018-12-11 18:41:41",107
"2018-12-11 19:41:41",107
"2018-12-11 20:41:41",107
"2018-12-11 21:41:42",107
"2018-12-11 22:41:42",107
"2018-12-11 23:41:41",107
"2018-12-12 00:41:40",107
"2018-12-12 01:41:40",107
"2018-12-12 02:41:41",107
"2018-12-12 03:41:41",107
"2018-12-12 04:41:40",107
"2018-12-12 05:41:39",107
"2018-12-12 06:41:40",107
"2018-12-12 07:41:40",107
"2018-12-12 08:41:41",107
"2018-12-12 09:41:40",107
"2018-12-12 10:41:41",107
"2018-12-12 11:41:41",107
"2018-12-12 12:41:43",107
"2018-12-12 14:07:15",107
"2018-12-12 14:41:42",107
"2018-12-12 15:41:41",107
"2018-12-12 16:41:42",107
"2018-12-12 17:41:41",108
"2018-12-12 18:41:40",110
"2018-12-12 19:41:41",112
"2018-12-12 20:41:41",114
"2018-12-12 21:41:41",118
"2018-12-12 22:41:41",118
"2018-12-12 23:41:41",118
"2018-12-13 00:41:40",118
"2018-12-13 01:41:41",118
"2018-12-13 02:41:41",118
"2018-12-13 03:41:40",118
"2018-12-13 04:41:43",118
"2018-12-13 05:41:42",118
"2018-12-13 06:41:42",118
"2018-12-13 07:41:41",118
"2018-12-13 08:41:40",118
"2018-12-13 09:41:40",118
"2018-12-13 10:41:40",118
"2018-12-13 11:41:40",118
"2018-12-13 12:41:40",118
"2018-12-13 14:05:44",118
"2018-12-13 14:41:41",118
"2018-12-13 15:41:42",116
"2018-12-13 16:41:41",117
"2018-12-13 17:41:41",117
"2018-12-13 18:41:41",117
"2018-12-13 19:41:41",117
"2018-12-13 20:41:41",117
"2018-12-13 21:41:40",116
"2018-12-13 22:41:41",116
"2018-12-13 23:41:41",116
"2018-12-14 00:41:41",116
"2018-12-14 01:41:41",116
"2018-12-14 02:41:40",116
"2018-12-14 03:41:40",116
"2018-12-14 04:41:42",116
"2018-12-14 05:41:41",116
"2018-12-14 06:41:41",116
"2018-12-14 07:41:41",116
"2018-12-14 08:41:41",116
"2018-12-14 09:41:41",116
"2018-12-14 10:41:41",116
"2018-12-14 11:41:41",116
"2018-12-14 12:41:41",116
"2018-12-14 14:05:43",116
"2018-12-14 14:41:41",116
"2018-12-14 15:41:41",117
"2018-12-14 16:41:41",117
"2018-12-14 17:41:41",117
"2018-12-14 18:41:43",116
"2018-12-14 19:41:43",116
"2018-12-14 20:41:42",116
"2018-12-14 21:41:40",116
"2018-12-14 22:41:42",116
"2018-12-14 23:41:42",116
"2018-12-15 00:41:41",116
"2018-12-15 01:41:42",116
"2018-12-15 02:41:40",116
"2018-12-15 03:41:41",116
"2018-12-15 04:41:40",116
"2018-12-15 05:41:42",116
"2018-12-15 06:41:41",116
"2018-12-15 07:41:41",116
"2018-12-15 08:41:40",116
"2018-12-15 09:41:40",116
"2018-12-15 10:41:41",116
"2018-12-15 11:41:41",116
"2018-12-15 12:41:41",116
"2018-12-15 13:41:41",116
"2018-12-15 14:41:41",116
"2018-12-15 15:41:41",116
"2018-12-15 16:41:41",116
"2018-12-15 17:41:42",116
"2018-12-15 18:41:41",116
"2018-12-15 19:41:41",116
"2018-12-15 20:41:40",116
"2018-12-15 21:41:40",116
"2018-12-15 22:41:41",116
"2018-12-15 23:41:40",116
"2018-12-16 00:41:41",116
"2018-12-16 01:41:41",116
"2018-12-16 02:41:40",116
"2018-12-16 03:41:41",116
"2018-12-16 04:41:42",116
"2018-12-16 05:41:40",116
"2018-12-16 06:41:42",116
"2018-12-16 07:41:41",116
"2018-12-16 08:41:40",116
"2018-12-16 09:41:42",116
"2018-12-16 10:41:40",116
"2018-12-16 11:41:40",116
"2018-12-16 12:41:40",116
"2018-12-16 13:41:41",116
"2018-12-16 14:41:40",116
"2018-12-16 15:41:40",116
"2018-12-16 16:41:40",116
"2018-12-16 17:41:42",116
"2018-12-16 18:41:40",116
"2018-12-16 19:41:41",116
"2018-12-16 20:41:41",116
"2018-12-16 21:41:41",116
"2018-12-16 22:41:42",116
"2018-12-16 23:41:42",116
"2018-12-17 00:41:41",116
"2018-12-17 01:41:40",116
"2018-12-17 02:41:41",116
"2018-12-17 03:41:41",116
"2018-12-17 04:41:43",116
"2018-12-17 05:41:40",116
"2018-12-17 06:41:42",116
"2018-12-17 07:41:41",116
"2018-12-17 08:41:41",116
"2018-12-17 09:41:41",116
"2018-12-17 10:41:41",116
"2018-12-17 11:41:40",116
"2018-12-17 12:41:40",116
"2018-12-17 13:41:43",116
"2018-12-17 14:41:45",116
"2018-12-17 15:41:43",117
"2018-12-17 16:41:43",118
"2018-12-17 17:41:42",117
"2018-12-17 18:41:43",117
"2018-12-17 20:07:15",120
"2018-12-17 20:41:42",120
"2018-12-17 21:41:43",120
"2018-12-17 22:41:42",120
"2018-12-17 23:41:42",120
"2018-12-18 00:41:42",120
"2018-12-18 01:41:43",120
"2018-12-18 02:41:41",120
"2018-12-18 03:41:42",120
"2018-12-18 04:41:42",120
"2018-12-18 05:41:42",120
"2018-12-18 06:41:42",120
"2018-12-18 07:41:42",120
"2018-12-18 08:41:42",120
"2018-12-18 09:41:41",120
"2018-12-18 10:41:42",120
"2018-12-18 11:41:41",120
"2018-12-18 12:41:42",120
"2018-12-18 13:41:41",120
"2018-12-18 14:41:42",120
"2018-12-18 15:41:42",120
"2018-12-18 16:41:41",122
"2018-12-18 17:41:42",125
"2018-12-18 18:41:41",128
"2018-12-18 19:41:41",128
"2018-12-18 20:41:43",129
"2018-12-18 21:41:42",132
"2018-12-18 22:41:42",132
"2018-12-18 23:41:43",132
"2018-12-19 00:41:41",132
"2018-12-19 01:41:43",132
"2018-12-19 02:41:42",132
"2018-12-19 03:41:43",132
"2018-12-19 04:41:42",132
"2018-12-19 05:41:44",132
"2018-12-19 06:41:43",132
"2018-12-19 07:41:42",132
"2018-12-19 08:41:42",132
"2018-12-19 09:41:43",132
"2018-12-19 11:41:42",132
"2018-12-19 12:41:42",132
"2018-12-19 13:41:42",132
"2018-12-19 14:41:42",133
"2018-12-19 15:41:42",129
"2018-12-19 16:41:42",125
"2018-12-19 17:41:41",123
"2018-12-19 18:41:42",124
"2018-12-19 19:41:42",123
"2018-12-19 20:41:41",123
"2018-12-19 21:41:44",124
"2018-12-19 22:41:44",124
"2018-12-19 23:41:44",124
"2018-12-20 00:41:44",124
"2018-12-20 01:41:43",124
"2018-12-20 02:41:43",124
"2018-12-20 03:41:44",124
"2018-12-20 04:41:43",124
"2018-12-20 05:41:42",124
"2018-12-20 06:41:42",124
"2018-12-20 07:41:43",124
"2018-12-20 08:41:43",124
"2018-12-20 09:41:42",124
"2018-12-20 10:41:43",124
"2018-12-20 11:41:42",124
"2018-12-20 12:41:42",124
"2018-12-20 13:41:42",124
"2018-12-20 14:41:43",124
"2018-12-20 15:41:43",124
"2018-12-20 16:41:44",123
"2018-12-20 17:41:43",123
"2018-12-20 18:41:42",123
"2018-12-20 19:41:42",123
"2018-12-20 20:41:43",122
"2018-12-20 21:41:43",121
"2018-12-20 22:41:43",121
"2018-12-20 23:41:43",121
"2018-12-21 00:41:43",121
"2018-12-21 01:41:43",121
"2018-12-21 02:41:43",121
"2018-12-21 03:41:42",121
"2018-12-21 04:41:43",121
"2018-12-21 05:41:41",121
"2018-12-21 06:41:43",121
"2018-12-21 07:41:41",121
"2018-12-21 08:41:42",121
"2018-12-21 09:41:42",121
"2018-12-21 10:41:41",121
"2018-12-21 11:41:42",121
"2018-12-21 12:41:42",121
"2018-12-21 13:41:42",121
"2018-12-21 14:41:44",121
"2018-12-21 15:41:43",121
"2018-12-21 16:41:42",121
"2018-12-21 17:41:43",121
"2018-12-21 18:41:45",121
"2018-12-21 19:41:42",121
"2018-12-21 20:41:45",121
"2018-12-21 21:41:44",121
"2018-12-21 22:41:44",121
"2018-12-21 23:41:42",121
"2018-12-22 00:41:43",121
"2018-12-22 01:41:43",121
"2018-12-22 02:41:45",121
"2018-12-22 03:41:41",121
"2018-12-22 04:41:44",121
"2018-12-22 05:41:41",121
"2018-12-22 06:41:44",121
"2018-12-22 07:41:43",121
"2018-12-22 08:41:41",121
"2018-12-22 09:41:41",121
"2018-12-22 10:41:42",121
"2018-12-22 11:41:41",121
"2018-12-22 12:41:41",121
"2018-12-22 13:41:41",121
"2018-12-22 14:41:42",121
"2018-12-22 15:41:42",121
"2018-12-22 16:41:41",121
"2018-12-22 17:41:42",121
"2018-12-22 18:41:42",121
"2018-12-22 19:41:43",121
"2018-12-22 20:41:43",121
"2018-12-22 21:41:43",121
"2018-12-22 22:41:43",121
"2018-12-22 23:41:42",121
"2018-12-23 00:41:42",121
"2018-12-23 01:41:42",121
"2018-12-23 02:41:42",121
"2018-12-23 03:41:43",121
"2018-12-23 04:41:43",121
"2018-12-23 05:41:42",121
"2018-12-23 06:41:43",121
"2018-12-23 07:41:42",121
"2018-12-23 08:41:43",121
"2018-12-23 09:41:42",121
"2018-12-23 10:41:44",121
"2018-12-23 11:41:43",121
"2018-12-23 12:41:41",121
"2018-12-23 13:41:43",121
"2018-12-23 14:41:43",121
"2018-12-23 15:41:43",121
"2018-12-23 16:41:43",121
"2018-12-23 17:41:44",121
"2018-12-23 18:41:43",121
"2018-12-23 19:41:43",121
"2018-12-23 20:41:44",121
"2018-12-23 21:41:44",121
"2018-12-23 22:41:43",121
"2018-12-23 23:41:41",121
"2018-12-24 00:41:43",121
"2018-12-24 01:41:44",121
"2018-12-24 02:41:45",121
"2018-12-24 03:41:44",121
"2018-12-24 04:41:41",121
"2018-12-24 05:41:42",121
"2018-12-24 06:41:43",121
"2018-12-24 07:41:44",121
"2018-12-24 08:41:41",121
"2018-12-24 09:41:45",121
"2018-12-24 10:41:42",121
"2018-12-24 11:41:43",121
"2018-12-24 12:41:42",121
"2018-12-24 13:41:43",121
"2018-12-24 15:05:18",121
"2018-12-24 15:41:45",121
"2018-12-24 16:41:43",120
"2018-12-24 17:41:43",120
"2018-12-24 18:41:45",119
"2018-12-24 19:41:44",119
"2018-12-24 20:41:44",119
"2018-12-24 21:41:41",119
"2018-12-24 22:41:42",119
"2018-12-24 23:41:41",119
"2018-12-25 00:41:42",119
"2018-12-25 01:41:41",119
"2018-12-25 02:41:43",119
"2018-12-25 03:41:42",119
"2018-12-25 04:41:43",119
"2018-12-25 05:41:42",119
"2018-12-25 06:41:42",119
"2018-12-25 07:41:43",119
"2018-12-25 08:41:41",119
"2018-12-25 09:41:42",119
"2018-12-25 10:41:41",119
"2018-12-25 11:41:41",119
"2018-12-25 12:41:42",119
"2018-12-25 13:41:42",119
"2018-12-25 14:41:42",119
"2018-12-25 15:41:42",119
"2018-12-25 16:41:41",119
"2018-12-25 17:41:42",119
"2018-12-25 18:41:42",119
"2018-12-25 19:41:42",119
"2018-12-25 20:41:42",119
"2018-12-25 21:41:42",119
"2018-12-25 22:41:42",119
"2018-12-25 23:41:42",119
"2018-12-26 00:41:42",119
"2018-12-26 01:41:42",119
"2018-12-26 02:41:42",119
"2018-12-26 03:41:42",119
"2018-12-26 04:41:42",119
"2018-12-26 05:41:41",119
"2018-12-26 06:41:44",119
"2018-12-26 07:41:42",119
"2018-12-26 08:41:43",119
"2018-12-26 09:41:41",119
"2018-12-26 10:41:42",119
"2018-12-26 11:41:41",119
"2018-12-26 12:41:42",119
"2018-12-26 13:41:45",119
"2018-12-26 15:06:49",119
"2018-12-26 15:41:44",119
"2018-12-26 16:41:44",119
"2018-12-26 17:41:44",119
"2018-12-26 18:41:43",119
"2018-12-26 19:41:44",119
"2018-12-26 20:41:44",120
"2018-12-26 21:41:45",122
"2018-12-26 22:41:45",122
"2018-12-26 23:41:44",122
"2018-12-27 00:41:45",122
"2018-12-27 01:41:45",122
"2018-12-27 02:41:44",122
"2018-12-27 03:41:45",122
"2018-12-27 04:41:43",122
"2018-12-27 05:41:44",122
"2018-12-27 06:41:43",122
"2018-12-27 07:41:44",122
"2018-12-27 08:41:43",122
"2018-12-27 09:41:44",122
"2018-12-27 10:41:44",122
"2018-12-27 11:41:43",122
"2018-12-27 12:41:43",122
"2018-12-27 13:41:42",122
"2018-12-27 14:41:43",122
"2018-12-27 15:41:42",124
"2018-12-27 16:41:43",125
"2018-12-27 17:41:45",125
"2018-12-27 18:41:45",126
"2018-12-27 19:41:45",126
"2018-12-27 20:41:43",126
"2018-12-27 21:41:44",126
"2018-12-27 22:41:48",126
"2018-12-27 23:41:48",126
"2018-12-28 00:41:46",126
"2018-12-28 01:41:45",126
"2018-12-28 02:41:45",126
"2018-12-28 03:41:43",126
"2018-12-28 04:41:45",126
"2018-12-28 05:41:44",126
"2018-12-28 06:41:46",126
"2018-12-28 07:41:47",126
"2018-12-28 08:41:45",126
"2018-12-28 09:41:45",126
"2018-12-28 10:41:43",126
"2018-12-28 11:41:44",126
"2018-12-28 12:41:43",126
"2018-12-28 13:41:43",126
"2018-12-28 14:41:44",126
"2018-12-28 16:07:17",125
"2018-12-28 16:41:44",125
"2018-12-28 17:41:45",125
"2018-12-28 18:41:45",125
"2018-12-28 19:41:44",126
"2018-12-28 20:41:45",125
"2018-12-28 21:41:45",125
"2018-12-28 22:41:43",125
"2018-12-28 23:41:45",125
"2018-12-29 00:41:43",125
"2018-12-29 01:41:43",125
"2018-12-29 02:41:44",125
"2018-12-29 03:41:43",125
"2018-12-29 04:41:43",125
"2018-12-29 05:41:43",125
"2018-12-29 06:41:42",125
"2018-12-29 07:41:45",125
"2018-12-29 08:41:45",125
"2018-12-29 09:41:44",125
"2018-12-29 10:41:43",125
"2018-12-29 11:41:44",125
"2018-12-29 12:41:43",125
"2018-12-29 13:41:43",125
"2018-12-29 14:41:42",125
"2018-12-29 15:41:42",125
"2018-12-29 16:41:44",125
"2018-12-29 17:41:43",125
"2018-12-29 18:41:44",125
"2018-12-29 19:41:45",125
"2018-12-29 20:41:43",125
"2018-12-29 21:41:46",125
"2018-12-29 22:41:44",125
"2018-12-29 23:41:46",125
"2018-12-30 00:41:43",125
"2018-12-30 01:41:44",125
"2018-12-30 02:41:42",125
"2018-12-30 03:41:43",125
"2018-12-30 04:41:43",125
"2018-12-30 05:41:43",125
"2018-12-30 06:41:42",125
"2018-12-30 07:41:43",125
"2018-12-30 08:41:42",125
"2018-12-30 09:41:42",125
"2018-12-30 10:41:42",125
"2018-12-30 11:41:43",125
"2018-12-30 12:41:43",125
"2018-12-30 13:41:43",125
"2018-12-30 14:41:43",125
"2018-12-30 15:41:42",125
"2018-12-30 16:41:42",125
"2018-12-30 17:41:43",125
"2018-12-30 18:41:42",125
"2018-12-30 19:41:43",125
"2018-12-30 20:41:42",125
"2018-12-30 21:41:44",125
"2018-12-30 22:41:44",125
"2018-12-30 23:41:43",125
"2018-12-31 00:41:43",125
"2018-12-31 01:41:43",125
"2018-12-31 02:41:42",125
"2018-12-31 03:41:44",125
"2018-12-31 04:41:44",125
"2018-12-31 05:41:46",125
"2018-12-31 06:41:43",125
"2018-12-31 07:41:43",125
"2018-12-31 08:41:43",125
"2018-12-31 09:41:44",125
"2018-12-31 10:41:44",125
"2018-12-31 11:41:43",125
"2018-12-31 12:41:42",125
"2018-12-31 13:41:42",125
"2018-12-31 14:41:45",125
"2018-12-31 15:41:43",129
"2018-12-31 16:41:43",128
"2018-12-31 17:41:44",127
"2018-12-31 18:41:43",131
"2018-12-31 19:41:44",131
"2018-12-31 20:41:44",131
"2018-12-31 21:41:44",133
"2018-12-31 22:41:43",133
"2018-12-31 23:41:43",133
"2019-01-01 00:41:44",133
"2019-01-01 01:41:44",133
"2019-01-01 02:41:44",133
"2019-01-01 03:41:43",133
"2019-01-01 04:41:43",133
"2019-01-01 05:41:43",133
"2019-01-01 06:41:43",133
"2019-01-01 07:41:43",133
"2019-01-01 08:41:43",133
"2019-01-01 09:41:42",133
"2019-01-01 10:41:42",133
"2019-01-01 11:41:43",133
"2019-01-01 12:41:42",133
"2019-01-01 13:41:43",133
"2019-01-01 14:41:43",133
"2019-01-01 15:41:43",133
"2019-01-01 16:41:43",133
"2019-01-01 17:41:43",133
"2019-01-01 18:41:42",133
"2019-01-01 19:41:43",133
"2019-01-01 20:41:43",133
"2019-01-01 21:41:42",133
"2019-01-01 22:41:45",133
"2019-01-01 23:41:42",133
"2019-01-02 00:41:43",133
"2019-01-02 01:41:42",133
"2019-01-02 02:41:43",133
"2019-01-02 03:41:43",133
"2019-01-02 04:41:43",133
"2019-01-02 05:41:44",133
"2019-01-02 06:41:43",133
"2019-01-02 07:41:44",133
"2019-01-02 08:41:43",133
"2019-01-02 09:41:43",133
"2019-01-02 10:41:44",133
"2019-01-02 11:41:42",133
"2019-01-02 12:41:42",133
"2019-01-02 13:41:43",133
"2019-01-02 15:06:50",132
"2019-01-02 15:41:44",132
"2019-01-02 16:41:43",131
"2019-01-02 17:41:44",131
"2019-01-02 18:41:45",131
"2019-01-02 19:41:45",131
"2019-01-02 20:41:45",131
"2019-01-02 21:41:43",132
"2019-01-02 22:41:44",132
"2019-01-02 23:41:45",132
"2019-01-03 00:41:45",132
"2019-01-03 01:41:44",132
"2019-01-03 02:41:45",132
"2019-01-03 03:41:44",132
"2019-01-03 05:41:45",132
"2019-01-03 06:41:44",132
"2019-01-03 07:41:44",132
"2019-01-03 08:41:44",132
"2019-01-03 09:41:44",132
"2019-01-03 10:41:44",132
"2019-01-03 11:41:43",132
"2019-01-03 12:41:44",132
"2019-01-03 13:41:43",132
"2019-01-03 14:41:46",132
"2019-01-03 15:41:46",132
"2019-01-03 16:41:47",130
"2019-01-03 17:41:48",131
"2019-01-03 18:41:45",131
"2019-01-03 19:41:46",131
"2019-01-03 20:41:44",131
"2019-01-03 21:41:45",132
"2019-01-03 22:41:46",132
"2019-01-03 23:41:44",132
"2019-01-04 00:41:45",132
"2019-01-04 01:41:45",132
"2019-01-04 02:41:47",132
"2019-01-04 03:41:45",132
"2019-01-04 04:41:44",132
"2019-01-04 05:41:45",132
"2019-01-04 06:41:45",132
"2019-01-04 07:41:44",132
"2019-01-04 08:41:44",132
"2019-01-04 09:41:45",132
"2019-01-04 10:41:44",132
"2019-01-04 11:41:45",132
"2019-01-04 12:41:44",132
"2019-01-04 13:41:44",132
"2019-01-04 15:06:20",134
"2019-01-04 15:41:46",134
"2019-01-04 16:41:45",133
"2019-01-04 17:41:44",134
"2019-01-04 18:41:46",134
"2019-01-04 19:41:46",133
"2019-01-04 20:41:45",133
"2019-01-04 21:41:45",134
"2019-01-04 22:41:43",134
"2019-01-04 23:41:45",134
"2019-01-05 00:41:46",134
"2019-01-05 01:41:44",134
"2019-01-05 02:41:45",134
"2019-01-05 03:41:44",134
"2019-01-05 04:41:45",134
"2019-01-05 05:41:44",134
"2019-01-05 06:41:43",134
"2019-01-05 07:41:44",134
"2019-01-05 08:41:45",134
"2019-01-05 09:41:45",134
"2019-01-05 10:41:44",134
"2019-01-05 11:41:43",134
"2019-01-05 12:41:44",134
"2019-01-05 13:41:44",134
"2019-01-05 14:41:44",134
"2019-01-05 15:41:43",134
"2019-01-05 16:41:44",134
"2019-01-05 17:41:44",134
"2019-01-05 18:41:44",134
"2019-01-05 19:41:46",134
"2019-01-05 20:41:44",134
"2019-01-05 21:41:46",134
"2019-01-05 22:41:44",134
"2019-01-05 23:41:44",134
"2019-01-06 00:41:44",134
"2019-01-06 01:41:44",134
"2019-01-06 02:41:43",134
"2019-01-06 03:41:44",134
"2019-01-06 04:41:44",134
"2019-01-06 05:41:44",134
"2019-01-06 06:41:43",134
"2019-01-06 07:41:45",134
"2019-01-06 08:41:43",134
"2019-01-06 09:41:43",134
"2019-01-06 10:41:43",134
"2019-01-06 11:41:43",134
"2019-01-06 12:41:44",134
"2019-01-06 13:41:44",134
"2019-01-06 14:41:43",134
"2019-01-06 15:41:44",134
"2019-01-06 16:41:44",134
"2019-01-06 17:41:44",134
"2019-01-06 18:41:43",134
"2019-01-06 19:41:43",134
"2019-01-06 20:41:43",134
"2019-01-06 21:41:43",134
"2019-01-06 22:41:43",134
"2019-01-06 23:41:44",134
"2019-01-07 00:41:43",134
"2019-01-07 01:41:43",134
"2019-01-07 02:41:45",134
"2019-01-07 03:41:45",134
"2019-01-07 04:41:44",134
"2019-01-07 05:41:43",134
"2019-01-07 06:41:44",134
"2019-01-07 07:41:43",134
"2019-01-07 08:41:44",134
"2019-01-07 09:41:45",134
"2019-01-07 10:41:45",134
"2019-01-07 11:41:44",134
"2019-01-07 12:41:45",134
"2019-01-07 14:07:16",134
"2019-01-07 14:41:45",134
"2019-01-07 15:41:45",132
"2019-01-07 16:41:45",133
"2019-01-07 17:41:47",133
"2019-01-07 18:41:45",133
"2019-01-07 19:41:44",133
"2019-01-07 20:41:46",134
"2019-01-07 21:41:45",134
"2019-01-07 22:41:44",134
"2019-01-07 23:41:46",134
"2019-01-08 00:41:43",134
"2019-01-08 01:41:44",134
"2019-01-08 02:41:46",134
"2019-01-08 03:41:45",134
"2019-01-08 04:41:44",134
"2019-01-08 05:41:44",134
"2019-01-08 06:41:44",134
"2019-01-08 07:41:44",134
"2019-01-08 08:41:44",134
"2019-01-08 09:41:44",134
"2019-01-08 10:41:45",134
"2019-01-08 11:41:44",134
"2019-01-08 12:41:44",134
"2019-01-08 13:41:45",134
"2019-01-08 14:41:47",134
"2019-01-08 15:41:46",133
"2019-01-08 16:41:45",134
"2019-01-08 17:41:45",134
"2019-01-08 18:41:45",134
"2019-01-08 19:41:44",133
"2019-01-08 20:41:44",133
"2019-01-08 21:41:45",133
"2019-01-08 22:41:44",133
"2019-01-08 23:41:45",133
"2019-01-09 00:41:44",133
"2019-01-09 01:41:44",133
"2019-01-09 02:41:47",133
"2019-01-09 04:41:45",133
"2019-01-09 05:41:45",133
"2019-01-09 06:41:45",133
"2019-01-09 07:41:46",133
"2019-01-09 08:41:45",133
"2019-01-09 09:41:44",133
"2019-01-09 10:41:45",133
"2019-01-09 11:41:44",133
"2019-01-09 12:41:43",133
"2019-01-09 14:07:17",133
"2019-01-09 14:41:46",133
"2019-01-09 15:41:45",135
"2019-01-09 16:41:46",136
"2019-01-09 17:41:44",136
"2019-01-09 18:41:46",137
"2019-01-09 19:41:45",136
"2019-01-09 20:41:47",137
"2019-01-09 21:41:45",137
"2019-01-09 22:41:45",137
"2019-01-09 23:41:44",137
"2019-01-10 00:41:43",137
"2019-01-10 01:41:43",137
"2019-01-10 02:41:44",137
"2019-01-10 03:41:43",137
"2019-01-10 04:41:43",137
"2019-01-10 05:41:44",137
"2019-01-10 06:41:43",137
"2019-01-10 07:41:44",137
"2019-01-10 08:41:44",137
"2019-01-10 09:41:44",137
"2019-01-10 10:41:44",137
"2019-01-10 11:41:43",137
"2019-01-10 12:41:43",137
"2019-01-10 13:41:44",137
"2019-01-10 15:06:19",138
"2019-01-10 15:41:46",138
"2019-01-10 16:41:45",136
"2019-01-10 17:41:45",135
"2019-01-10 18:41:44",135
"2019-01-10 19:41:43",135
"2019-01-10 20:41:45",136
"2019-01-10 21:41:45",136
"2019-01-10 22:41:44",136
"2019-01-10 23:41:44",136
"2019-01-11 00:41:44",136
"2019-01-11 01:41:43",136
"2019-01-11 02:41:45",136
"2019-01-11 03:41:44",136
"2019-01-11 04:41:44",136
"2019-01-11 05:41:45",136
"2019-01-11 06:41:43",136
"2019-01-11 07:41:47",136
"2019-01-11 08:41:44",136
"2019-01-11 09:41:44",136
"2019-01-11 10:41:43",136
"2019-01-11 11:41:44",136
"2019-01-11 12:41:45",136
"2019-01-11 13:41:43",136
"2019-01-11 14:41:47",136
"2019-01-11 15:41:46",137
"2019-01-11 16:41:44",136
"2019-01-11 17:41:45",136
"2019-01-11 18:41:44",137
"2019-01-11 19:41:45",137
"2019-01-11 20:41:45",137
"2019-01-11 21:41:43",138
"2019-01-11 22:41:44",138
"2019-01-11 23:41:43",138
"2019-01-12 00:41:44",138
"2019-01-12 01:41:45",138
"2019-01-12 02:41:43",138
"2019-01-12 03:41:44",138
"2019-01-12 04:41:43",138
"2019-01-12 05:41:43",138
"2019-01-12 06:41:44",138
"2019-01-12 07:41:43",138
"2019-01-12 08:41:43",138
"2019-01-12 09:41:44",138
"2019-01-12 10:41:44",138
"2019-01-12 11:41:44",138
"2019-01-12 12:41:43",138
"2019-01-12 13:41:43",138
"2019-01-12 14:41:44",138
"2019-01-12 15:41:43",138
"2019-01-12 16:41:44",138
"2019-01-12 17:41:44",138
"2019-01-12 18:41:43",138
"2019-01-12 19:41:45",138
"2019-01-12 20:41:44",138
"2019-01-12 21:41:44",138
"2019-01-12 22:41:44",138
"2019-01-12 23:41:46",138
"2019-01-13 00:41:44",138
"2019-01-13 01:41:43",138
"2019-01-13 02:41:44",138
"2019-01-13 03:41:44",138
"2019-01-13 04:41:45",138
"2019-01-13 05:41:44",138
"2019-01-13 06:41:44",138
"2019-01-13 07:41:44",138
"2019-01-13 08:41:43",138
"2019-01-13 09:41:45",138
"2019-01-13 10:41:46",138
"2019-01-13 11:41:45",138
"2019-01-13 12:41:43",138
"2019-01-13 13:41:44",138
"2019-01-13 14:41:43",138
"2019-01-13 15:41:44",138
"2019-01-13 16:41:43",138
"2019-01-13 17:41:44",138
"2019-01-13 18:41:43",138
"2019-01-13 19:41:44",138
"2019-01-13 20:41:44",138
"2019-01-13 21:41:44",138
"2019-01-13 22:41:44",138
"2019-01-13 23:41:44",138
"2019-01-14 00:41:43",138
"2019-01-14 01:41:43",138
"2019-01-14 02:41:44",138
"2019-01-14 03:41:43",138
"2019-01-14 04:41:44",138
"2019-01-14 05:41:45",138
"2019-01-14 06:41:43",138
"2019-01-14 07:41:43",138
"2019-01-14 08:41:43",138
"2019-01-14 09:41:44",138
"2019-01-14 10:41:44",138
"2019-01-14 11:41:43",138
"2019-01-14 12:41:44",138
"2019-01-14 13:41:44",138
"2019-01-14 14:41:44",138
"2019-01-14 15:41:45",139
"2019-01-14 16:41:45",139
"2019-01-14 17:41:44",139
"2019-01-14 18:41:44",139
"2019-01-14 19:41:45",139
"2019-01-14 20:41:43",139
"2019-01-14 21:41:44",136
"2019-01-14 22:41:43",136
"2019-01-14 23:41:43",136
"2019-01-15 00:41:44",136
"2019-01-15 01:41:43",136
"2019-01-15 02:41:43",136
"2019-01-15 03:41:43",136
"2019-01-15 04:41:46",136
"2019-01-15 05:41:43",136
"2019-01-15 06:41:43",136
"2019-01-15 07:41:43",136
"2019-01-15 08:41:43",136
"2019-01-15 09:41:43",136
"2019-01-15 10:41:43",136
"2019-01-15 11:41:43",136
"2019-01-15 12:41:44",136
"2019-01-15 13:41:43",136
"2019-01-15 14:41:47",136
"2019-01-15 15:41:44",136
"2019-01-15 16:41:44",135
"2019-01-15 17:41:44",135
"2019-01-15 18:41:44",135
"2019-01-15 19:41:44",135
"2019-01-15 20:41:45",135
"2019-01-15 21:41:44",132
"2019-01-15 22:41:45",132
"2019-01-15 23:41:45",132
"2019-01-16 00:41:43",132
"2019-01-16 01:41:47",132
"2019-01-16 02:41:44",132
"2019-01-16 03:41:43",132
"2019-01-16 04:41:44",132
"2019-01-16 05:41:43",132
"2019-01-16 06:41:43",132
"2019-01-16 07:41:43",132
"2019-01-16 08:41:42",132
"2019-01-16 09:41:43",132
"2019-01-16 10:41:43",132
"2019-01-16 11:41:42",132
"2019-01-16 12:41:43",132
"2019-01-16 14:08:18",132
"2019-01-16 15:07:18",133
"2019-01-16 15:41:45",133
"2019-01-16 16:41:45",133
"2019-01-16 17:41:44",133
"2019-01-16 18:41:46",134
"2019-01-16 19:41:45",134
"2019-01-16 20:41:44",134
"2019-01-16 21:41:45",134
"2019-01-16 22:41:44",134
"2019-01-16 23:41:43",134
"2019-01-17 00:41:44",134
"2019-01-17 01:41:45",134
"2019-01-17 02:41:46",134
"2019-01-17 03:41:45",134
"2019-01-17 04:41:45",134
"2019-01-17 05:41:44",134
"2019-01-17 06:41:44",134
"2019-01-17 07:41:44",134
"2019-01-17 08:41:44",134
"2019-01-17 09:41:45",134
"2019-01-17 10:41:45",134
"2019-01-17 11:41:44",134
"2019-01-17 12:41:44",134
"2019-01-17 13:41:44",134
"2019-01-17 15:07:50",134
"2019-01-17 15:41:46",134
"2019-01-17 16:41:44",133
"2019-01-17 17:41:44",133
"2019-01-17 18:41:45",133
"2019-01-17 19:41:45",133
"2019-01-17 20:41:45",133
"2019-01-17 21:41:44",133
"2019-01-17 22:41:44",133
"2019-01-17 23:41:44",133
"2019-01-18 00:41:44",133
"2019-01-18 01:41:45",133
"2019-01-18 02:41:44",133
"2019-01-18 03:41:46",133
"2019-01-18 04:41:45",133
"2019-01-18 05:41:44",133
"2019-01-18 06:41:44",133
"2019-01-18 07:41:44",133
"2019-01-18 08:41:43",133
"2019-01-18 09:41:44",133
"2019-01-18 10:41:44",133
"2019-01-18 11:41:43",133
"2019-01-18 12:41:45",133
"2019-01-18 13:41:44",133
"2019-01-18 14:41:47",133
"2019-01-18 15:41:46",133
"2019-01-18 16:41:46",133
"2019-01-18 17:41:46",133
"2019-01-18 18:41:45",133
"2019-01-18 19:41:43",133
"2019-01-18 20:41:46",133
"2019-01-18 21:41:44",133
"2019-01-18 22:41:44",133
"2019-01-18 23:41:44",133
"2019-01-19 00:41:44",133
"2019-01-19 01:41:44",133
"2019-01-19 02:41:45",133
"2019-01-19 03:41:44",133
"2019-01-19 04:41:45",133
"2019-01-19 05:41:44",133
"2019-01-19 06:41:44",133
"2019-01-19 07:41:44",133
"2019-01-19 08:41:44",133
"2019-01-19 09:41:45",133
"2019-01-19 10:41:45",133
"2019-01-19 11:41:44",133
"2019-01-19 12:41:43",133
"2019-01-19 13:41:45",133
"2019-01-19 14:41:44",133
"2019-01-19 15:41:45",133
"2019-01-19 16:41:44",133
"2019-01-19 17:41:44",133
"2019-01-19 18:41:43",133
"2019-01-19 19:41:44",133
"2019-01-19 20:41:44",133
"2019-01-19 21:41:44",133
"2019-01-19 22:41:44",133
"2019-01-19 23:41:45",133
"2019-01-20 00:41:45",133
"2019-01-20 01:41:44",133
"2019-01-20 02:41:45",133
"2019-01-20 03:41:44",133
"2019-01-20 04:41:45",133
"2019-01-20 05:41:45",133
"2019-01-20 06:41:44",133
"2019-01-20 07:41:44",133
"2019-01-20 08:41:44",133
"2019-01-20 09:41:44",133
"2019-01-20 10:41:44",133
"2019-01-20 11:41:44",133
"2019-01-20 12:41:44",133
"2019-01-20 13:41:44",133
"2019-01-20 14:41:44",133
"2019-01-20 15:41:45",133
"2019-01-20 16:41:45",133
"2019-01-20 17:41:45",133
"2019-01-20 18:41:44",133
"2019-01-20 19:41:44",133
"2019-01-20 20:41:44",133
"2019-01-20 21:41:44",133
"2019-01-20 22:41:44",133
"2019-01-20 23:41:45",133
"2019-01-21 00:41:44",133
"2019-01-21 01:41:45",133
"2019-01-21 02:41:45",133
"2019-01-21 03:41:44",133
"2019-01-21 04:41:45",133
"2019-01-21 05:41:44",133
"2019-01-21 06:41:43",133
"2019-01-21 07:41:44",133
"2019-01-21 08:41:44",133
"2019-01-21 09:41:45",133
"2019-01-21 10:41:44",133
"2019-01-21 11:41:44",133
"2019-01-21 12:41:44",133
"2019-01-21 13:41:43",133
"2019-01-21 14:41:44",133
"2019-01-21 15:41:43",133
"2019-01-21 16:41:44",133
"2019-01-21 17:41:44",133
"2019-01-21 18:41:44",133
"2019-01-21 19:41:43",133
"2019-01-21 20:41:44",133
"2019-01-21 21:41:43",133
"2019-01-21 22:41:45",133
"2019-01-21 23:41:44",133
"2019-01-22 00:41:44",133
"2019-01-22 01:41:43",133
"2019-01-22 02:41:44",133
"2019-01-22 03:41:44",133
"2019-01-22 04:41:45",133
"2019-01-22 05:41:45",133
"2019-01-22 06:41:43",133
"2019-01-22 07:41:44",133
"2019-01-22 08:41:44",133
"2019-01-22 09:41:43",133
"2019-01-22 10:41:44",133
"2019-01-22 11:41:43",133
"2019-01-22 12:41:44",133
"2019-01-22 13:41:44",133
"2019-01-22 14:41:44",133
"2019-01-22 15:41:44",134
"2019-01-22 16:41:44",134
"2019-01-22 17:41:44",134
"2019-01-22 18:41:44",134
"2019-01-22 19:41:45",135
"2019-01-22 20:41:45",135
"2019-01-22 21:41:45",135
"2019-01-22 22:41:43",135
"2019-01-22 23:41:44",135
"2019-01-23 00:41:44",135
"2019-01-23 01:41:44",135
"2019-01-23 02:41:44",135
"2019-01-23 03:41:45",135
"2019-01-23 04:41:45",135
"2019-01-23 05:41:44",135
"2019-01-23 06:41:45",135
"2019-01-23 07:41:45",135
"2019-01-23 08:41:45",135
"2019-01-23 09:41:45",135
"2019-01-23 10:41:45",135
"2019-01-23 11:41:43",135
"2019-01-23 12:41:44",135
"2019-01-23 13:41:44",135
"2019-01-23 15:05:47",136
"2019-01-23 15:41:44",136
"2019-01-23 16:41:43",135
"2019-01-23 17:41:44",135
"2019-01-23 18:41:44",135
"2019-01-23 19:41:44",135
"2019-01-23 20:41:43",135
"2019-01-23 21:41:44",135
"2019-01-23 22:41:44",135
"2019-01-23 23:41:44",135
"2019-01-30 08:08:12",136
"2019-01-30 08:13:44",136
"2019-01-30 08:19:49",136
"2019-01-30 08:43:35",136
"2019-01-30 08:43:38",136
"2019-01-30 09:43:32",136
"2019-01-30 09:43:35",136
"2019-01-30 10:43:33",136
"2019-01-30 10:43:36",136
"2019-01-30 11:43:33",136
"2019-01-30 11:43:37",136
"2019-01-30 12:43:35",136
"2019-01-30 12:43:38",136
"2019-01-30 13:43:33",136
"2019-01-30 13:43:36",136
"2019-01-30 14:43:34",136
"2019-01-30 14:43:38",136
"2019-01-30 15:43:34",136
"2019-01-30 15:43:37",136
"2019-01-30 16:43:33",136
"2019-01-30 16:43:36",136
"2019-01-30 17:43:35",137
"2019-01-30 17:43:38",137
"2019-01-30 18:43:33",137
"2019-01-30 18:43:36",137
"2019-01-30 19:43:36",137
"2019-01-30 19:43:40",137
"2019-01-30 20:42:50",137
"2019-01-30 21:43:35",137
"2019-01-30 21:43:36",137
"2019-01-30 22:43:33",137
"2019-01-30 22:43:36",137
"2019-01-30 23:43:35",137
"2019-01-30 23:43:38",137
"2019-01-31 00:43:37",137
"2019-01-31 00:43:40",137
"2019-01-31 01:43:32",137
"2019-01-31 01:43:35",137
"2019-01-31 02:43:35",137
"2019-01-31 02:43:38",137
"2019-01-31 03:43:34",137
"2019-01-31 03:43:38",137
"2019-01-31 04:43:33",137
"2019-01-31 04:43:36",137
"2019-01-31 05:43:33",137
"2019-01-31 05:43:37",137
"2019-01-31 06:43:35",137
"2019-01-31 06:43:39",137
"2019-01-31 08:10:39",137
"2019-01-31 08:15:15",137
"2019-01-31 08:41:50",137
"2019-01-31 10:05:23",137
"2019-01-31 10:41:51",137
"2019-01-31 11:41:49",137
"2019-01-31 12:41:49",137
"2019-01-31 13:41:50",137
"2019-01-31 15:41:50",136
"2019-01-31 16:41:54",136
"2019-01-31 17:41:51",137
"2019-01-31 18:41:50",137
"2019-01-31 19:41:53",137
"2019-01-31 20:41:51",137
"2019-01-31 21:41:51",137
"2019-01-31 22:41:49",137
"2019-01-31 23:41:49",137
"2019-02-01 00:41:50",137
"2019-02-01 01:41:50",137
"2019-02-01 02:41:52",137
"2019-02-01 03:41:51",137
"2019-02-01 04:41:50",137
"2019-02-01 05:41:50",137
"2019-02-01 06:41:50",137
"2019-02-01 07:41:51",137
"2019-02-01 08:41:50",137
"2019-02-01 09:41:50",137
"2019-02-01 10:41:50",137
"2019-02-01 11:41:51",137
"2019-02-01 12:41:49",137
"2019-02-01 13:41:50",137
"2019-02-01 14:41:51",137
"2019-02-01 15:41:50",137
"2019-02-01 16:41:51",137
"2019-02-01 17:41:50",137
"2019-02-01 18:41:53",137
"2019-02-01 19:41:52",137
"2019-02-01 20:41:50",137
"2019-02-01 21:41:52",137
"2019-02-01 22:41:51",137
"2019-02-02 00:06:53",137
"2019-02-02 00:41:51",137
"2019-02-02 01:41:51",137
"2019-02-02 02:41:51",137
"2019-02-02 03:41:50",137
"2019-02-02 04:41:50",137
"2019-02-02 05:41:49",137
"2019-02-02 06:41:50",137
"2019-02-02 07:41:50",137
"2019-02-02 08:41:49",137
"2019-02-02 09:41:50",137
"2019-02-02 10:41:49",137
"2019-02-02 11:41:50",137
"2019-02-02 12:41:50",137
"2019-02-02 13:41:51",137
"2019-02-02 14:41:51",137
"2019-02-02 15:41:49",137
"2019-02-02 16:41:53",137
"2019-02-02 17:41:51",137
"2019-02-02 18:41:52",137
"2019-02-02 19:41:49",137
"2019-02-02 20:41:51",137
"2019-02-02 21:41:49",137
"2019-02-02 22:41:51",137
"2019-02-02 23:41:51",137
"2019-02-03 00:41:51",137
"2019-02-03 01:41:50",137
"2019-02-03 02:41:51",137
"2019-02-03 03:41:50",137
"2019-02-03 04:41:51",137
"2019-02-03 05:41:48",137
"2019-02-03 06:41:50",137
"2019-02-03 07:41:50",137
"2019-02-03 08:41:49",137
"2019-02-03 09:41:50",137
"2019-02-03 10:41:49",137
"2019-02-03 11:41:50",137
"2019-02-03 12:41:50",137
"2019-02-03 13:41:51",137
"2019-02-03 14:41:52",137
"2019-02-03 15:41:50",137
"2019-02-03 16:41:50",137
"2019-02-03 17:41:51",137
"2019-02-03 18:41:52",137
"2019-02-03 19:41:49",137
"2019-02-03 20:41:50",137
"2019-02-03 21:41:51",137
"2019-02-03 22:41:52",137
"2019-02-03 23:41:52",137
"2019-02-04 00:41:51",137
"2019-02-04 01:41:51",137
"2019-02-04 02:41:51",137
"2019-02-04 03:41:50",137
"2019-02-04 04:41:52",137
"2019-02-04 05:41:50",137
"2019-02-04 06:41:50",137
"2019-02-04 07:41:50",137
"2019-02-04 08:41:50",137
"2019-02-04 09:41:50",137
"2019-02-04 10:41:51",137
"2019-02-04 11:41:50",137
"2019-02-04 12:41:48",137
"2019-02-04 13:41:50",137
"2019-02-04 14:41:51",137
"2019-02-04 15:41:52",138
"2019-02-04 16:41:51",138
"2019-02-04 17:41:50",137
"2019-02-04 18:41:52",136
"2019-02-04 19:41:50",136
"2019-02-04 20:41:52",136
"2019-02-04 21:41:51",136
"2019-02-04 22:41:52",136
"2019-02-04 23:41:53",136
"2019-02-05 00:41:52",136
"2019-02-05 01:41:54",136
"2019-02-05 02:41:52",136
"2019-02-05 03:41:51",136
"2019-02-05 04:41:59",136
"2019-02-05 05:41:52",136
"2019-02-05 06:41:52",136
"2019-02-05 07:41:51",136
"2019-02-05 08:41:51",136
"2019-02-05 09:41:50",136
"2019-02-05 10:41:52",136
"2019-02-05 11:41:50",136
"2019-02-05 12:41:50",136
"2019-02-05 13:41:51",136
"2019-02-05 14:41:52",136
"2019-02-05 15:41:50",136
"2019-02-05 16:41:53",136
"2019-02-05 17:41:51",138
"2019-02-05 18:41:53",138
"2019-02-05 19:41:53",138
"2019-02-05 20:41:51",138
"2019-02-05 21:41:51",138
"2019-02-05 22:41:52",138
"2019-02-05 23:41:55",138
"2019-02-06 00:41:52",138
"2019-02-06 01:41:50",138
"2019-02-06 02:41:51",138
"2019-02-06 03:41:51",138
"2019-02-06 04:41:51",138
"2019-02-06 05:41:51",138
"2019-02-06 06:41:53",138
"2019-02-06 07:41:53",138
"2019-02-06 08:41:47",138
"2019-02-06 09:41:47",138
"2019-02-07 02:41:55",139
"2019-02-07 03:41:50",139
"2019-02-07 04:41:51",139
"2019-02-07 05:41:51",139
"2019-02-07 06:41:49",139
"2019-02-07 07:41:49",139
"2019-02-07 08:41:50",139
"2019-02-07 09:41:49",139
"2019-02-07 10:41:52",139
"2019-02-07 11:41:53",139
"2019-02-07 12:41:52",139
"2019-02-07 13:41:51",139
"2019-02-07 15:05:23",139
"2019-02-07 15:41:53",139
"2019-02-07 16:41:56",138
"2019-02-07 17:41:52",138
"2019-02-07 18:41:55",138
"2019-02-07 19:41:55",138
"2019-02-07 20:41:53",137
"2019-02-07 21:41:53",138
"2019-02-07 22:41:51",138
"2019-02-07 23:41:53",138
"2019-02-08 00:42:23",138
"2019-02-08 01:41:53",138
"2019-02-08 02:41:53",138
"2019-02-08 03:41:56",138
"2019-02-08 04:41:52",138
"2019-02-08 05:41:51",138
"2019-02-08 06:41:50",138
"2019-02-08 07:41:51",138
"2019-02-08 08:41:50",138
"2019-02-08 09:41:52",138
"2019-02-08 10:41:52",138
"2019-02-08 11:41:52",138
"2019-02-08 12:41:53",138
"2019-02-08 13:41:53",138
"2019-02-08 15:06:26",139
"2019-02-08 15:41:51",139
"2019-02-08 16:41:53",139
"2019-02-08 17:41:55",139
"2019-02-08 18:41:57",139
"2019-02-08 19:41:55",139
"2019-02-08 20:41:55",138
"2019-02-08 21:41:55",138
"2019-02-08 22:41:52",138
"2019-02-08 23:41:52",138
"2019-02-09 00:41:54",138
"2019-02-09 01:41:53",138
"2019-02-09 02:41:53",138
"2019-02-09 03:41:52",138
"2019-02-09 04:41:54",138
"2019-02-09 05:41:53",138
"2019-02-09 06:41:53",138
"2019-02-09 07:41:52",138
"2019-02-09 08:41:52",138
"2019-02-09 09:41:53",138
"2019-02-09 10:41:53",138
"2019-02-09 11:41:51",138
"2019-02-09 12:41:54",138
"2019-02-09 13:41:52",138
"2019-02-09 14:41:53",138
"2019-02-09 15:41:55",138
"2019-02-09 16:41:54",138
"2019-02-09 17:41:55",138
"2019-02-09 18:41:53",138
"2019-02-09 19:41:53",138
"2019-02-09 20:41:53",138
"2019-02-09 21:41:55",138
"2019-02-09 22:41:53",138
"2019-02-09 23:41:54",138
"2019-02-10 00:41:52",138
"2019-02-10 01:41:54",138
"2019-02-10 02:41:53",138
"2019-02-10 03:41:52",138
"2019-02-10 04:41:55",138
"2019-02-10 05:41:56",138
"2019-02-10 06:41:54",138
"2019-02-10 07:41:52",138
"2019-02-10 08:41:53",138
"2019-02-10 09:41:52",138
"2019-02-10 10:41:53",138
"2019-02-10 11:41:52",138
"2019-02-10 12:41:53",138
"2019-02-10 13:41:54",138
"2019-02-10 14:41:54",138
"2019-02-10 15:41:55",138
"2019-02-10 16:41:55",138
"2019-02-10 17:41:53",138
"2019-02-10 18:41:52",138
"2019-02-10 19:41:55",138
"2019-02-10 20:41:54",138
"2019-02-10 21:41:52",138
"2019-02-10 22:41:54",138
"2019-02-10 23:41:55",138
"2019-02-11 00:41:54",138
"2019-02-11 01:41:55",138
"2019-02-11 02:41:56",138
"2019-02-11 03:41:55",138
"2019-02-11 04:41:57",138
"2019-02-11 05:41:54",138
"2019-02-11 06:41:55",138
"2019-02-11 07:41:53",138
"2019-02-11 08:41:53",138
"2019-02-11 09:41:53",138
"2019-02-11 10:41:55",138
"2019-02-11 11:41:52",138
"2019-02-11 12:41:53",138
"2019-02-11 13:41:53",138
"2019-02-11 14:41:52",138
"2019-02-11 15:41:53",137
"2019-02-11 16:41:54",137
"2019-02-11 17:41:54",137
"2019-02-11 18:41:53",137
"2019-02-11 19:41:53",137
"2019-02-11 20:41:53",138
"2019-02-11 21:41:52",135
"2019-02-11 22:41:52",135
"2019-02-11 23:41:54",135
"2019-02-12 00:41:52",135
"2019-02-12 01:41:51",135
"2019-02-12 02:41:57",135
"2019-02-12 03:41:52",135
"2019-02-12 04:41:54",135
"2019-02-12 05:41:52",135
"2019-02-12 06:41:53",135
"2019-02-12 07:41:52",135
"2019-02-12 08:41:51",135
"2019-02-12 09:41:53",135
"2019-02-12 10:41:53",135
"2019-02-12 11:41:53",135
"2019-02-12 12:41:52",135
"2019-02-12 13:41:53",135
"2019-02-12 14:41:53",135
"2019-02-12 15:41:55",135
"2019-02-12 16:41:52",135
"2019-02-12 17:41:52",135
"2019-02-12 18:41:53",135
"2019-02-12 19:41:53",135
"2019-02-12 20:41:52",135
"2019-02-12 21:41:54",135
"2019-02-12 22:41:53",135
"2019-02-12 23:41:52",135
"2019-02-13 00:41:53",135
"2019-02-13 01:41:55",135
"2019-02-13 02:41:53",135
"2019-02-13 03:41:53",135
"2019-02-13 04:41:54",135
"2019-02-13 05:41:54",135
"2019-02-13 06:41:53",135
"2019-02-13 07:41:53",135
"2019-02-13 08:41:53",135
"2019-02-13 09:41:52",135
"2019-02-13 10:41:54",135
"2019-02-13 11:41:52",135
"2019-02-13 12:41:54",135
"2019-02-13 13:41:52",135
"2019-02-13 14:41:51",135
"2019-02-13 15:41:53",135
"2019-02-13 16:41:52",134
"2019-02-13 17:41:55",134
"2019-02-13 18:41:52",134
"2019-02-13 19:41:52",134
"2019-02-13 20:41:53",134
"2019-02-13 21:41:53",134
"2019-02-13 22:41:53",134
"2019-02-13 23:41:53",134
"2019-02-14 00:41:52",134
"2019-02-14 01:41:54",134
"2019-02-14 02:41:54",134
"2019-02-14 03:41:55",134
"2019-02-14 04:41:52",134
"2019-02-14 05:41:56",134
"2019-02-14 06:41:52",134
"2019-02-14 07:41:52",134
"2019-02-14 08:41:52",134
"2019-02-14 09:41:52",134
"2019-02-14 10:41:53",134
"2019-02-14 11:41:53",134
"2019-02-14 12:41:52",134
"2019-02-14 13:41:53",134
"2019-02-14 14:41:53",135
"2019-02-14 15:41:55",135
"2019-02-14 16:41:51",135
"2019-02-14 17:41:53",135
"2019-02-14 18:41:53",136
"2019-02-14 19:41:52",137
"2019-02-14 20:41:54",137
"2019-02-14 21:41:53",137
"2019-02-14 22:41:54",137
"2019-02-15 00:41:54",137
"2019-02-15 01:41:54",137
"2019-02-15 02:41:55",137
"2019-02-15 03:41:57",137
"2019-02-15 04:41:58",137
"2019-02-15 05:41:53",137
"2019-02-15 06:41:52",137
"2019-02-15 07:41:54",137
"2019-02-15 08:41:53",137
"2019-02-15 09:41:53",137
"2019-02-15 10:41:54",137
"2019-02-15 11:41:54",137
"2019-02-15 12:41:52",137
"2019-02-15 14:06:55",137
"2019-02-15 14:41:55",137
"2019-02-15 15:42:00",136
"2019-02-15 16:41:57",136
"2019-02-15 17:41:52",136
"2019-02-15 18:41:57",136
"2019-02-15 19:41:54",136
"2019-02-15 20:41:54",136
"2019-02-15 21:41:55",137
"2019-02-15 22:41:55",137
"2019-02-15 23:41:55",137
"2019-02-16 00:41:55",137
"2019-02-16 01:42:01",137
"2019-02-16 02:41:58",137
"2019-02-16 03:41:57",137
"2019-02-16 04:41:53",137
"2019-02-16 05:41:55",137
"2019-02-16 06:41:53",137
"2019-02-16 07:41:52",137
"2019-02-16 08:41:53",137
"2019-02-16 09:41:55",137
"2019-02-16 10:41:55",137
"2019-02-16 11:41:52",137
"2019-02-16 12:41:54",137
"2019-02-16 13:41:57",137
"2019-02-16 14:41:53",137
"2019-02-16 15:41:59",137
"2019-02-16 16:41:53",137
"2019-02-16 17:41:53",137
"2019-02-16 18:41:54",137
"2019-02-16 19:41:53",137
"2019-02-16 20:41:54",137
"2019-02-16 21:41:54",137
"2019-02-16 22:41:54",137
"2019-02-16 23:41:53",137
"2019-02-17 00:41:55",137
"2019-02-17 01:41:54",137
"2019-02-17 02:41:51",137
"2019-02-17 03:41:55",137
"2019-02-17 04:41:52",137
"2019-02-17 05:41:53",137
"2019-02-17 06:41:53",137
"2019-02-17 07:41:54",137
"2019-02-17 08:41:53",137
"2019-02-17 09:41:51",137
"2019-02-17 10:41:53",137
"2019-02-17 11:41:54",137
"2019-02-17 12:41:51",137
"2019-02-17 13:41:54",137
"2019-02-17 14:41:52",137
"2019-02-17 15:41:54",137
"2019-02-17 16:41:54",137
"2019-02-17 17:41:54",137
"2019-02-17 18:41:55",137
"2019-02-17 19:41:53",137
"2019-02-17 20:41:54",137
"2019-02-17 21:41:52",137
"2019-02-17 22:41:53",137
"2019-02-17 23:41:54",137
"2019-02-18 00:41:53",137
"2019-02-18 01:41:54",137
"2019-02-18 02:41:56",137
"2019-02-18 03:41:55",137
"2019-02-18 04:41:52",137
"2019-02-18 05:41:53",137
"2019-02-18 06:41:52",137
"2019-02-18 07:41:53",137
"2019-02-18 08:41:53",137
"2019-02-18 09:41:55",137
"2019-02-18 10:41:53",137
"2019-02-18 11:41:53",137
"2019-02-18 12:41:54",137
"2019-02-18 13:41:57",137
"2019-02-18 14:41:52",137
"2019-02-18 15:41:55",137
"2019-02-18 16:41:54",137
"2019-02-18 17:41:55",137
"2019-02-18 18:41:54",137
"2019-02-18 19:41:54",137
"2019-02-18 20:41:54",137
"2019-02-18 21:41:53",137
"2019-02-18 22:41:51",137
"2019-02-18 23:41:53",137
"2019-02-19 00:41:52",137
"2019-02-19 01:41:56",137
"2019-02-19 02:41:54",137
"2019-02-19 03:41:54",137
"2019-02-19 04:41:54",137
"2019-02-19 05:41:53",137
"2019-02-19 06:41:53",137
"2019-02-19 07:41:53",137
"2019-02-19 08:41:53",137
"2019-02-19 09:41:52",137
"2019-02-19 10:41:51",137
"2019-02-19 11:41:50",137
"2019-02-19 12:41:51",137
"2019-02-19 14:06:25",137
"2019-02-19 14:41:54",137
"2019-02-19 15:41:55",135
"2019-02-19 16:41:54",135
"2019-02-19 17:41:55",135
"2019-02-19 18:41:57",134
"2019-02-19 19:41:55",134
"2019-02-19 20:41:56",134
"2019-02-19 21:41:55",135
"2019-02-19 22:41:54",135
"2019-02-19 23:41:54",135
"2019-02-20 00:42:00",135
"2019-02-20 01:41:56",135
"2019-02-20 02:41:55",135
"2019-02-20 03:42:00",135
"2019-02-20 04:41:57",135
"2019-02-20 05:41:54",135
"2019-02-20 06:41:55",135
"2019-02-20 07:41:53",135
"2019-02-20 08:41:55",135
"2019-02-20 09:41:54",135
"2019-02-20 10:41:54",135
"2019-02-20 11:41:56",135
"2019-02-20 12:41:54",135
"2019-02-20 13:41:54",135
"2019-02-20 14:41:56",135
"2019-02-20 15:41:56",134
"2019-02-20 16:41:54",134
"2019-02-20 17:41:55",134
"2019-02-20 18:41:55",134
"2019-02-20 19:41:55",134
"2019-02-20 20:41:55",134
"2019-02-20 21:41:56",133
"2019-02-20 22:41:55",133
"2019-02-20 23:41:53",133
"2019-02-21 00:41:55",133
"2019-02-21 01:41:56",133
"2019-02-21 02:41:57",133
"2019-02-21 03:41:55",133
"2019-02-21 04:41:53",133
"2019-02-21 05:41:56",133
"2019-02-21 06:41:54",133
"2019-02-21 07:41:54",133
"2019-02-21 08:41:52",133
"2019-02-21 09:41:54",133
"2019-02-21 10:41:54",133
"2019-02-21 11:41:55",133
"2019-02-21 12:41:52",133
"2019-02-21 13:41:53",133
"2019-02-21 14:41:55",133
"2019-02-21 15:41:57",136
"2019-02-21 17:05:56",136
"2019-02-21 17:41:53",136
"2019-02-21 18:41:52",136
"2019-02-21 19:41:53",137
"2019-02-21 20:41:57",138
"2019-02-21 21:41:52",138
"2019-02-21 22:41:53",138
"2019-02-21 23:41:52",138
"2019-02-22 00:41:54",138
"2019-02-22 01:41:56",138
"2019-02-22 02:41:54",138
"2019-02-22 03:41:55",138
"2019-02-22 04:41:53",138
"2019-02-22 05:41:53",138
"2019-02-22 06:41:53",138
"2019-02-22 07:41:56",138
"2019-02-22 08:41:56",138
"2019-02-22 09:41:54",138
"2019-02-22 10:41:53",138
"2019-02-22 11:41:54",138
"2019-02-22 12:41:53",138
"2019-02-22 13:41:52",138
"2019-02-22 14:41:54",138
"2019-02-22 15:41:55",139
"2019-02-22 16:41:53",139
"2019-02-22 17:41:53",138
"2019-02-22 18:41:54",138
"2019-02-22 19:41:53",138
"2019-02-22 20:41:51",137
"2019-02-22 21:41:56",136
"2019-02-22 22:41:53",136
"2019-02-22 23:41:56",136
"2019-02-23 00:41:52",136
"2019-02-23 01:41:55",136
"2019-02-23 02:41:57",136
"2019-02-23 03:41:56",136
"2019-02-23 04:41:53",136
"2019-02-23 05:41:55",136
"2019-02-23 06:41:52",136
"2019-02-23 07:41:52",136
"2019-02-23 08:41:54",136
"2019-02-23 09:41:53",136
"2019-02-23 10:41:53",136
"2019-02-23 11:41:54",136
"2019-02-23 12:41:53",136
"2019-02-23 13:41:52",136
"2019-02-23 14:41:54",136
"2019-02-23 15:41:54",136
"2019-02-23 16:41:53",136
"2019-02-23 17:41:53",136
"2019-02-23 18:41:53",136
"2019-02-23 19:41:53",136
"2019-02-23 20:41:54",136
"2019-02-23 21:41:56",136
"2019-02-23 22:41:53",136
"2019-02-23 23:41:53",136
"2019-02-24 00:41:55",136
"2019-02-24 01:41:53",136
"2019-02-24 02:41:54",136
"2019-02-24 03:41:54",136
"2019-02-24 04:41:54",136
"2019-02-24 05:41:54",136
"2019-02-24 06:41:53",136
"2019-02-24 07:41:54",136
"2019-02-24 08:41:53",136
"2019-02-24 09:41:53",136
"2019-02-24 10:41:52",136
"2019-02-24 11:41:53",136
"2019-02-24 12:41:52",136
"2019-02-24 13:41:52",136
"2019-02-24 14:41:52",136
"2019-02-24 15:41:55",136
"2019-02-24 16:41:53",136
"2019-02-24 17:41:55",136
"2019-02-24 18:41:55",136
"2019-02-24 19:41:55",136
"2019-02-24 20:41:53",136
"2019-02-24 21:41:53",136
"2019-02-24 22:41:54",136
"2019-02-24 23:41:53",136
"2019-02-25 00:41:55",136
"2019-02-25 01:41:53",136
"2019-02-25 02:41:52",136
"2019-02-25 03:41:55",136
"2019-02-25 04:41:53",136
"2019-02-25 05:41:53",136
"2019-02-25 06:41:52",136
"2019-02-25 07:41:53",136
"2019-02-25 08:41:53",136
"2019-02-25 09:41:54",136
"2019-02-25 10:41:53",136
"2019-02-25 11:41:55",136
"2019-02-25 12:41:52",136
"2019-02-25 14:06:58",136
"2019-02-25 14:41:55",136
"2019-02-25 15:41:56",137
"2019-02-25 16:41:55",139
"2019-02-25 17:41:56",139
"2019-02-25 18:41:57",138
"2019-02-25 19:41:53",138
"2019-02-25 20:41:55",139
"2019-02-25 21:41:55",138
"2019-02-25 22:41:54",138
"2019-02-25 23:41:56",138
"2019-02-26 00:41:55",138
"2019-02-26 01:41:55",138
"2019-02-26 02:41:56",138
"2019-02-26 03:41:57",138
"2019-02-26 04:41:57",138
"2019-02-26 05:41:54",138
"2019-02-26 06:41:57",138
"2019-02-26 07:41:56",138
"2019-02-26 08:41:55",138
"2019-02-26 09:41:56",138
"2019-02-26 10:41:54",138
"2019-02-26 11:41:55",138
"2019-02-26 12:41:54",138
"2019-02-26 13:41:54",138
"2019-02-26 14:41:56",138
"2019-02-26 15:41:58",140
"2019-02-26 16:41:55",138
"2019-02-26 17:41:56",139
"2019-02-26 18:41:54",139
"2019-02-26 19:41:58",139
"2019-02-26 20:41:56",139
"2019-02-26 21:41:54",140
"2019-02-26 22:41:58",140
"2019-02-26 23:41:56",140
"2019-02-27 00:41:58",140
"2019-02-27 01:41:58",140
"2019-02-27 03:42:13",140
"2019-02-27 04:41:58",140
"2019-02-27 05:41:56",140
"2019-02-27 06:41:58",140
"2019-02-27 07:41:56",140
"2019-02-27 08:41:56",140
"2019-02-27 09:41:53",140
"2019-02-27 10:41:53",140
"2019-02-27 11:41:58",140
"2019-02-27 12:42:00",140
"2019-02-27 13:41:55",140
"2019-02-27 14:41:56",140
"2019-02-27 15:41:59",141
"2019-02-27 16:41:54",140
"2019-02-27 17:41:54",141
"2019-02-27 18:41:58",141
"2019-02-27 19:41:57",142
"2019-02-27 20:41:56",142
"2019-02-27 21:41:55",141
"2019-02-27 22:41:57",141
"2019-02-27 23:41:54",141
"2019-02-28 00:41:55",141
"2019-02-28 01:41:53",141
"2019-02-28 02:41:55",141
"2019-02-28 04:41:55",141
"2019-02-28 05:41:55",141
"2019-02-28 06:41:53",141
"2019-02-28 07:41:54",141
"2019-02-28 08:41:54",141
"2019-02-28 09:41:53",141
"2019-02-28 10:41:55",141
"2019-02-28 11:41:55",141
"2019-02-28 12:41:55",141
"2019-02-28 13:41:55",141
"2019-02-28 15:06:01",141
"2019-02-28 15:41:53",141
"2019-02-28 16:41:58",141
"2019-02-28 17:41:55",140
"2019-02-28 18:41:58",140
"2019-02-28 19:41:57",140
"2019-02-28 20:41:55",140
"2019-02-28 21:41:55",140
"2019-02-28 22:41:56",140
"2019-02-28 23:41:55",140
"2019-03-01 00:41:56",140
"2019-03-01 01:41:57",140
"2019-03-01 02:41:58",140
"2019-03-01 03:41:58",140
"2019-03-01 04:41:57",140
"2019-03-01 05:41:58",140
"2019-03-01 06:41:55",140
"2019-03-01 07:41:58",140
"2019-03-01 08:41:56",140
"2019-03-01 09:41:54",140
"2019-03-01 10:41:56",140
"2019-03-01 11:41:55",140
"2019-03-01 12:41:54",140
"2019-03-01 13:42:01",140
"2019-03-01 14:41:58",140
"2019-03-01 15:41:57",141
"2019-03-01 16:41:56",141
"2019-03-01 17:41:56",141
"2019-03-01 18:41:58",140
"2019-03-01 19:41:58",140
"2019-03-01 20:41:59",141
"2019-03-01 21:41:59",141
"2019-03-01 22:41:58",141
"2019-03-01 23:41:58",141
"2019-03-02 07:41:56",141
"2019-03-02 08:41:57",141
"2019-03-02 09:41:54",141
"2019-03-02 10:41:56",141
"2019-03-02 11:41:57",141
"2019-03-02 15:42:00",141
"2019-03-02 16:41:57",141
"2019-03-02 17:41:56",141
"2019-03-04 02:41:57",141
"2019-03-04 07:41:58",141
"2019-03-04 10:41:54",141
"2019-03-04 11:41:55",141
"2019-03-04 12:41:53",141
"2019-03-04 13:41:53",141
"2019-03-04 14:41:57",141
"2019-03-04 15:41:54",144
"2019-03-04 16:41:57",143
"2019-03-04 17:41:57",142
"2019-03-04 18:41:55",142
"2019-03-04 19:41:57",143
"2019-03-04 20:41:56",143
"2019-03-04 21:41:56",143
"2019-03-04 22:41:58",143
"2019-03-04 23:41:56",142
"2019-03-05 00:41:58",142
"2019-03-05 01:41:57",142
"2019-03-05 02:41:58",142
"2019-03-05 03:41:59",142
"2019-03-05 04:41:56",142
"2019-03-05 05:41:56",142
"2019-03-05 06:41:55",142
"2019-03-05 07:41:55",142
"2019-03-05 08:41:55",142
"2019-03-05 09:41:57",142
"2019-03-05 10:41:55",142
"2019-03-05 11:41:53",142
"2019-03-05 12:41:55",142
"2019-03-05 14:07:03",142
"2019-03-05 14:41:57",142
"2019-03-05 15:41:59",143
"2019-03-05 16:41:57",141
"2019-03-05 17:41:58",140
"2019-03-05 18:41:58",141
"2019-03-05 19:41:57",141
"2019-03-05 20:41:58",142
"2019-03-05 21:41:57",142
"2019-03-05 22:42:00",142
"2019-03-05 23:41:59",142
"2019-03-06 00:41:58",142
"2019-03-06 01:41:58",142
"2019-03-06 02:41:57",142
"2019-03-06 03:41:58",142
"2019-03-06 04:41:59",142
"2019-03-06 05:41:59",142
"2019-03-06 06:42:01",142
"2019-03-06 07:41:57",142
"2019-03-06 08:41:55",142
"2019-03-06 09:41:55",142
"2019-03-06 10:41:57",142
"2019-03-06 11:42:34",142
"2019-03-06 12:42:08",142
"2019-03-06 14:06:42",142
"2019-03-06 14:42:17",142
"2019-03-06 15:42:13",141
"2019-03-06 16:41:55",141
"2019-03-06 17:42:01",141
"2019-03-06 18:41:59",140
"2019-03-06 19:41:57",140
"2019-03-06 20:41:57",140
"2019-03-06 21:41:57",140
"2019-03-06 22:41:56",140
"2019-03-06 23:41:57",140
"2019-03-07 00:41:56",140
"2019-03-07 01:41:58",140
"2019-03-07 02:41:58",140
"2019-03-07 04:42:01",140
"2019-03-07 05:41:58",140
"2019-03-07 06:41:56",140
"2019-03-07 07:41:56",140
"2019-03-07 08:41:57",140
"2019-03-07 09:41:57",140
"2019-03-07 10:41:56",140
"2019-03-07 11:41:56",140
"2019-03-07 12:41:55",140
"2019-03-07 13:41:57",140
"2019-03-07 14:42:00",140
"2019-03-07 15:41:55",140
"2019-03-07 16:41:58",140
"2019-03-07 17:41:59",139
"2019-03-07 18:41:59",139
"2019-03-07 20:06:30",140
"2019-03-07 20:41:57",140
"2019-03-07 21:41:58",139
"2019-03-07 22:42:01",139
"2019-03-07 23:41:55",139
"2019-03-08 00:41:57",139
"2019-03-08 01:41:58",139
"2019-03-08 02:41:57",139
"2019-03-08 04:41:56",139
"2019-03-08 05:41:56",139
"2019-03-08 06:41:56",139
"2019-03-08 07:41:57",139
"2019-03-08 08:41:56",139
"2019-03-08 09:41:55",139
"2019-03-08 10:41:56",139
"2019-03-08 11:41:56",139
"2019-03-08 12:41:55",139
"2019-03-08 14:07:01",140
"2019-03-08 14:41:56",140
"2019-03-08 15:41:59",140
"2019-03-08 16:41:57",139
"2019-03-08 17:41:57",139
"2019-03-08 18:41:59",139
"2019-03-08 19:41:59",139
"2019-03-08 20:41:55",139
"2019-03-08 21:42:02",139
"2019-03-08 22:41:55",139
"2019-03-08 23:41:59",139
"2019-03-09 00:42:03",139
"2019-03-09 01:42:00",139
"2019-03-09 02:41:57",139
"2019-03-09 03:41:59",139
"2019-03-09 04:41:58",139
"2019-03-09 05:41:57",139
"2019-03-09 06:41:57",139
"2019-03-09 07:41:56",139
"2019-03-09 08:41:55",139
"2019-03-09 09:41:54",139
"2019-03-09 10:41:57",139
"2019-03-09 11:41:56",139
"2019-03-09 12:41:56",139
"2019-03-09 13:41:55",139
"2019-03-09 14:41:56",139
"2019-03-09 15:41:59",139
"2019-03-09 16:41:56",139
"2019-03-09 17:41:58",139
"2019-03-09 18:41:57",139
"2019-03-09 19:41:56",139
"2019-03-09 20:41:57",139
"2019-03-09 21:41:56",139
"2019-03-09 22:41:57",139
"2019-03-09 23:41:57",139
"2019-03-10 00:41:56",139
"2019-03-10 01:41:57",139
"2019-03-10 02:41:59",139
"2019-03-10 03:41:57",139
"2019-03-10 04:41:57",139
"2019-03-10 05:41:56",139
"2019-03-10 06:41:58",139
"2019-03-10 07:41:56",139
"2019-03-10 08:41:55",139
"2019-03-10 09:41:55",139
"2019-03-10 10:41:55",139
"2019-03-10 11:41:56",139
"2019-03-10 12:41:57",139
"2019-03-10 13:41:55",139
"2019-03-10 14:41:56",139
"2019-03-10 15:41:58",139
"2019-03-10 16:41:57",139
"2019-03-10 17:42:00",139
"2019-03-10 18:42:00",139
"2019-03-10 19:41:57",139
"2019-03-10 20:41:56",139
"2019-03-10 21:41:56",139
"2019-03-10 22:41:55",139
"2019-03-10 23:41:58",139
"2019-03-11 00:41:57",139
"2019-03-11 01:41:59",139
"2019-03-11 02:41:56",139
"2019-03-11 03:41:56",139
"2019-03-11 04:41:57",139
"2019-03-11 05:41:57",139
"2019-03-11 06:41:55",139
"2019-03-11 07:41:56",139
"2019-03-11 08:41:54",139
"2019-03-11 09:41:56",139
"2019-03-11 10:41:57",139
"2019-03-11 11:41:55",139
"2019-03-11 12:41:59",139
"2019-03-11 13:41:58",139
"2019-03-11 14:41:59",139
"2019-03-11 15:41:57",139
"2019-03-11 16:41:57",140
"2019-03-11 17:41:56",140
"2019-03-11 18:41:57",139
"2019-03-11 19:41:57",139
"2019-03-11 20:41:56",139
"2019-03-11 21:41:59",139
"2019-03-11 22:41:57",139
"2019-03-11 23:41:58",139
"2019-03-12 00:42:00",139
"2019-03-12 01:41:55",139
"2019-03-12 02:41:56",139
"2019-03-12 03:41:58",139
"2019-03-12 04:41:57",139
"2019-03-12 05:41:57",139
"2019-03-12 06:41:58",139
"2019-03-12 07:41:54",139
"2019-03-12 08:41:56",139
"2019-03-12 09:41:56",139
"2019-03-12 10:41:59",139
"2019-03-12 11:41:56",139
"2019-03-12 12:41:57",139
"2019-03-12 13:41:57",139
"2019-03-12 14:41:55",139
"2019-03-12 15:41:56",139
"2019-03-12 16:41:57",138
"2019-03-12 17:41:55",138
"2019-03-12 18:41:57",138
"2019-03-12 19:41:55",138
"2019-03-12 20:41:57",138
"2019-03-12 21:41:56",138
"2019-03-12 22:41:57",138
"2019-03-12 23:41:58",138
"2019-03-13 00:41:57",138
"2019-03-13 01:41:57",138
"2019-03-13 02:41:56",138
"2019-03-13 03:41:58",138
"2019-03-13 04:41:58",138
"2019-03-13 05:41:56",138
"2019-03-13 06:41:55",138
"2019-03-13 07:41:59",138
"2019-03-13 08:41:55",138
"2019-03-13 09:41:55",138
"2019-03-13 10:41:55",138
"2019-03-13 11:41:55",138
"2019-03-13 13:05:58",138
"2019-03-13 13:41:56",138
"2019-03-13 14:41:56",137
"2019-03-13 15:41:56",137
"2019-03-13 16:41:57",137
"2019-03-13 17:41:59",137
"2019-03-13 18:41:55",137
"2019-03-13 19:41:57",137
"2019-03-13 20:41:56",137
"2019-03-13 21:41:58",137
"2019-03-13 22:41:55",137
"2019-03-13 23:41:57",137
"2019-03-14 00:41:55",137
"2019-03-14 01:41:58",137
"2019-03-14 02:41:58",137
"2019-03-14 03:41:55",137
"2019-03-14 04:41:57",137
"2019-03-14 05:41:56",137
"2019-03-14 06:41:57",137
"2019-03-14 07:41:56",137
"2019-03-14 08:41:55",137
"2019-03-14 09:41:54",137
"2019-03-14 10:41:57",137
"2019-03-14 11:41:56",137
"2019-03-14 13:06:30",137
"2019-03-14 13:41:55",137
"2019-03-14 14:41:57",137
"2019-03-14 15:41:57",137
"2019-03-14 16:41:56",136
"2019-03-14 17:41:58",135
"2019-03-14 18:41:56",136
"2019-03-14 19:42:00",135
"2019-03-14 20:41:56",134
"2019-03-14 21:41:57",134
"2019-03-14 22:42:01",134
"2019-03-14 23:42:00",134
"2019-03-15 00:41:58",134
"2019-03-15 01:41:57",134
"2019-03-15 02:41:59",134
"2019-03-15 03:41:58",134
"2019-03-15 04:41:57",134
"2019-03-15 05:41:55",134
"2019-03-15 06:41:54",134
"2019-03-15 07:41:56",134
"2019-03-15 08:41:58",134
"2019-03-15 09:41:57",134
"2019-03-15 10:41:59",134
"2019-03-15 11:41:58",134
"2019-03-15 12:41:58",134
"2019-03-15 13:41:57",134
"2019-03-15 14:41:57",137
"2019-03-15 15:42:01",138
"2019-03-15 16:41:58",137
"2019-03-15 17:42:01",137
"2019-03-15 18:41:58",138
"2019-03-15 19:41:58",138
"2019-03-15 20:41:58",138
"2019-03-15 21:41:57",138
"2019-03-15 22:41:56",138
"2019-03-15 23:42:01",138
"2019-03-16 00:41:58",138
"2019-03-16 01:41:56",138
"2019-03-16 02:41:58",138
"2019-03-16 03:41:58",138
"2019-03-16 04:41:59",138
"2019-03-16 05:41:59",138
"2019-03-16 06:41:58",138
"2019-03-16 07:41:58",138
"2019-03-16 08:42:00",138
"2019-03-16 09:41:57",138
"2019-03-16 10:41:57",138
"2019-03-16 11:41:57",138
"2019-03-16 12:41:57",138
"2019-03-16 13:41:58",138
"2019-03-16 14:41:57",138
"2019-03-16 15:41:58",138
"2019-03-16 16:41:57",138
"2019-03-16 17:41:57",138
"2019-03-16 18:41:56",138
"2019-03-16 19:41:57",138
"2019-03-16 20:41:59",138
"2019-03-16 21:41:59",138
"2019-03-16 22:41:59",138
"2019-03-16 23:41:57",138
"2019-03-17 00:41:59",138
"2019-03-17 01:41:58",138
"2019-03-17 02:42:00",138
"2019-03-17 03:41:59",138
"2019-03-17 04:41:58",138
"2019-03-17 05:42:00",138
"2019-03-17 06:41:57",138
"2019-03-17 07:41:57",138
"2019-03-17 08:41:55",138
"2019-03-17 09:41:59",138
"2019-03-17 10:41:56",138
"2019-03-17 11:41:57",138
"2019-03-17 12:41:57",138
"2019-03-17 13:41:56",138
"2019-03-17 14:41:56",138
"2019-03-17 15:41:56",138
"2019-03-17 16:41:55",138
"2019-03-17 17:41:55",138
"2019-03-17 18:41:57",138
"2019-03-17 19:41:56",138
"2019-03-17 20:41:55",138
"2019-03-17 21:41:55",138
"2019-03-17 22:41:55",138
"2019-03-17 23:41:57",138
"2019-03-18 00:41:56",138
"2019-03-18 01:41:56",138
"2019-03-18 02:41:57",138
"2019-03-18 03:41:57",138
"2019-03-18 04:41:57",138
"2019-03-18 05:41:56",138
"2019-03-18 06:41:56",138
"2019-03-18 07:41:57",138
"2019-03-18 08:41:55",138
"2019-03-18 09:41:57",138
"2019-03-18 10:41:56",138
"2019-03-18 11:41:55",138
"2019-03-18 12:41:58",138
"2019-03-18 13:41:59",138
"2019-03-18 14:41:58",139
"2019-03-18 15:42:03",139
"2019-03-18 16:41:56",139
"2019-03-18 17:42:00",141
"2019-03-18 18:42:00",141
"2019-03-18 19:41:59",142
"2019-03-18 20:41:58",142
"2019-03-18 21:41:59",142
"2019-03-18 22:42:01",142
"2019-03-18 23:41:59",142
"2019-03-19 00:42:03",142
"2019-03-19 01:42:00",142
"2019-03-19 02:42:01",142
"2019-03-19 03:41:57",142
"2019-03-19 04:41:58",142
"2019-03-19 05:41:55",142
"2019-03-19 06:42:02",142
"2019-03-19 07:41:58",142
"2019-03-19 08:41:56",142
"2019-03-19 09:41:58",142
"2019-03-19 10:41:57",142
"2019-03-19 11:41:57",142
"2019-03-19 12:41:59",142
"2019-03-19 13:41:57",142
"2019-03-19 14:41:59",141
"2019-03-19 15:42:00",142
"2019-03-19 16:41:59",141
"2019-03-19 17:42:00",141
"2019-03-19 18:41:59",141
"2019-03-19 19:42:00",141
"2019-03-19 20:42:00",141
"2019-03-19 21:42:04",141
"2019-03-19 22:42:01",141
"2019-03-19 23:42:00",141
"2019-03-20 00:42:01",141
"2019-03-20 01:42:02",141
"2019-03-20 02:42:01",141
"2019-03-20 03:42:03",141
"2019-03-20 04:42:00",141
"2019-03-20 05:42:00",141
"2019-03-20 06:42:04",141
"2019-03-20 07:42:03",141
"2019-03-20 08:42:02",141
"2019-03-20 09:42:00",141
"2019-03-20 10:42:01",141
"2019-03-20 11:42:00",141
"2019-03-20 13:06:07",141
"2019-03-20 13:42:00",141
"2019-03-20 14:42:01",141
"2019-03-20 15:42:05",141
"2019-03-20 16:42:00",141
"2019-03-20 17:42:01",140
"2019-03-20 18:41:59",140
"2019-03-20 19:41:58",141
"2019-03-20 20:41:57",142
"2019-03-20 21:41:57",142
"2019-03-20 22:41:57",142
"2019-03-20 23:41:56",142
"2019-03-21 00:41:57",142
"2019-03-21 01:41:57",142
"2019-03-21 02:41:59",142
"2019-03-21 03:41:59",142
"2019-03-21 04:41:57",142
"2019-03-21 05:42:00",142
"2019-03-21 06:41:56",142
"2019-03-21 07:41:56",142
"2019-03-21 08:41:54",142
"2019-03-21 09:41:56",142
"2019-03-21 10:41:58",142
"2019-03-21 11:41:57",142
"2019-03-21 13:07:00",142
"2019-03-21 13:41:55",142
"2019-03-21 14:41:56",142
"2019-03-21 15:41:58",142
"2019-03-21 16:41:56",142
"2019-03-21 17:41:57",142
"2019-03-21 18:41:58",142
"2019-03-21 19:41:57",142
"2019-03-21 20:41:54",141
"2019-03-21 21:41:55",141
"2019-03-21 22:41:55",141
"2019-03-21 23:41:56",141
"2019-03-22 00:41:56",141
"2019-03-22 01:41:55",141
"2019-03-22 02:42:01",141
"2019-03-22 03:41:56",141
"2019-03-22 04:41:55",141
"2019-03-22 05:41:56",141
"2019-03-22 06:41:54",141
"2019-03-22 07:41:55",141
"2019-03-22 08:42:05",141
"2019-03-22 09:41:56",141
"2019-03-22 10:41:55",141
"2019-03-22 11:41:54",141
"2019-03-22 12:42:01",141
"2019-03-22 13:41:55",141
"2019-03-22 14:41:55",140
"2019-03-22 15:41:55",140
"2019-03-22 16:41:56",141
"2019-03-22 17:41:58",141
"2019-03-22 18:41:56",141
"2019-03-22 19:41:55",142
"2019-03-22 20:41:56",142
"2019-03-22 21:41:54",142
"2019-03-22 22:41:55",142
"2019-03-22 23:41:54",142
"2019-03-23 00:41:56",142
"2019-03-23 01:42:02",142
"2019-03-23 02:41:56",142
"2019-03-23 03:41:55",142
"2019-03-23 04:41:54",142
"2019-03-23 05:41:55",142
"2019-03-23 06:41:55",142
"2019-03-23 07:41:59",142
"2019-03-23 08:41:55",142
"2019-03-23 09:41:56",142
"2019-03-23 10:41:54",142
"2019-03-23 11:41:56",142
"2019-03-23 12:41:54",142
"2019-03-23 13:41:58",142
"2019-03-23 14:41:55",142
"2019-03-23 15:41:56",142
"2019-03-23 16:41:54",142
"2019-03-23 17:41:55",142
"2019-03-23 18:41:55",142
"2019-03-23 19:41:59",142
"2019-03-23 20:41:56",142
"2019-03-23 21:41:56",142
"2019-03-23 22:41:55",142
"2019-03-23 23:41:55",142
"2019-03-24 00:41:55",142
"2019-03-24 01:41:57",142
"2019-03-24 02:41:56",142
"2019-03-24 03:41:58",142
"2019-03-24 04:42:01",142
"2019-03-24 05:41:56",142
"2019-03-24 06:41:57",142
"2019-03-24 07:41:57",142
"2019-03-24 08:41:56",142
"2019-03-24 09:42:02",142
"2019-03-24 10:41:58",142
"2019-03-24 11:41:54",142
"2019-03-24 12:41:55",142
"2019-03-24 13:41:59",142
"2019-03-24 14:41:55",142
"2019-03-24 15:41:56",142
"2019-03-24 16:41:55",142
"2019-03-24 17:41:56",142
"2019-03-24 18:41:56",142
"2019-03-24 19:41:55",142
"2019-03-24 20:41:56",142
"2019-03-24 21:42:02",142
"2019-03-24 22:41:57",142
"2019-03-24 23:41:56",142
"2019-03-25 00:41:56",142
"2019-03-25 01:41:56",142
"2019-03-25 02:41:57",142
"2019-03-25 03:42:03",142
"2019-03-25 04:41:56",142
"2019-03-25 05:41:57",142
"2019-03-25 06:41:56",142
"2019-03-25 07:41:56",142
"2019-03-25 08:41:58",142
"2019-03-25 09:41:56",142
"2019-03-25 10:41:56",142
"2019-03-25 11:42:05",142
"2019-03-25 13:06:01",142
"2019-03-25 13:42:01",142
"2019-03-25 14:41:57",144
"2019-03-25 15:41:57",144
"2019-03-25 16:41:57",144
"2019-03-25 17:41:58",145
"2019-03-25 18:41:58",145
"2019-03-25 19:42:00",146
"2019-03-25 20:41:56",146
"2019-03-25 21:41:56",146
"2019-03-25 22:42:05",146
"2019-03-25 23:42:00",146
"2019-03-26 00:42:00",146
"2019-03-26 01:41:59",146
"2019-03-26 02:41:56",146
"2019-03-26 03:41:58",146
"2019-03-26 04:41:57",146
"2019-03-26 05:41:57",146
"2019-03-26 06:41:57",146
"2019-03-26 07:41:56",146
"2019-03-26 08:41:55",146
"2019-03-26 09:41:56",146
"2019-03-26 10:41:59",146
"2019-03-26 11:41:56",146
"2019-03-26 12:41:58",146
"2019-03-26 13:42:03",146
"2019-03-26 14:41:55",147
"2019-03-26 15:42:04",147
"2019-03-26 16:42:01",147
"2019-03-26 17:41:56",147
"2019-03-26 18:42:00",146
"2019-03-26 19:42:03",146
"2019-03-26 20:41:59",146
"2019-03-26 21:41:58",146
"2019-03-26 22:41:57",146
"2019-03-26 23:41:56",146
"2019-03-27 00:42:00",146
"2019-03-27 01:41:57",146
"2019-03-27 02:41:56",146
"2019-03-27 03:42:01",146
"2019-03-27 04:41:59",146
"2019-03-27 05:41:58",146
"2019-03-27 06:42:03",146
"2019-03-27 07:41:56",146
"2019-03-27 08:41:56",146
"2019-03-27 09:41:56",146
"2019-03-27 10:42:01",146
"2019-03-27 11:41:55",146
"2019-03-27 13:06:37",146
"2019-03-27 13:41:58",146
"2019-03-27 14:42:02",147
"2019-03-27 15:41:57",147
"2019-03-27 16:41:58",147
"2019-03-27 17:42:06",147
"2019-03-27 18:41:56",147
"2019-03-27 19:41:56",147
"2019-03-27 20:42:00",147
"2019-03-27 21:41:57",147
"2019-03-27 22:42:05",147
"2019-03-27 23:41:59",147
"2019-03-28 00:41:59",147
"2019-03-28 01:41:57",147
"2019-03-28 02:42:06",147
"2019-03-28 03:41:58",147
"2019-03-28 04:42:01",147
"2019-03-28 05:41:57",147
"2019-03-28 06:41:55",147
"2019-03-28 07:41:56",147
"2019-03-28 08:41:55",147
"2019-03-28 09:41:55",147
"2019-03-28 10:41:56",147
"2019-03-28 11:41:55",147
"2019-03-28 13:06:29",147
"2019-03-28 13:42:00",147
"2019-03-28 14:41:57",146
"2019-03-28 15:41:58",147
"2019-03-28 16:41:59",147
"2019-03-28 17:41:57",147
"2019-03-28 18:41:57",148
"2019-03-28 19:41:56",148
"2019-03-28 20:42:00",149
"2019-03-28 21:41:59",148
"2019-03-28 22:41:56",148
"2019-03-28 23:41:57",148
"2019-03-29 00:41:56",148
"2019-03-29 01:42:09",148
"2019-03-29 02:42:01",148
"2019-03-29 03:42:03",148
"2019-03-29 04:42:00",148
"2019-03-29 05:41:55",148
"2019-03-29 06:41:55",148
"2019-03-29 07:41:56",148
"2019-03-29 08:42:01",148
"2019-03-29 09:41:57",148
"2019-03-29 10:41:57",148
"2019-03-29 11:42:00",148
"2019-03-29 13:06:59",148
"2019-03-29 13:41:57",148
"2019-03-29 14:41:59",148
"2019-03-29 15:42:00",148
"2019-03-29 16:41:54",148
"2019-03-29 17:42:00",148
"2019-03-29 18:42:09",149
"2019-03-29 19:42:00",150
"2019-03-29 20:41:59",149
"2019-03-29 21:41:57",149
"2019-03-29 22:42:02",149
"2019-03-29 23:42:07",149
"2019-03-30 00:42:01",149
"2019-03-30 01:42:00",149
"2019-03-30 02:42:04",149
"2019-03-30 03:42:02",149
"2019-03-30 04:42:04",149
"2019-03-30 05:41:58",149
"2019-03-30 06:41:58",149
"2019-03-30 07:41:58",149
"2019-03-30 08:42:15",149
"2019-03-30 09:42:00",149
"2019-03-30 10:41:59",149
"2019-03-30 11:41:59",149
"2019-03-30 12:42:04",149
"2019-03-30 13:41:55",149
"2019-03-30 14:41:56",149
"2019-03-30 15:41:55",149
"2019-03-30 16:41:56",149
"2019-03-30 17:42:01",149
"2019-03-30 18:41:55",149
"2019-03-30 19:41:57",149
"2019-03-30 20:41:55",149
"2019-03-30 21:41:55",149
"2019-03-30 22:42:02",149
"2019-03-30 23:41:56",149
"2019-03-31 00:41:56",149
"2019-03-31 01:41:58",149
"2019-03-31 02:42:02",149
"2019-03-31 03:41:57",149
"2019-03-31 04:41:56",149
"2019-03-31 05:41:56",149
"2019-03-31 06:42:02",149
"2019-03-31 07:41:57",149
"2019-03-31 08:41:55",149
"2019-03-31 09:41:55",149
"2019-03-31 10:42:00",149
"2019-03-31 11:41:57",149
"2019-03-31 12:41:56",149
"2019-03-31 13:41:59",149
"2019-03-31 14:41:55",149
"2019-03-31 15:41:57",149
"2019-03-31 16:41:57",149
"2019-03-31 17:42:04",149
"2019-03-31 18:41:56",149
"2019-03-31 19:41:56",149
"2019-03-31 20:41:56",149
"2019-03-31 21:41:57",149
"2019-03-31 22:41:55",149
"2019-03-31 23:42:00",149
"2019-04-01 00:42:01",149
"2019-04-01 01:41:59",149
"2019-04-01 02:42:01",149
"2019-04-01 03:42:08",149
"2019-04-01 04:41:58",149
"2019-04-01 05:41:57",149
"2019-04-01 06:41:55",149
"2019-04-01 07:42:03",149
"2019-04-01 08:41:57",149
"2019-04-01 09:41:58",149
"2019-04-01 10:42:03",149
"2019-04-01 11:42:00",149
"2019-04-01 13:42:01",149
"2019-04-01 14:42:02",147
"2019-04-01 15:42:10",147
"2019-04-01 16:42:06",147
"2019-04-01 17:42:02",146
"2019-04-01 18:41:58",146
"2019-04-01 19:42:10",146
"2019-04-01 20:41:59",146
"2019-04-01 21:41:56",146
"2019-04-01 22:42:01",146
"2019-04-01 23:42:00",146
"2019-04-02 00:42:03",146
"2019-04-02 01:41:58",146
"2019-04-02 02:41:59",146
"2019-04-02 03:42:07",146
"2019-04-02 04:41:58",146
"2019-04-02 05:41:57",146
"2019-04-02 06:41:57",146
"2019-04-02 07:42:01",146
"2019-04-02 08:41:59",146
"2019-04-02 09:42:02",146
"2019-04-02 10:41:57",146
"2019-04-02 11:41:57",146
"2019-04-02 13:06:36",146
"2019-04-02 13:42:01",146
"2019-04-02 14:41:57",147
"2019-04-02 15:42:08",146
"2019-04-02 16:41:59",146
"2019-04-02 17:42:06",146
"2019-04-02 18:41:59",146
"2019-04-02 19:42:00",146
"2019-04-02 20:42:05",146
"2019-04-02 21:42:01",146
"2019-04-02 22:42:00",146
"2019-04-02 23:42:01",146
"2019-04-03 00:42:10",146
"2019-04-03 01:42:02",146
"2019-04-03 02:41:58",146
"2019-04-03 03:42:02",146
"2019-04-03 04:42:02",146
"2019-04-03 05:42:02",146
"2019-04-03 06:42:03",146
"2019-04-03 07:41:59",146
"2019-04-03 08:41:59",146
"2019-04-03 09:42:10",146
"2019-04-03 10:42:03",146
"2019-04-03 11:42:01",146
"2019-04-03 13:06:38",146
"2019-04-03 13:41:59",146
"2019-04-03 14:42:06",147
"2019-04-03 15:42:06",147
"2019-04-03 16:41:59",147
"2019-04-03 17:41:57",147
"2019-04-03 18:41:58",147
"2019-04-03 19:41:59",147
"2019-04-03 20:42:01",147
"2019-04-03 21:41:58",147
"2019-04-03 22:41:58",147
"2019-04-03 23:42:05",147
"2019-04-04 00:41:56",147
"2019-04-04 01:41:58",147
"2019-04-04 02:41:59",147
"2019-04-04 03:42:03",147
"2019-04-04 04:41:57",147
"2019-04-04 05:41:56",147
"2019-04-04 06:41:57",147
"2019-04-04 07:41:58",147
"2019-04-04 08:42:02",147
"2019-04-04 09:41:57",147
"2019-04-04 10:41:58",147
"2019-04-04 11:42:03",147
"2019-04-04 12:41:58",147
"2019-04-04 13:41:58",147
"2019-04-04 14:42:06",147
"2019-04-04 15:41:59",147
"2019-04-04 16:42:05",147
"2019-04-04 17:41:57",147
"2019-04-04 18:42:01",147
"2019-04-04 19:41:59",146
"2019-04-04 20:41:58",147
"2019-04-04 21:42:01",147
"2019-04-04 22:42:08",147
"2019-04-04 23:41:58",147
"2019-04-05 00:42:00",147
"2019-04-05 01:41:57",147
"2019-04-05 02:41:57",147
"2019-04-05 03:42:09",147
"2019-04-05 04:41:59",147
"2019-04-05 05:41:57",147
"2019-04-05 06:41:56",147
"2019-04-05 07:41:58",147
"2019-04-05 08:42:06",147
"2019-04-05 09:41:59",147
"2019-04-05 10:42:05",147
"2019-04-05 11:41:58",147
"2019-04-05 13:06:05",147
"2019-04-05 13:42:03",147
"2019-04-05 14:42:02",145
"2019-04-05 15:42:07",145
"2019-04-05 16:41:58",145
"2019-04-05 17:41:59",145
"2019-04-05 18:42:01",145
"2019-04-05 19:41:59",146
"2019-04-05 20:41:58",146
"2019-04-05 21:42:02",146
"2019-04-05 22:42:01",146
"2019-04-05 23:42:04",146
"2019-04-06 00:42:01",146
"2019-04-06 01:42:11",146
"2019-04-06 02:42:04",146
"2019-04-06 03:42:02",146
"2019-04-06 04:42:05",146
"2019-04-06 05:42:01",146
"2019-04-06 06:41:59",146
"2019-04-06 07:42:00",146
"2019-04-06 08:42:10",146
"2019-04-06 09:42:00",146
"2019-04-06 10:42:00",146
"2019-04-06 11:42:01",146
"2019-04-06 12:42:02",146
"2019-04-06 13:41:58",146
"2019-04-06 14:41:58",146
"2019-04-06 15:42:05",146
"2019-04-06 16:41:58",146
"2019-04-06 17:41:59",146
"2019-04-06 18:42:00",146
"2019-04-06 19:42:00",146
"2019-04-06 20:41:58",146
"2019-04-06 21:42:07",146
"2019-04-06 22:41:59",146
"2019-04-06 23:41:59",146
"2019-04-07 00:41:59",146
"2019-04-07 01:41:57",146
"2019-04-07 02:42:01",146
"2019-04-07 03:42:05",146
"2019-04-07 04:42:00",146
"2019-04-07 05:42:00",146
"2019-04-07 06:42:01",146
"2019-04-07 07:42:08",146
"2019-04-07 08:42:01",146
"2019-04-07 09:42:04",146
"2019-04-07 10:41:59",146
"2019-04-07 11:42:05",146
"2019-04-07 12:42:01",146
"2019-04-07 13:42:05",146
"2019-04-07 14:42:00",146
"2019-04-07 15:42:02",146
"2019-04-07 16:42:04",146
"2019-04-07 17:42:00",146
"2019-04-07 18:42:00",146
"2019-04-07 19:42:00",146
"2019-04-07 20:42:07",146
"2019-04-07 21:41:59",146
"2019-04-07 22:41:59",146
"2019-04-07 23:41:58",146
"2019-04-08 00:42:10",146
"2019-04-08 01:42:00",146
"2019-04-08 02:42:00",146
"2019-04-08 03:42:00",146
"2019-04-08 04:41:57",146
"2019-04-08 05:42:09",146
"2019-04-08 06:41:58",146
"2019-04-08 07:41:58",146
"2019-04-08 08:41:59",146
"2019-04-08 09:42:00",146
"2019-04-08 10:41:59",146
"2019-04-08 11:42:10",146
"2019-04-08 12:41:58",146
"2019-04-08 13:42:05",146
"2019-04-08 14:41:58",144
"2019-04-08 15:42:03",143
"2019-04-08 16:42:10",143
"2019-04-08 17:42:00",143
"2019-04-08 18:41:59",143
"2019-04-08 19:42:00",143
"2019-04-08 20:42:00",143
"2019-04-08 21:42:01",143
"2019-04-08 22:42:01",143
"2019-04-08 23:41:59",143
"2019-04-09 00:42:06",143
"2019-04-09 01:42:00",143
"2019-04-09 02:42:03",143
"2019-04-09 03:42:02",143
"2019-04-09 04:42:00",143
"2019-04-09 05:42:04",143
"2019-04-09 06:42:00",143
"2019-04-09 07:42:00",143
"2019-04-09 08:42:03",143
"2019-04-09 09:42:10",143
"2019-04-09 10:42:00",143
"2019-04-09 11:42:01",143
"2019-04-09 13:07:15",143
"2019-04-09 13:42:00",143
"2019-04-09 14:41:59",143
"2019-04-09 15:42:12",143
"2019-04-09 16:42:01",145
"2019-04-09 17:42:00",145
"2019-04-09 18:42:00",145
"2019-04-09 19:42:01",145
"2019-04-09 20:42:00",144
"2019-04-09 21:42:01",144
"2019-04-09 22:41:59",144
"2019-04-09 23:42:06",144
"2019-04-10 00:42:02",144
"2019-04-10 01:42:01",144
"2019-04-10 02:42:02",144
"2019-04-10 03:42:05",144
"2019-04-10 04:42:06",144
"2019-04-10 05:42:00",144
"2019-04-10 06:42:00",144
"2019-04-10 07:41:59",144
"2019-04-10 08:42:05",144
"2019-04-10 09:42:02",144
"2019-04-10 10:42:01",144
"2019-04-10 11:42:02",144
"2019-04-10 12:42:10",144
"2019-04-10 13:42:09",144
"2019-04-10 14:42:01",144
"2019-04-10 15:42:04",144
"2019-04-10 16:42:02",144
"2019-04-10 17:42:02",144
"2019-04-10 18:42:06",144
"2019-04-10 19:42:03",144
"2019-04-10 20:41:59",144
"2019-04-10 21:41:59",144
"2019-04-10 22:41:58",144
"2019-04-10 23:42:08",144
"2019-04-11 00:42:00",144
"2019-04-11 01:41:58",144
"2019-04-11 02:42:01",144
"2019-04-11 03:42:03",144
"2019-04-11 04:42:03",144
"2019-04-11 05:42:02",144
"2019-04-11 06:41:58",144
"2019-04-11 18:42:05",144
"2019-04-11 19:42:13",144
"2019-04-11 20:42:01",144
"2019-04-11 21:42:02",144
"2019-04-11 22:42:01",144
"2019-04-11 23:42:01",144
"2019-04-12 00:42:01",144
"2019-04-12 01:42:03",144
"2019-04-12 02:42:08",144
"2019-04-12 03:42:03",144
"2019-04-12 04:42:02",144
"2019-04-12 05:42:02",144
"2019-04-12 06:42:00",144
"2019-04-12 07:42:01",144
"2019-04-12 08:42:01",144
"2019-04-12 09:42:06",144
"2019-04-12 10:42:00",144
"2019-04-12 11:42:00",144
"2019-04-12 13:05:43",144
"2019-04-12 13:42:03",144
"2019-04-12 14:41:59",146
"2019-04-12 15:42:05",146
"2019-04-12 16:42:04",146
"2019-04-12 17:42:01",145
"2019-04-12 18:42:01",145
"2019-04-12 19:42:00",145
"2019-04-12 20:42:00",145
"2019-04-12 21:41:59",145
"2019-04-12 22:42:09",145
"2019-04-12 23:42:00",145
"2019-04-13 00:42:04",145
"2019-04-13 01:42:01",145
"2019-04-13 02:42:02",145
"2019-04-13 03:42:12",145
"2019-04-13 04:42:03",145
"2019-04-13 05:42:03",145
"2019-04-13 06:42:03",145
"2019-04-13 07:41:59",145
"2019-04-13 08:42:01",145
"2019-04-13 09:42:04",145
"2019-04-13 10:42:00",145
"2019-04-13 11:42:02",145
"2019-04-13 12:42:01",145
"2019-04-13 13:42:01",145
"2019-04-13 14:42:04",145
"2019-04-13 15:42:03",145
"2019-04-13 16:42:03",145
"2019-04-13 17:41:59",145
"2019-04-13 18:42:01",145
"2019-04-13 19:42:02",145
"2019-04-13 20:42:01",145
"2019-04-13 21:42:05",145
"2019-04-13 22:42:01",145
"2019-04-13 23:42:00",145
"2019-04-14 00:42:03",145
"2019-04-14 01:42:05",145
"2019-04-14 02:42:00",145
"2019-04-14 03:42:00",145
"2019-04-14 04:42:09",145
"2019-04-14 05:42:01",145
"2019-04-14 06:42:02",145
"2019-04-14 07:42:05",145
"2019-04-14 08:42:01",145
"2019-04-14 09:42:04",145
"2019-04-14 10:41:58",145
"2019-04-14 11:42:04",145
"2019-04-14 12:41:59",145
"2019-04-14 13:42:02",145
"2019-04-14 14:42:07",145
"2019-04-14 15:42:05",145
"2019-04-14 16:42:04",145
"2019-04-14 17:42:01",145
"2019-04-14 18:42:02",145
"2019-04-14 19:42:03",145
"2019-04-14 20:42:04",145
"2019-04-14 21:42:09",145
"2019-04-14 22:42:01",145
"2019-04-14 23:42:03",145
"2019-04-15 00:42:01",145
"2019-04-15 01:42:00",145
"2019-04-15 02:42:02",145
"2019-04-15 03:42:10",145
"2019-04-15 04:42:02",145
"2019-04-15 05:42:02",145
"2019-04-15 06:41:59",145
"2019-04-15 07:42:01",145
"2019-04-15 08:42:05",145
"2019-04-15 09:42:00",145
"2019-04-15 10:42:00",145
"2019-04-15 11:42:01",145
"2019-04-15 13:07:39",145
"2019-04-15 13:42:00",145
"2019-04-15 14:42:02",144
"2019-04-15 15:42:07",144
"2019-04-15 16:42:01",144
"2019-04-15 17:42:04",144
"2019-04-15 18:42:05",144
"2019-04-15 19:42:16",144
"2019-04-15 20:42:01",144
"2019-04-15 21:42:01",144
"2019-04-15 22:42:03",144
"2019-04-15 23:42:06",144
"2019-04-16 00:42:04",144
"2019-04-16 01:42:01",144
"2019-04-16 02:42:03",144
"2019-04-16 03:42:06",144
"2019-04-16 04:42:02",144
"2019-04-16 05:42:02",144
"2019-04-16 06:42:01",144
"2019-04-16 07:41:59",144
"2019-04-16 08:42:13",144
"2019-04-16 09:42:00",144
"2019-04-16 10:42:07",144
"2019-04-16 11:42:01",144
"2019-04-16 13:06:04",144
"2019-04-16 13:42:02",144
"2019-04-16 14:42:06",145
"2019-04-16 15:42:00",145
"2019-04-16 16:42:00",145
"2019-04-16 17:41:59",145
"2019-04-16 18:42:06",143
"2019-04-16 19:42:02",143
"2019-04-16 20:42:03",142
"2019-04-16 21:41:59",142
"2019-04-16 22:42:00",142
"2019-04-16 23:42:00",142
"2019-04-17 00:42:01",142
"2019-04-17 01:42:02",142
"2019-04-17 02:42:06",142
"2019-04-17 03:42:01",142
"2019-04-17 04:42:02",142
"2019-04-17 05:42:01",142
"2019-04-17 06:42:14",142
"2019-04-17 07:42:02",142
"2019-04-17 08:41:59",142
"2019-04-17 09:42:05",142
"2019-04-17 10:41:59",142
"2019-04-17 11:42:01",142
"2019-04-17 13:07:07",142
"2019-04-17 13:42:03",142
"2019-04-17 14:42:02",144
"2019-04-17 15:42:16",144
"2019-04-17 16:42:01",144
"2019-04-17 17:42:08",144
"2019-04-17 18:42:02",144
"2019-04-17 19:42:01",144
"2019-04-17 20:42:03",144
"2019-04-17 21:42:01",144
"2019-04-17 22:42:02",144
"2019-04-17 23:42:07",144
"2019-04-18 00:42:01",144
"2019-04-18 01:42:04",144
"2019-04-18 02:42:01",144
"2019-04-18 03:42:10",144
"2019-04-18 04:42:02",144
"2019-04-18 05:42:07",144
"2019-04-18 06:42:01",144
"2019-04-18 07:42:01",144
"2019-04-18 08:42:06",144
"2019-04-18 09:42:01",144
"2019-04-18 10:42:04",144
"2019-04-18 11:42:05",144
"2019-04-18 13:07:04",144
"2019-04-18 13:42:02",144
"2019-04-18 14:42:06",144
"2019-04-18 15:42:03",144
"2019-04-18 16:42:03",144
"2019-04-18 17:42:08",143
"2019-04-18 18:42:02",143
"2019-04-18 19:42:00",143
"2019-04-18 20:42:02",143
"2019-04-18 21:42:04",143
"2019-04-18 22:42:02",143
"2019-04-18 23:42:06",143
"2019-04-19 00:42:33",143
"2019-04-19 02:42:01",143
"2019-04-19 03:42:09",143
"2019-04-19 04:42:01",143
"2019-04-19 05:42:00",143
"2019-04-19 06:42:03",143
"2019-04-19 07:42:06",143
"2019-04-19 08:42:04",143
"2019-04-19 09:42:02",143
"2019-04-19 10:42:04",143
"2019-04-19 11:42:00",143
"2019-04-19 12:42:01",143
"2019-04-19 13:42:05",143
"2019-04-19 14:42:06",143
"2019-04-19 15:42:01",143
"2019-04-19 16:42:02",143
"2019-04-19 17:42:07",143
"2019-04-19 18:42:02",143
"2019-04-19 19:42:01",143
"2019-04-19 20:42:01",143
"2019-04-19 21:42:00",143
"2019-04-19 22:42:01",143
"2019-04-19 23:42:03",143
"2019-04-20 00:42:08",143
"2019-04-20 01:42:04",143
"2019-04-20 02:42:03",143
"2019-04-20 03:42:01",143
"2019-04-20 04:42:07",143
"2019-04-20 05:42:01",143
"2019-04-20 06:42:01",143
"2019-04-20 07:42:04",143
"2019-04-20 08:42:02",143
"2019-04-20 09:42:06",143
"2019-04-20 10:42:02",143
"2019-04-20 11:41:59",143
"2019-04-20 12:42:11",143
"2019-04-20 13:42:50",143
"2019-04-20 14:42:02",143
"2019-04-20 15:41:59",143
"2019-04-20 16:42:04",143
"2019-04-20 17:42:04",143
"2019-04-20 18:42:01",143
"2019-04-20 19:42:01",143
"2019-04-20 20:42:01",143
"2019-04-20 21:42:00",143
"2019-04-20 22:42:01",143
"2019-04-20 23:42:08",143
"2019-04-21 00:42:01",143
"2019-04-21 01:42:01",143
"2019-04-21 02:42:03",143
"2019-04-21 03:42:03",143
"2019-04-21 04:42:04",143
"2019-04-21 05:42:01",143
"2019-04-21 06:42:00",143
"2019-04-21 07:42:07",143
"2019-04-21 08:42:00",143
"2019-04-21 09:42:00",143
"2019-04-21 10:42:02",143
"2019-04-21 11:42:02",143
"2019-04-21 12:42:01",143
"2019-04-21 13:42:00",143
"2019-04-21 14:42:06",143
"2019-04-21 15:42:01",143
"2019-04-21 16:42:03",143
"2019-04-21 17:42:02",143
"2019-04-21 18:42:00",143
"2019-04-21 19:42:07",143
"2019-04-21 20:41:59",143
"2019-04-21 21:42:01",143
"2019-04-21 22:42:00",143
"2019-04-21 23:42:00",143
"2019-04-22 00:42:01",143
"2019-04-22 01:42:04",143
"2019-04-22 02:42:10",143
"2019-04-22 03:42:02",143
"2019-04-22 04:41:59",143
"2019-04-22 05:41:59",143
"2019-04-22 06:42:03",143
"2019-04-22 07:42:03",143
"2019-04-22 08:42:01",143
"2019-04-22 09:41:59",143
"2019-04-22 10:42:06",143
"2019-04-22 11:42:04",143
"2019-04-22 13:07:36",143
"2019-04-22 13:42:03",143
"2019-04-22 14:42:04",144
"2019-04-22 15:42:01",144
"2019-04-22 16:42:01",144
"2019-04-22 17:42:03",144
"2019-04-22 18:42:05",145
"2019-04-22 19:42:05",145
"2019-04-22 20:42:02",145
"2019-04-22 21:42:02",145
"2019-04-22 22:42:02",145
"2019-04-22 23:42:05",145
"2019-04-23 00:42:04",145
"2019-04-23 01:42:00",145
"2019-04-23 02:42:01",145
"2019-04-23 03:42:04",145
"2019-04-23 04:42:05",145
"2019-04-23 05:42:02",145
"2019-04-23 06:42:36",145
"2019-04-23 07:42:02",145
"2019-04-23 08:41:59",145
"2019-04-23 09:42:02",145
"2019-04-23 10:42:03",145
"2019-04-23 11:42:05",145
"2019-04-23 13:08:07",145
"2019-04-23 13:42:02",145
"2019-04-23 14:42:01",145
"2019-04-23 15:42:06",144
"2019-04-23 16:42:03",144
"2019-04-23 17:42:03",144
"2019-04-23 18:42:01",144
"2019-04-23 19:42:03",144
"2019-04-23 20:42:10",144
"2019-04-23 21:42:05",144
"2019-04-23 22:42:02",144
"2019-04-23 23:42:03",144
"2019-04-24 00:42:01",144
"2019-04-24 01:42:03",144
"2019-04-24 02:42:08",144
"2019-04-24 03:42:04",144
"2019-04-24 04:42:03",144
"2019-04-24 05:42:01",144
"2019-04-24 06:42:04",144
"2019-04-24 07:42:07",144
"2019-04-24 08:42:02",144
"2019-04-24 09:42:04",144
"2019-04-24 10:42:07",144
"2019-04-24 11:42:08",144
"2019-04-24 12:42:02",144
"2019-04-24 13:42:15",144
"2019-04-24 14:42:06",143
"2019-04-24 15:42:04",142
"2019-04-24 16:42:03",141
"2019-04-24 17:42:05",141
"2019-04-24 18:42:14",141
"2019-04-24 19:42:04",142
"2019-04-24 20:42:05",142
"2019-04-24 21:42:04",142
"2019-04-24 22:42:02",142
"2019-04-24 23:42:12",142
"2019-04-25 00:42:05",142
"2019-04-25 01:42:04",142
"2019-04-25 02:42:04",142
"2019-04-25 03:42:10",142
"2019-04-25 04:42:04",142
"2019-04-25 05:42:03",142
"2019-04-25 06:42:06",142
"2019-04-25 07:42:01",142
"2019-04-25 08:42:08",142
"2019-04-25 09:42:03",142
"2019-04-25 10:42:07",142
"2019-04-25 11:42:06",142
"2019-04-25 13:06:37",142
"2019-04-25 13:42:04",142
"2019-04-25 14:42:08",142
"2019-04-25 15:42:02",142
"2019-04-25 16:42:07",142
"2019-04-25 17:42:02",141
"2019-04-25 18:42:02",141
"2019-04-25 19:42:06",141
"2019-04-25 20:42:02",140
"2019-04-25 21:42:09",140
"2019-04-25 22:42:02",140
"2019-04-25 23:42:01",140
"2019-04-26 00:42:04",140
"2019-04-26 01:42:08",140
"2019-04-26 02:42:03",140
"2019-04-26 03:42:04",140
"2019-04-26 04:42:05",140
"2019-04-26 05:42:05",140
"2019-04-26 06:42:05",140
"2019-04-26 07:42:02",140
"2019-04-26 08:42:08",140
"2019-04-26 09:42:01",140
"2019-04-26 10:42:09",140
"2019-04-26 11:42:01",140
"2019-04-26 12:42:03",140
"2019-04-26 13:42:07",140
"2019-04-26 14:42:02",140
"2019-04-26 15:42:07",140
"2019-04-26 16:42:01",140
"2019-04-26 17:42:03",140
"2019-04-26 18:42:03",140
"2019-04-26 19:42:01",140
"2019-04-26 20:42:07",140
"2019-04-26 21:42:02",140
"2019-04-26 22:42:02",140
"2019-04-26 23:42:02",140
"2019-04-27 00:42:03",140
"2019-04-27 01:42:06",140
"2019-04-27 02:42:01",140
"2019-04-27 03:42:01",140
"2019-04-27 04:42:00",140
"2019-04-27 05:42:03",140
"2019-04-27 06:42:06",140
"2019-04-27 07:42:00",140
"2019-04-27 08:42:01",140
"2019-04-27 09:42:05",140
"2019-04-27 10:42:03",140
"2019-04-27 11:42:00",140
"2019-04-27 12:42:01",140
"2019-04-27 13:42:03",140
"2019-04-27 14:42:01",140
"2019-04-27 15:41:59",140
"2019-04-27 16:42:02",140
"2019-04-27 17:42:09",140
"2019-04-27 18:42:02",140
"2019-04-27 19:41:59",140
"2019-04-27 20:42:02",140
"2019-04-27 21:42:03",140
"2019-04-27 22:42:00",140
"2019-04-27 23:42:00",140
"2019-04-28 00:42:00",140
"2019-04-28 01:42:02",140
"2019-04-28 02:42:01",140
"2019-04-28 03:42:00",140
"2019-04-28 04:42:07",140
"2019-04-28 05:42:01",140
"2019-04-28 06:42:00",140
"2019-04-28 07:42:00",140
"2019-04-28 08:42:05",140
"2019-04-28 09:42:01",140
"2019-04-28 10:42:05",140
"2019-04-28 11:42:03",140
"2019-04-28 12:42:01",140
"2019-04-28 13:42:00",140
"2019-04-28 14:42:04",140
"2019-04-28 15:42:02",140
"2019-04-28 16:41:59",140
"2019-04-28 17:42:01",140
"2019-04-28 18:42:01",140
"2019-04-28 19:42:09",140
"2019-04-28 20:42:00",140
"2019-04-28 21:42:02",140
"2019-04-28 22:42:01",140
"2019-04-28 23:42:03",140
"2019-04-29 00:42:05",140
"2019-04-29 01:41:59",140
"2019-04-29 02:42:00",140
"2019-04-29 03:42:03",140
"2019-04-29 04:42:05",140
"2019-04-29 05:42:00",140
"2019-04-29 06:42:01",140
"2019-04-29 07:42:02",140
"2019-04-29 08:42:06",140
"2019-04-29 09:42:04",140
"2019-04-29 10:42:01",140
"2019-04-29 11:42:01",140
"2019-04-29 12:42:06",140
"2019-04-29 13:42:00",140
"2019-04-29 14:42:04",142
"2019-04-29 15:42:00",142
"2019-04-29 16:42:04",142
"2019-04-29 17:42:03",142
"2019-04-29 18:42:03",142
"2019-04-29 19:42:04",142
"2019-04-29 20:42:10",142
"2019-04-29 21:42:01",142
"2019-04-29 22:42:00",142
"2019-04-29 23:42:03",142
"2019-04-30 00:42:00",142
"2019-04-30 01:42:03",142
"2019-04-30 02:42:06",142
"2019-04-30 03:42:07",142
"2019-04-30 04:42:03",142
"2019-04-30 05:42:04",142
"2019-04-30 06:42:01",142
"2019-04-30 07:42:03",142
"2019-04-30 08:42:02",142
"2019-04-30 09:42:08",142
"2019-04-30 10:42:03",142
"2019-04-30 11:42:04",142
"2019-04-30 13:06:06",142
"2019-04-30 13:42:05",142
"2019-04-30 14:42:04",142
"2019-04-30 15:42:06",142
"2019-04-30 16:42:06",142
"2019-04-30 17:42:09",142
"2019-04-30 18:42:03",143
"2019-04-30 19:42:07",143
"2019-04-30 20:42:04",143
"2019-04-30 21:42:03",143
"2019-04-30 22:42:00",143
"2019-04-30 23:42:06",143
"2019-05-01 00:41:59",143
"2019-05-01 01:42:09",143
"2019-05-01 02:42:04",143
"2019-05-01 03:42:08",143
"2019-05-01 04:42:08",143
"2019-05-01 05:42:06",143
"2019-05-01 06:42:01",143
"2019-05-01 07:42:05",143
"2019-05-01 08:42:05",143
"2019-05-01 09:42:06",143
"2019-05-01 10:42:02",143
"2019-05-01 11:42:03",143
"2019-05-01 13:06:06",143
"2019-05-01 13:42:07",143
"2019-05-01 14:41:59",144
"2019-05-01 15:42:06",143
"2019-05-01 16:42:04",143
"2019-05-01 17:42:01",143
"2019-05-01 18:42:05",143
"2019-05-01 19:42:09",143
"2019-05-01 20:42:06",143
"2019-05-01 21:42:03",143
"2019-05-01 22:42:06",142
"2019-05-01 23:42:07",142
"2019-05-02 00:42:07",142
"2019-05-02 01:42:03",142
"2019-05-02 02:42:08",142
"2019-05-02 03:42:04",142
"2019-05-02 04:42:09",142
"2019-05-02 05:42:11",142
"2019-05-02 06:42:08",142
"2019-05-02 07:42:06",142
"2019-05-02 08:42:05",142
"2019-05-02 09:42:03",142
"2019-05-02 10:42:07",142
"2019-05-02 11:42:03",142
"2019-05-02 13:42:11",142
"2019-05-02 14:42:03",143
"2019-05-02 15:42:04",143
"2019-05-02 16:42:09",143
"2019-05-02 17:42:04",143
"2019-05-02 18:42:04",143
"2019-05-02 19:42:11",143
"2019-05-02 20:42:05",143
"2019-05-02 21:42:06",143
"2019-05-02 22:42:11",143
"2019-05-02 23:42:03",143
"2019-05-03 00:42:05",143
"2019-05-03 01:42:11",143
"2019-05-03 02:42:06",143
"2019-05-03 03:42:11",143
"2019-05-03 04:42:04",143
"2019-05-03 05:42:19",143
"2019-05-03 06:42:09",143
"2019-05-03 07:42:08",143
"2019-05-03 08:42:07",143
"2019-05-03 09:42:08",143
"2019-05-03 10:42:11",143
"2019-05-03 11:42:07",143
"2019-05-03 13:05:14",143
"2019-05-03 13:42:16",143
"2019-05-03 14:42:10",144
"2019-05-03 15:42:08",144
"2019-05-03 16:42:09",144
"2019-05-03 17:42:11",144
"2019-05-03 18:42:14",144
"2019-05-03 19:42:13",144
"2019-05-03 20:42:04",144
"2019-05-03 21:42:14",144
"2019-05-03 22:42:05",144
"2019-05-03 23:42:11",144
"2019-05-04 00:42:09",144
"2019-05-04 01:42:09",144
"2019-05-04 02:42:11",144
"2019-05-04 03:42:15",144
"2019-05-04 04:42:09",144
"2019-05-04 05:42:09",144
"2019-05-04 06:42:10",144
"2019-05-04 07:42:10",144
"2019-05-04 08:42:05",144
"2019-05-04 09:42:08",144
"2019-05-04 10:42:03",144
"2019-05-04 11:42:08",144
"2019-05-04 12:42:11",144
"2019-05-04 13:42:10",144
"2019-05-04 14:42:04",144
"2019-05-04 15:42:06",144
"2019-05-04 16:42:09",144
"2019-05-04 17:42:05",144
"2019-05-04 18:42:04",144
"2019-05-04 19:42:08",144
"2019-05-04 20:42:03",144
"2019-05-04 21:42:06",144
"2019-05-04 22:42:04",144
"2019-05-04 23:42:11",144
"2019-05-05 00:42:07",144
"2019-05-05 01:42:10",144
"2019-05-05 02:42:05",144
"2019-05-05 03:42:07",144
"2019-05-05 04:42:09",144
"2019-05-05 05:42:10",144
"2019-05-05 06:42:11",144
"2019-05-05 07:42:07",144
"2019-05-05 08:42:04",144
"2019-05-05 09:42:04",144
"2019-05-05 10:42:07",144
"2019-05-05 11:42:08",144
"2019-05-05 12:42:07",144
"2019-05-05 13:42:07",144
"2019-05-05 14:42:08",144
"2019-05-05 15:42:06",144
"2019-05-05 16:42:05",144
"2019-05-05 17:42:11",144
"2019-05-05 18:42:06",144
"2019-05-05 19:42:04",144
"2019-05-05 20:42:06",144
"2019-05-05 21:42:04",144
"2019-05-05 22:42:08",144
"2019-05-05 23:42:09",144
"2019-05-06 00:42:05",144
"2019-05-06 01:42:04",144
"2019-05-06 02:42:05",144
"2019-05-06 03:42:09",144
"2019-05-06 04:42:03",144
"2019-05-06 05:42:03",144
"2019-05-06 06:42:03",144
"2019-05-06 07:42:09",144
"2019-05-06 08:42:05",144
"2019-05-06 09:42:02",144
"2019-05-06 10:42:08",144
"2019-05-06 11:42:07",144
"2019-05-06 13:07:15",144
"2019-05-06 13:42:14",144
"2019-05-06 14:42:13",142
"2019-05-06 15:42:03",142
"2019-05-06 16:42:07",141
"2019-05-06 17:33:56",141
"2019-05-06 17:42:04",141
"2019-05-06 18:42:06",140
"2019-05-06 19:42:08",140
"2019-05-06 20:42:02",139
"2019-05-06 21:42:02",139
"2019-05-06 22:42:05",139
"2019-05-06 23:42:02",139
"2019-05-07 00:42:04",139
"2019-05-07 01:42:11",139
"2019-05-07 02:42:03",139
"2019-05-07 03:42:07",139
"2019-05-07 04:42:05",139
"2019-05-07 05:42:04",139
"2019-05-07 06:42:02",139
"2019-05-07 07:42:04",139
"2019-05-07 08:42:01",139
"2019-05-07 09:42:06",139
"2019-05-07 10:42:04",139
"2019-05-07 11:42:02",139
"2019-05-07 12:42:09",139
"2019-05-07 13:42:06",139
"2019-05-07 14:42:02",138
"2019-05-07 15:42:02",138
"2019-05-07 16:42:05",138
"2019-05-07 17:42:06",138
"2019-05-07 18:42:04",138
"2019-05-07 19:42:08",138
"2019-05-07 20:42:04",138
"2019-05-07 21:42:03",138
"2019-05-07 22:42:03",138
"2019-05-07 23:42:07",138
"2019-05-08 00:42:02",138
"2019-05-08 01:42:04",138
"2019-05-08 02:42:04",138
"2019-05-08 03:42:08",138
"2019-05-08 04:42:05",138
"2019-05-08 05:42:05",138
"2019-05-08 06:42:06",138
"2019-05-08 07:42:03",138
"2019-05-08 08:42:02",138
"2019-05-08 09:42:09",138
"2019-05-08 10:42:03",138
"2019-05-08 11:42:06",138
"2019-05-08 13:06:09",138
"2019-05-08 13:42:05",138
"2019-05-08 14:42:07",138
"2019-05-08 15:42:07",137
"2019-05-08 16:42:05",136
"2019-05-08 17:42:07",136
"2019-05-08 18:42:10",136
"2019-05-08 19:42:05",136
"2019-05-08 20:42:02",136
"2019-05-08 21:42:04",136
"2019-05-08 22:42:03",136
"2019-05-08 23:42:12",136
"2019-05-09 00:42:04",136
"2019-05-09 01:42:06",136
"2019-05-09 02:42:06",136
"2019-05-09 03:42:11",136
"2019-05-09 04:42:10",136
"2019-05-09 05:42:05",136
"2019-05-09 06:42:08",136
"2019-05-09 07:42:07",136
"2019-05-09 08:42:06",136
"2019-05-09 09:42:11",136
"2019-05-09 10:42:04",136
"2019-05-09 11:42:08",136
"2019-05-09 13:05:39",136
"2019-05-09 13:42:07",136
"2019-05-09 14:42:05",136
"2019-05-09 15:42:10",136
"2019-05-09 16:42:06",136
"2019-05-09 17:42:11",136
"2019-05-09 18:42:06",136
"2019-05-09 19:42:07",136
"2019-05-09 20:42:06",136
"2019-05-09 21:42:05",136
"2019-05-09 22:42:11",136
"2019-05-09 23:42:05",136
"2019-05-10 00:42:04",136
"2019-05-10 01:42:08",136
"2019-05-10 02:42:12",136
"2019-05-10 03:42:04",136
"2019-05-10 04:42:12",136
"2019-05-10 05:42:05",136
"2019-05-10 06:42:05",136
"2019-05-10 07:42:03",136
"2019-05-10 08:42:09",136
"2019-05-10 09:42:05",136
"2019-05-10 10:42:07",136
"2019-05-10 11:42:05",136
"2019-05-10 12:42:12",136
"2019-05-10 13:42:05",136
"2019-05-10 14:42:09",135
"2019-05-10 15:42:05",135
"2019-05-10 16:42:05",135
"2019-05-10 17:42:05",135
"2019-05-10 18:42:10",135
"2019-05-10 19:42:05",135
"2019-05-10 20:42:04",135
"2019-05-10 21:42:04",135
"2019-05-10 22:42:07",135
"2019-05-10 23:42:06",135
"2019-05-11 00:42:12",135
"2019-05-11 01:42:05",135
"2019-05-11 02:42:11",135
"2019-05-11 03:42:04",135
"2019-05-11 04:42:05",135
"2019-05-11 05:42:15",135
"2019-05-11 06:42:04",135
"2019-05-11 07:42:03",135
"2019-05-11 08:42:09",135
"2019-05-11 09:42:04",135
"2019-05-11 10:42:11",135
"2019-05-11 11:42:05",135
"2019-05-11 12:42:04",135
"2019-05-11 13:42:08",135
"2019-05-11 14:42:04",135
"2019-05-11 15:42:06",135
"2019-05-11 16:42:13",135
"2019-05-11 17:42:06",135
"2019-05-11 18:42:06",135
"2019-05-11 19:42:06",135
"2019-05-11 20:42:04",135
"2019-05-11 21:42:06",135
"2019-05-11 22:42:08",135
"2019-05-11 23:42:06",135
"2019-05-12 00:42:04",135
"2019-05-12 01:42:05",135
"2019-05-12 02:42:05",135
"2019-05-12 03:42:10",135
"2019-05-12 04:42:04",135
"2019-05-12 05:42:06",135
"2019-05-12 06:42:05",135
"2019-05-12 07:42:09",135
"2019-05-12 08:42:04",135
"2019-05-12 09:42:08",135
"2019-05-12 10:42:04",135
"2019-05-12 11:42:04",135
"2019-05-12 12:42:04",135
"2019-05-12 13:42:09",135
"2019-05-12 14:42:05",135
"2019-05-12 15:42:05",135
"2019-05-12 16:42:07",135
"2019-05-12 17:42:10",135
"2019-05-12 18:42:04",135
"2019-05-12 19:42:04",135
"2019-05-12 20:42:04",135
"2019-05-12 21:42:02",135
"2019-05-12 22:42:10",135
"2019-05-12 23:42:04",135
"2019-05-13 00:42:06",135
"2019-05-13 01:42:03",135
"2019-05-13 02:42:03",135
"2019-05-13 03:42:08",135
"2019-05-13 04:42:03",135
"2019-05-13 05:42:02",135
"2019-05-13 06:42:07",135
"2019-05-13 07:42:02",135
"2019-05-13 08:42:03",135
"2019-05-13 09:42:05",135
"2019-05-13 10:42:08",135
"2019-05-13 11:42:05",135
"2019-05-13 13:05:38",135
"2019-05-13 13:42:04",135
"2019-05-13 14:42:04",135
"2019-05-13 15:42:09",136
"2019-05-13 16:42:04",136
"2019-05-13 17:42:05",136
"2019-05-13 18:42:06",136
"2019-05-13 19:42:07",137
"2019-05-13 20:42:03",137
"2019-05-13 21:42:06",137
"2019-05-13 22:42:04",137
"2019-05-13 23:42:04",137
"2019-05-14 00:42:20",137
"2019-05-14 01:42:03",137
"2019-05-14 02:42:05",137
"2019-05-14 03:42:10",137
"2019-05-14 04:42:05",137
"2019-05-14 05:42:03",137
"2019-05-14 06:42:10",137
"2019-05-14 07:42:07",137
"2019-05-14 08:42:06",137
"2019-05-14 09:42:10",137
"2019-05-14 10:42:05",137
"2019-05-14 11:42:04",137
"2019-05-14 13:05:10",137
"2019-05-14 13:42:08",137
"2019-05-14 14:42:05",139
"2019-05-14 15:42:08",140
"2019-05-14 16:42:06",140
"2019-05-14 17:42:04",140
"2019-05-14 18:42:07",139
"2019-05-14 19:42:04",138
"2019-05-14 20:42:05",138
"2019-05-14 21:42:04",138
"2019-05-14 22:42:09",138
"2019-05-14 23:42:07",138
"2019-05-15 00:42:06",138
"2019-05-15 01:42:06",138
"2019-05-15 02:42:04",138
"2019-05-15 03:42:08",138
"2019-05-15 04:42:06",138
"2019-05-15 05:42:07",138
"2019-05-15 06:42:09",138
"2019-05-15 07:42:07",138
"2019-05-15 08:42:08",138
"2019-05-15 09:42:10",138
"2019-05-15 10:42:13",138
"2019-05-15 11:42:05",138
"2019-05-15 13:06:11",138
"2019-05-15 13:42:06",138
"2019-05-15 14:42:07",139
"2019-05-15 15:42:05",138
"2019-05-15 16:42:09",138
"2019-05-15 17:42:06",138
"2019-05-15 18:42:09",138
"2019-05-15 19:42:07",138
"2019-05-15 20:42:06",139
"2019-05-15 21:42:08",139
"2019-05-15 22:42:06",139
"2019-05-15 23:42:06",139
"2019-05-16 00:42:05",139
"2019-05-16 01:42:09",139
"2019-05-16 02:42:10",139
"2019-05-16 03:42:05",139
"2019-05-16 04:42:06",139
"2019-05-16 05:42:09",139
"2019-05-16 06:42:08",139
"2019-05-16 07:42:10",139
"2019-05-16 08:42:09",139
"2019-05-16 09:42:09",139
"2019-05-16 10:42:19",139
"2019-05-16 11:42:07",139
"2019-05-16 13:05:10",139
"2019-05-16 13:42:19",139
"2019-05-16 14:42:07",139
"2019-05-16 15:42:06",139
"2019-05-16 16:42:11",137
"2019-05-16 17:42:07",137
"2019-05-16 18:42:10",137
"2019-05-16 19:42:10",137
"2019-05-16 20:42:06",137
"2019-05-16 21:42:09",137
"2019-05-16 22:42:10",137
"2019-05-16 23:42:08",137
"2019-05-17 00:42:15",137
"2019-05-17 01:42:10",137
"2019-05-17 02:42:07",137
"2019-05-17 03:42:06",137
"2019-05-17 04:42:06",137
"2019-05-17 05:42:08",137
"2019-05-17 06:42:13",137
"2019-05-17 07:42:09",137
"2019-05-17 08:42:14",137
"2019-05-17 09:42:13",137
"2019-05-17 10:42:07",137
"2019-05-17 11:42:11",137
"2019-05-17 13:06:41",137
"2019-05-17 13:42:15",137
"2019-05-17 14:42:09",138
"2019-05-17 15:42:06",138
"2019-05-17 16:42:10",138
"2019-05-17 17:42:07",138
"2019-05-17 18:42:09",138
"2019-05-17 19:42:11",138
"2019-05-17 20:42:06",138
"2019-05-17 21:42:07",138
"2019-05-17 22:42:07",138
"2019-05-17 23:42:07",138
"2019-05-18 00:42:08",138
"2019-05-18 01:42:09",138
"2019-05-18 02:42:08",138
"2019-05-18 04:42:04",138
"2019-05-18 05:42:02",138
"2019-05-18 06:42:04",138
"2019-05-18 07:42:02",138
"2019-05-18 08:42:02",138
"2019-05-18 09:42:01",138
"2019-05-18 10:42:01",138
"2019-05-18 11:42:04",138
"2019-05-18 12:42:01",138
"2019-05-18 13:42:03",138
"2019-05-18 14:42:02",138
"2019-05-18 15:42:05",138
"2019-05-18 16:42:01",138
"2019-05-18 17:42:03",138
"2019-05-18 18:42:00",138
"2019-05-18 19:42:02",138
"2019-05-18 20:42:02",138
"2019-05-18 21:42:02",138
"2019-05-18 22:42:02",138
"2019-05-18 23:42:01",138
"2019-05-19 00:42:00",138
"2019-05-19 01:42:01",138
"2019-05-19 02:42:01",138
"2019-05-19 03:42:01",138
"2019-05-19 04:42:03",138
"2019-05-19 05:42:01",138
"2019-05-19 06:42:01",138
"2019-05-19 07:42:01",138
"2019-05-19 08:42:01",138
"2019-05-19 09:42:01",138
"2019-05-19 10:42:01",138
"2019-05-19 11:42:02",138
"2019-05-19 12:42:03",138
"2019-05-19 13:42:03",138
"2019-05-19 14:42:01",138
"2019-05-19 15:42:01",138
"2019-05-19 16:42:03",138
"2019-05-19 17:42:02",138
"2019-05-19 18:42:01",138
"2019-05-19 19:42:02",138
"2019-05-19 20:42:02",138
"2019-05-19 21:42:02",138
"2019-05-19 22:42:01",138
"2019-05-19 23:42:02",138
"2019-05-20 00:42:03",138
"2019-05-20 01:42:02",138
"2019-05-20 02:42:04",138
"2019-05-20 03:42:02",138
"2019-05-20 04:42:04",138
"2019-05-20 05:42:03",138
"2019-05-20 06:42:03",138
"2019-05-20 07:42:03",138
"2019-05-20 08:42:02",138
"2019-05-20 09:42:03",138
"2019-05-20 10:42:02",138
"2019-05-20 11:42:03",138
"2019-05-20 12:42:05",138
"2019-05-20 13:42:03",138
"2019-05-20 14:42:03",139
"2019-05-20 15:42:01",138
"2019-05-20 16:42:03",138
"2019-05-20 17:42:03",138
"2019-05-20 18:42:01",138
"2019-05-20 19:42:02",138
"2019-05-20 20:42:01",138
"2019-05-20 21:42:02",138
"2019-05-20 22:42:02",138
"2019-05-20 23:42:05",138
"2019-05-21 00:42:02",138
"2019-05-21 01:42:03",138
"2019-05-21 02:42:02",138
"2019-05-21 03:42:02",138
"2019-05-21 04:42:03",138
"2019-05-21 05:42:02",138
"2019-05-21 06:42:00",138
"2019-05-21 07:42:03",138
"2019-05-21 08:42:02",138
"2019-05-21 09:42:00",138
"2019-05-21 10:42:02",138
"2019-05-21 11:42:01",138
"2019-05-21 13:06:05",138
"2019-05-21 13:42:02",138
"2019-05-21 14:42:03",138
"2019-05-21 15:42:00",138
"2019-05-21 16:42:00",138
"2019-05-21 17:42:01",138
"2019-05-21 18:42:02",138
"2019-05-21 19:42:02",138
"2019-05-21 20:42:01",138
"2019-05-21 21:42:01",138
"2019-05-21 22:42:04",138
"2019-05-21 23:42:02",138
"2019-05-22 00:42:01",138
"2019-05-22 01:42:01",138
"2019-05-22 02:42:01",138
"2019-05-22 03:42:01",138
"2019-05-22 04:42:03",138
"2019-05-22 05:42:02",138
"2019-05-22 06:42:01",138
"2019-05-22 07:42:02",138
"2019-05-22 08:42:06",138
"2019-05-22 09:42:06",138
"2019-05-22 10:42:01",138
"2019-05-22 11:42:02",138
"2019-05-22 12:42:02",138
"2019-05-22 13:42:02",138
"2019-05-22 14:42:02",138
"2019-05-22 15:42:04",138
"2019-05-22 16:42:02",137
"2019-05-22 17:42:01",137
"2019-05-22 18:42:01",137
"2019-05-22 19:42:01",137
"2019-05-22 20:42:00",137
"2019-05-22 21:42:02",137
"2019-05-22 22:42:01",137
"2019-05-22 23:42:01",137
"2019-05-23 00:42:02",137
"2019-05-23 01:42:01",137
"2019-05-23 02:42:03",137
"2019-05-23 03:42:01",137
"2019-05-23 04:42:05",137
"2019-05-23 05:42:01",137
"2019-05-23 06:42:02",137
"2019-05-23 07:42:03",137
"2019-05-23 08:42:02",137
"2019-05-23 09:42:02",137
"2019-05-23 10:42:02",137
"2019-05-23 11:42:01",137
"2019-05-23 12:42:05",137
"2019-05-23 13:42:03",137
"2019-05-23 14:42:03",138
"2019-05-23 15:42:02",138
"2019-05-23 16:42:02",138
"2019-05-23 17:42:03",139
"2019-05-23 18:42:02",139
"2019-05-23 19:42:04",139
"2019-05-23 20:42:03",139
"2019-05-23 21:42:03",139
"2019-05-23 22:42:03",139
"2019-05-23 23:42:03",139
"2019-05-24 00:42:03",139
"2019-05-24 01:42:02",139
"2019-05-24 02:42:02",139
"2019-05-24 03:42:02",139
"2019-05-24 04:42:03",139
"2019-05-24 05:42:04",139
"2019-05-24 06:42:02",139
"2019-05-24 07:42:01",139
"2019-05-24 08:42:03",139
"2019-05-24 09:42:04",139
"2019-05-24 10:42:04",139
"2019-05-24 11:42:03",139
"2019-05-24 13:06:06",139
"2019-05-24 13:42:02",139
"2019-05-24 14:42:03",140
"2019-05-24 15:42:03",140
"2019-05-24 16:42:02",140
"2019-05-24 17:42:04",142
"2019-05-24 18:42:04",142
"2019-05-24 19:42:04",143
"2019-05-24 20:42:04",143
"2019-05-24 21:42:05",143
"2019-05-24 22:42:04",143
"2019-05-24 23:42:06",143
"2019-05-25 00:42:04",143
"2019-05-25 01:42:03",143
"2019-05-25 04:42:04",143
"2019-05-26 04:42:05",143
"2019-05-26 05:42:04",143
"2019-05-26 06:42:03",143
"2019-05-26 07:42:05",143
"2019-05-26 08:42:02",143
"2019-05-26 09:42:02",143
"2019-05-26 10:42:03",143
"2019-05-26 11:42:03",143
"2019-05-26 12:42:02",143
"2019-05-26 13:42:02",143
"2019-05-26 14:42:04",143
"2019-05-26 15:42:02",143
"2019-05-26 16:42:02",143
"2019-05-26 17:42:05",143
"2019-05-26 18:42:03",143
"2019-05-26 19:42:02",143
"2019-05-26 20:42:02",143
"2019-05-26 21:42:03",143
"2019-05-26 22:42:03",143
"2019-05-26 23:42:02",143
"2019-05-27 00:42:02",143
"2019-05-27 01:42:03",143
"2019-05-27 02:42:02",143
"2019-05-27 03:42:04",143
"2019-05-27 04:42:04",143
"2019-05-27 05:42:03",143
"2019-05-27 06:42:03",143
"2019-05-27 07:42:07",143
"2019-05-27 08:42:06",143
"2019-05-27 09:42:05",143
"2019-05-27 10:42:04",143
"2019-05-27 11:42:02",143
"2019-05-27 12:42:02",143
"2019-05-27 13:42:03",143
"2019-05-27 14:42:03",143
"2019-05-27 15:42:03",143
"2019-05-27 16:42:03",143
"2019-05-27 17:42:05",143
"2019-05-27 18:42:03",143
"2019-05-27 19:42:02",143
"2019-05-27 20:42:02",143
"2019-05-27 21:42:03",143
"2019-05-27 22:42:01",143
"2019-05-27 23:42:02",143
"2019-05-28 00:42:02",143
"2019-05-28 01:42:03",143
"2019-05-28 02:42:04",143
"2019-05-28 03:42:03",143
"2019-05-28 04:42:03",143
"2019-05-28 05:42:03",143
"2019-05-28 06:42:07",143
"2019-05-28 07:42:04",143
"2019-05-28 08:42:03",143
"2019-05-28 09:42:04",143
"2019-05-28 10:42:03",143
"2019-05-28 11:42:02",143
"2019-05-28 12:42:02",143
"2019-05-28 13:42:04",143
"2019-05-28 14:42:04",146
"2019-05-28 15:42:03",146
"2019-05-28 16:42:04",148
"2019-05-28 17:42:06",148
"2019-05-28 18:42:04",148
"2019-05-28 19:42:03",149
"2019-05-28 20:42:04",150
"2019-05-28 21:42:03",150
"2019-05-28 22:42:03",150
"2019-05-28 23:42:04",150
"2019-05-29 00:42:04",150
"2019-05-29 01:42:03",150
"2019-05-29 02:42:04",150
"2019-05-29 03:42:02",150
"2019-05-29 04:42:03",150
"2019-05-29 05:42:06",150
"2019-05-29 06:42:04",150
"2019-05-29 07:42:06",150
"2019-05-29 08:42:04",150
"2019-05-29 09:42:07",150
"2019-05-29 10:42:04",150
"2019-05-29 11:42:03",150
"2019-05-29 13:05:08",150
"2019-05-29 13:42:05",150
"2019-05-29 14:42:06",157
"2019-05-29 15:42:04",170
"2019-05-29 16:42:04",176
"2019-05-29 17:42:05",183
"2019-05-29 18:42:04",185
"2019-05-29 19:42:06",189
"2019-05-29 20:42:03",190
"2019-05-29 21:42:04",189
"2019-05-29 22:42:04",190
"2019-05-29 23:42:04",190
"2019-05-30 00:42:03",190
"2019-05-30 01:42:04",190
"2019-05-30 02:42:05",190
"2019-05-30 03:42:04",190
"2019-05-30 04:42:04",190
"2019-05-30 05:42:06",190
"2019-05-30 06:42:03",190
"2019-05-30 07:42:04",190
"2019-05-30 08:42:07",190
"2019-05-30 09:42:04",190
"2019-05-30 10:42:03",190
"2019-05-30 11:42:04",190
"2019-05-30 12:42:07",190
"2019-05-30 13:42:03",191
"2019-05-30 14:42:06",194
"2019-05-30 15:42:04",192
"2019-05-30 16:42:03",190
"2019-05-30 17:42:04",189
"2019-05-30 18:42:04",188
"2019-05-30 19:42:04",189
"2019-05-30 20:42:03",189
"2019-05-30 21:42:03",189
"2019-05-30 22:42:05",189
"2019-05-30 23:42:03",189
"2019-05-31 00:42:02",189
"2019-05-31 01:42:04",189
"2019-05-31 02:42:03",189
"2019-05-31 03:42:03",189
"2019-05-31 04:42:03",189
"2019-05-31 05:42:03",189
"2019-05-31 06:42:05",189
"2019-05-31 07:42:02",189
"2019-05-31 08:42:03",189
"2019-05-31 09:42:05",189
"2019-05-31 10:42:03",189
"2019-05-31 11:42:03",189
"2019-05-31 12:42:48",189
"2019-05-31 13:42:04",189
"2019-05-31 14:42:04",191
"2019-05-31 15:42:04",192
"2019-05-31 16:42:03",194
"2019-05-31 17:42:07",194
"2019-05-31 18:42:03",192
"2019-05-31 19:42:03",192
"2019-05-31 20:42:04",194
"2019-05-31 21:42:04",194
"2019-05-31 22:42:02",194
"2019-05-31 23:42:03",194
"2019-06-01 00:42:03",194
"2019-06-01 01:42:03",194
"2019-06-01 02:42:03",194
"2019-06-01 03:42:03",194
"2019-06-01 04:42:03",194
"2019-06-01 05:42:03",194
"2019-06-01 06:42:06",194
"2019-06-01 07:42:03",194
"2019-06-01 08:42:03",194
"2019-06-01 09:42:03",194
"2019-06-01 10:42:04",194
"2019-06-01 11:42:03",194
"2019-06-01 12:42:03",194
"2019-06-01 13:42:03",194
"2019-06-01 14:42:06",194
"2019-06-01 15:42:05",194
"2019-06-01 16:42:03",194
"2019-06-01 17:42:04",194
"2019-06-01 18:42:03",194
"2019-06-01 19:42:05",194
"2019-06-01 20:42:03",194
"2019-06-01 21:42:04",194
"2019-06-01 22:42:04",194
"2019-06-01 23:42:04",194
"2019-06-02 00:42:05",194
"2019-06-02 01:42:07",194
"2019-06-02 02:42:04",194
"2019-06-02 03:42:04",194
"2019-06-02 04:42:03",194
"2019-06-02 05:42:07",194
"2019-06-02 06:42:04",194
"2019-06-02 07:42:03",194
"2019-06-02 08:42:03",194
"2019-06-02 09:42:03",194
"2019-06-02 10:42:03",194
"2019-06-02 11:42:03",194
"2019-06-02 12:42:06",194
"2019-06-02 13:42:04",194
"2019-06-02 14:42:04",194
"2019-06-02 15:42:02",194
"2019-06-02 16:42:03",194
"2019-06-02 17:42:04",194
"2019-06-02 18:42:04",194
"2019-06-02 19:42:04",194
"2019-06-02 20:42:03",194
"2019-06-02 21:42:04",194
"2019-06-02 22:42:04",194
"2019-06-02 23:42:03",194
"2019-06-03 00:42:03",194
"2019-06-03 01:42:06",194
"2019-06-03 02:42:04",194
"2019-06-03 03:42:03",194
"2019-06-03 04:42:03",194
"2019-06-03 05:42:04",194
"2019-06-03 06:42:04",194
"2019-06-03 07:42:03",194
"2019-06-03 08:42:05",194
"2019-06-03 09:42:03",194
"2019-06-03 10:42:06",194
"2019-06-03 11:42:05",194
"2019-06-03 12:42:03",194
"2019-06-03 13:42:06",194
"2019-06-03 14:42:06",194
"2019-06-03 15:42:05",193
"2019-06-03 16:42:04",193
"2019-06-03 17:42:04",193
"2019-06-03 18:42:06",192
"2019-06-03 19:42:06",192
"2019-06-03 20:42:04",192
"2019-06-03 21:42:06",192
"2019-06-03 22:42:05",192
"2019-06-03 23:42:07",192
"2019-06-04 00:42:04",192
"2019-06-04 01:42:05",192
"2019-06-04 02:42:05",192
"2019-06-04 03:42:05",192
"2019-06-04 04:42:05",192
"2019-06-04 05:42:04",192
"2019-06-04 06:42:04",192
"2019-06-04 07:42:04",192
"2019-06-04 08:42:07",192
"2019-06-04 09:42:04",192
"2019-06-04 10:42:06",192
"2019-06-04 11:42:05",192
"2019-06-04 13:04:37",192
"2019-06-04 13:42:05",192
"2019-06-04 14:42:08",194
"2019-06-04 15:42:05",195
"2019-06-04 16:42:05",195
"2019-06-04 17:42:06",194
"2019-06-04 18:42:05",194
"2019-06-04 19:42:05",193
"2019-06-04 20:42:05",193
"2019-06-04 21:42:04",193
"2019-06-04 22:42:04",193
"2019-06-04 23:42:07",193
"2019-06-05 00:42:04",193
"2019-06-05 01:42:06",193
"2019-06-05 02:42:07",193
"2019-06-05 03:42:06",193
"2019-06-05 04:42:08",193
"2019-06-05 05:42:05",193
"2019-06-05 06:42:05",193
"2019-06-05 07:42:05",193
"2019-06-05 08:42:08",193
"2019-06-05 09:42:04",193
"2019-06-05 10:42:04",193
"2019-06-05 11:42:08",193
"2019-06-05 13:06:08",193
"2019-06-05 13:42:03",193
"2019-06-05 14:42:04",196
"2019-06-05 15:42:05",196
"2019-06-05 16:42:04",198
"2019-06-05 17:42:05",198
"2019-06-05 18:42:05",198
"2019-06-05 19:42:07",198
"2019-06-05 20:42:05",198
"2019-06-05 21:42:04",198
"2019-06-05 22:42:05",198
"2019-06-05 23:42:04",198
"2019-06-06 00:42:04",198
"2019-06-06 01:42:03",198
"2019-06-06 02:42:05",198
"2019-06-06 03:42:05",198
"2019-06-06 04:42:09",198
"2019-06-06 05:42:05",198
"2019-06-06 06:42:07",198
"2019-06-06 07:42:05",198
"2019-06-06 08:42:08",198
"2019-06-06 09:42:06",198
"2019-06-06 10:42:10",198
"2019-06-06 11:42:04",198
"2019-06-06 13:06:08",198
"2019-06-06 13:42:05",198
"2019-06-06 14:42:05",197
"2019-06-06 15:42:06",199
"2019-06-06 16:42:05",199
"2019-06-06 17:42:07",200
"2019-06-06 18:42:07",199
"2019-06-06 19:42:07",201
"2019-06-06 20:42:04",201
"2019-06-06 21:42:05",201
"2019-06-06 22:42:04",201
"2019-06-06 23:42:04",201
"2019-06-07 00:42:06",201
"2019-06-07 01:42:05",201
"2019-06-07 02:42:06",201
"2019-06-07 03:42:05",201
"2019-06-07 04:42:08",201
"2019-06-07 05:42:04",201
"2019-06-07 06:42:06",201
"2019-06-07 07:42:06",201
"2019-06-07 08:42:06",201
"2019-06-07 09:42:07",201
"2019-06-07 10:42:05",201
"2019-06-07 11:42:05",201
"2019-06-07 13:06:10",201
"2019-06-07 13:42:07",201
"2019-06-07 14:42:06",203
"2019-06-07 15:42:05",204
"2019-06-07 16:42:06",203
"2019-06-07 17:42:05",205
"2019-06-07 18:42:05",205
"2019-06-07 19:42:05",206
"2019-06-07 20:42:05",206
"2019-06-07 21:42:05",206
"2019-06-07 22:42:04",206
"2019-06-07 23:42:07",206
"2019-06-08 00:42:05",206
"2019-06-08 01:42:08",206
"2019-06-08 02:42:07",206
"2019-06-08 03:42:08",206
"2019-06-08 04:42:05",206
"2019-06-08 05:42:10",206
"2019-06-08 06:42:08",206
"2019-06-08 07:42:08",206
"2019-06-08 08:42:05",206
"2019-06-08 09:42:06",206
"2019-06-08 10:42:05",206
"2019-06-08 11:42:07",206
"2019-06-08 12:42:06",206
"2019-06-08 13:42:04",206
"2019-06-08 14:42:03",206
"2019-06-08 15:42:06",206
"2019-06-08 16:42:06",206
"2019-06-08 17:42:06",206
"2019-06-08 18:42:06",206
"2019-06-08 19:42:04",206
"2019-06-08 20:42:05",206
"2019-06-08 21:42:04",206
"2019-06-08 22:42:05",206
"2019-06-08 23:42:07",206
"2019-06-09 00:42:04",206
"2019-06-09 01:42:05",206
"2019-06-09 02:42:11",206
"2019-06-09 03:42:10",206
"2019-06-09 04:42:05",206
"2019-06-09 05:42:08",206
"2019-06-09 06:42:04",206
"2019-06-09 07:42:07",206
"2019-06-09 08:42:05",206
"2019-06-09 09:42:06",206
"2019-06-09 10:42:05",206
"2019-06-09 11:42:06",206
"2019-06-09 12:42:07",206
"2019-06-09 13:42:05",206
"2019-06-09 14:42:04",206
"2019-06-09 15:42:07",206
"2019-06-09 16:42:05",206
"2019-06-09 17:42:06",206
"2019-06-09 18:42:05",206
"2019-06-09 19:42:05",206
"2019-06-09 20:42:05",206
"2019-06-09 21:42:05",206
"2019-06-09 22:42:08",206
"2019-06-09 23:42:06",206
"2019-06-10 00:42:05",206
"2019-06-10 01:42:08",206
"2019-06-10 02:42:05",206
"2019-06-10 03:42:07",206
"2019-06-10 04:42:06",206
"2019-06-10 05:42:07",206
"2019-06-10 06:42:04",206
"2019-06-10 07:42:08",206
"2019-06-10 08:42:06",206
"2019-06-10 09:42:05",206
"2019-06-10 10:42:09",206
"2019-06-10 11:42:07",206
"2019-06-10 12:42:11",206
"2019-06-10 13:42:08",206
"2019-06-10 14:42:06",207
"2019-06-10 15:42:07",207
"2019-06-10 16:42:09",207
"2019-06-10 17:42:07",206
"2019-06-10 18:42:08",205
"2019-06-10 19:42:08",205
"2019-06-10 20:42:07",207
"2019-06-10 21:42:06",207
"2019-06-10 22:42:07",207
"2019-06-10 23:42:07",207
"2019-06-11 00:42:08",207
"2019-06-11 01:42:10",207
"2019-06-11 02:42:08",207
"2019-06-11 03:42:07",207
"2019-06-11 04:42:07",207
"2019-06-11 05:42:07",207
"2019-06-11 06:42:07",207
"2019-06-11 07:42:06",207
"2019-06-11 08:42:06",207
"2019-06-11 09:42:08",207
"2019-06-11 10:42:07",207
"2019-06-11 11:42:07",207
"2019-06-11 13:05:42",207
"2019-06-11 13:42:10",207
"2019-06-11 14:42:07",207
"2019-06-11 15:42:08",209
"2019-06-11 16:42:11",209
"2019-06-11 17:42:08",209
"2019-06-11 18:42:10",210
"2019-06-11 19:42:08",212
"2019-06-11 20:42:09",212
"2019-06-11 21:42:08",213
"2019-06-11 22:42:07",213
"2019-06-11 23:42:07",213
"2019-06-12 00:42:10",213
"2019-06-12 01:42:09",213
"2019-06-12 02:42:09",213
"2019-06-12 03:42:14",213
"2019-06-12 04:42:10",213
"2019-06-12 05:42:10",213
"2019-06-12 06:42:10",213
"2019-06-12 07:42:10",213
"2019-06-12 08:42:10",213
"2019-06-12 09:42:13",213
"2019-06-12 10:42:10",213
"2019-06-12 11:42:11",213
"2019-06-12 13:05:13",213
"2019-06-12 13:42:09",213
"2019-06-12 14:42:08",211
"2019-06-12 15:42:10",213
"2019-06-12 16:42:09",213
"2019-06-12 17:42:08",215
"2019-06-12 18:42:09",214
"2019-06-12 19:42:10",214
"2019-06-12 20:42:09",214
"2019-06-12 21:42:09",214
"2019-06-12 22:42:08",214
"2019-06-12 23:42:08",214
"2019-06-13 00:42:09",214
"2019-06-13 01:42:09",214
"2019-06-13 02:42:09",214
"2019-06-13 03:42:08",214
"2019-06-13 04:42:10",214
"2019-06-13 05:42:10",214
"2019-06-13 06:42:08",214
"2019-06-13 07:42:08",214
"2019-06-13 08:42:08",214
"2019-06-13 09:42:08",214
"2019-06-13 10:42:12",214
"2019-06-13 11:42:07",214
"2019-06-13 13:06:10",214
"2019-06-13 13:42:11",214
"2019-06-13 14:42:09",214
"2019-06-13 15:42:11",213
"2019-06-13 16:42:09",213
"2019-06-13 17:42:07",213
"2019-06-13 18:42:08",213
"2019-06-13 19:42:09",213
"2019-06-13 20:42:06",213
"2019-06-13 21:42:07",213
"2019-06-13 22:42:07",213
"2019-06-13 23:42:08",213
"2019-06-14 00:42:09",213
"2019-06-14 01:42:09",213
"2019-06-14 02:42:09",213
"2019-06-14 03:42:08",213
"2019-06-14 04:42:09",213
"2019-06-14 05:42:09",213
"2019-06-14 06:42:14",213
"2019-06-14 07:42:10",213
"2019-06-14 08:42:09",213
"2019-06-14 09:42:08",213
"2019-06-14 10:42:09",213
"2019-06-14 11:42:10",213
"2019-06-14 12:42:10",213
"2019-06-14 13:42:08",213
"2019-06-14 14:42:10",213
"2019-06-14 15:42:11",213
"2019-06-14 16:42:10",213
"2019-06-14 17:42:09",213
"2019-06-14 18:42:08",213
"2019-06-14 19:42:09",213
"2019-06-14 20:42:08",212
"2019-06-14 21:42:10",212
"2019-06-14 22:42:08",212
"2019-06-14 23:42:09",212
"2019-06-15 00:42:09",212
"2019-06-15 01:42:11",212
"2019-06-15 02:42:09",212
"2019-06-15 03:42:09",212
"2019-06-15 04:42:10",212
"2019-06-15 05:42:11",212
"2019-06-15 06:42:08",212
"2019-06-15 07:42:08",212
"2019-06-15 08:42:09",212
"2019-06-15 09:42:10",212
"2019-06-15 10:42:09",212
"2019-06-15 11:42:09",212
"2019-06-15 12:42:11",212
"2019-06-15 13:42:11",212
"2019-06-15 14:42:09",212
"2019-06-15 15:42:08",212
"2019-06-15 16:42:09",212
"2019-06-15 17:42:08",212
"2019-06-15 18:42:10",212
"2019-06-15 19:42:09",212
"2019-06-15 20:42:10",212
"2019-06-15 21:42:13",212
"2019-06-15 22:42:13",212
"2019-06-15 23:42:09",212
"2019-06-16 00:42:08",212
"2019-06-16 01:42:09",212
"2019-06-16 02:42:11",212
"2019-06-16 03:42:09",212
"2019-06-16 04:42:12",212
"2019-06-16 05:42:10",212
"2019-06-16 06:42:11",212
"2019-06-16 07:42:11",212
"2019-06-16 08:42:10",212
"2019-06-16 09:42:08",212
"2019-06-16 10:42:07",212
"2019-06-16 11:42:08",212
"2019-06-16 12:42:09",212
"2019-06-16 13:42:08",212
"2019-06-16 14:42:09",212
"2019-06-16 15:42:09",212
"2019-06-16 16:42:10",212
"2019-06-16 17:42:11",212
"2019-06-16 18:42:12",212
"2019-06-16 19:42:09",212
"2019-06-16 20:42:09",212
"2019-06-16 21:42:10",212
"2019-06-16 22:42:08",212
"2019-06-16 23:42:09",212
"2019-06-17 00:42:09",212
"2019-06-17 01:42:08",212
"2019-06-17 02:42:12",212
"2019-06-17 03:42:11",212
"2019-06-17 04:42:10",212
"2019-06-17 05:42:10",212
"2019-06-17 06:42:09",212
"2019-06-17 07:42:08",212
"2019-06-17 08:42:10",212
"2019-06-17 09:42:08",212
"2019-06-17 10:42:10",212
"2019-06-17 11:42:10",212
"2019-06-17 13:06:42",212
"2019-06-17 13:42:08",212
"2019-06-17 14:42:09",213
"2019-06-17 15:42:10",214
"2019-06-17 16:42:19",215
"2019-06-17 17:42:11",215
"2019-06-17 18:42:13",215
"2019-06-17 19:42:09",215
"2019-06-17 20:42:11",215
"2019-06-17 21:42:09",215
"2019-06-17 22:42:10",215
"2019-06-17 23:42:08",215
"2019-06-18 00:42:08",215
"2019-06-18 01:42:08",215
"2019-06-18 02:42:17",215
"2019-06-18 03:42:11",215
"2019-06-18 04:42:10",215
"2019-06-18 05:42:11",215
"2019-06-18 06:42:09",215
"2019-06-18 07:42:11",215
"2019-06-18 08:42:14",215
"2019-06-18 09:42:08",215
"2019-06-18 10:42:08",215
"2019-06-18 11:42:09",215
"2019-06-18 13:04:42",215
"2019-06-18 13:42:09",215
"2019-06-18 14:42:09",214
"2019-06-18 15:42:08",213
"2019-06-18 16:42:09",214
"2019-06-18 17:42:08",214
"2019-06-18 18:42:11",214
"2019-06-18 19:42:11",213
"2019-06-18 20:42:08",214
"2019-06-18 21:42:08",214
"2019-06-18 22:42:09",214
"2019-06-18 23:42:10",214
"2019-06-19 00:42:09",214
"2019-06-19 01:42:10",214
"2019-06-19 02:42:10",214
"2019-06-19 03:42:10",214
"2019-06-19 04:42:08",214
"2019-06-19 05:42:16",214
"2019-06-19 06:42:21",214
"2019-06-19 07:42:11",214
"2019-06-19 08:42:12",214
"2019-06-19 09:42:09",214
"2019-06-19 10:42:11",214
"2019-06-19 11:42:09",214
"2019-06-19 13:04:44",214
"2019-06-19 13:42:09",214
"2019-06-19 14:42:09",215
"2019-06-19 15:42:09",215
"2019-06-19 16:42:18",215
"2019-06-19 17:42:10",215
"2019-06-19 18:42:08",215
"2019-06-19 19:42:11",215
"2019-06-19 20:42:10",215
"2019-06-19 21:42:09",215
"2019-06-19 22:42:08",215
"2019-06-19 23:42:09",215
"2019-06-20 00:42:10",215
"2019-06-20 01:42:08",215
"2019-06-20 02:42:08",215
"2019-06-20 03:42:09",215
"2019-06-20 04:42:11",215
"2019-06-20 05:42:07",215
"2019-06-20 06:42:08",215
"2019-06-20 07:42:09",215
"2019-06-20 08:42:09",215
"2019-06-20 09:42:10",215
"2019-06-20 10:42:10",215
"2019-06-20 11:42:08",215
"2019-06-20 13:06:23",215
"2019-06-20 13:42:13",215
"2019-06-20 14:42:11",219
"2019-06-20 15:42:11",226
"2019-06-20 16:42:11",231
"2019-06-20 17:42:12",233
"2019-06-20 18:42:09",239
"2019-06-20 19:42:10",243
"2019-06-20 20:42:15",249
"2019-06-20 21:42:10",249
"2019-06-20 22:42:10",249
"2019-06-20 23:42:12",249
"2019-06-21 00:42:10",249
"2019-06-21 01:42:11",249
"2019-06-21 02:42:11",249
"2019-06-21 03:42:11",249
"2019-06-21 04:42:11",249
"2019-06-21 05:42:12",249
"2019-06-21 06:42:11",249
"2019-06-21 07:42:13",249
"2019-06-21 08:42:10",249
"2019-06-21 09:42:10",249
"2019-06-21 10:42:10",249
"2019-06-21 11:42:09",249
"2019-06-21 12:42:10",249
"2019-06-21 13:42:12",248
"2019-06-21 14:42:10",256
"2019-06-21 15:42:10",256
"2019-06-21 16:42:11",254
"2019-06-21 17:42:10",254
"2019-06-21 18:42:11",255
"2019-06-21 19:42:09",255
"2019-06-21 20:42:09",256
"2019-06-21 21:42:10",255
"2019-06-21 22:42:10",255
"2019-06-21 23:42:09",255
"2019-06-22 00:42:10",255
"2019-06-22 01:42:13",255
"2019-06-22 02:42:13",255
"2019-06-22 03:42:09",255
"2019-06-22 04:42:10",255
"2019-06-22 05:42:12",255
"2019-06-22 06:42:12",255
"2019-06-22 07:42:11",255
"2019-06-22 08:42:11",255
"2019-06-22 09:42:12",255
"2019-06-22 10:42:12",255
"2019-06-22 11:42:09",255
"2019-06-22 12:42:15",255
"2019-06-22 13:42:10",255
"2019-06-22 14:42:13",255
"2019-06-22 15:42:22",255
"2019-06-22 16:42:18",255
"2019-06-22 17:42:10",255
"2019-06-22 18:42:15",255
"2019-06-22 19:42:12",255
"2019-06-22 20:42:11",255
"2019-06-22 21:42:11",255
"2019-06-22 22:42:15",255
"2019-06-22 23:42:12",255
"2019-06-23 00:42:22",255
"2019-06-23 01:42:14",255
"2019-06-23 02:42:15",255
"2019-06-23 03:42:12",255
"2019-06-23 04:42:10",255
"2019-06-23 05:42:16",255
"2019-06-23 06:42:11",255
"2019-06-23 07:42:09",255
"2019-06-23 08:42:10",255
"2019-06-23 09:42:11",255
"2019-06-23 10:42:10",255
"2019-06-23 11:42:11",255
"2019-06-23 12:42:09",255
"2019-06-23 13:42:11",255
"2019-06-23 14:42:09",255
"2019-06-23 15:42:10",255
"2019-06-23 16:42:11",255
"2019-06-23 17:42:12",255
"2019-06-23 18:42:08",255
"2019-06-23 19:42:09",255
"2019-06-23 20:42:12",255
"2019-06-23 21:42:10",255
"2019-06-23 22:42:10",255
"2019-06-23 23:42:10",255
"2019-06-24 00:42:12",255
"2019-06-24 01:42:10",255
"2019-06-24 02:42:10",255
"2019-06-24 03:42:13",255
"2019-06-24 04:42:11",255
"2019-06-24 05:42:13",255
"2019-06-24 06:42:14",255
"2019-06-24 07:42:10",255
"2019-06-24 08:42:10",255
"2019-06-24 09:42:13",255
"2019-06-24 10:42:09",255
"2019-06-24 11:42:15",255
"2019-06-24 12:42:14",255
"2019-06-24 13:42:10",255
"2019-06-24 14:42:12",253
"2019-06-24 15:42:11",254
"2019-06-24 16:42:16",257
"2019-06-24 17:42:12",258
"2019-06-24 18:42:13",259
"2019-06-24 19:42:13",258
"2019-06-24 20:42:11",258
"2019-06-24 21:42:13",258
"2019-06-24 22:42:11",258
"2019-06-24 23:42:11",258
"2019-06-25 00:42:10",258
"2019-06-25 01:42:11",258
"2019-06-25 02:42:12",258
"2019-06-25 03:42:12",258
"2019-06-25 04:42:10",258
"2019-06-25 05:42:11",258
"2019-06-25 06:42:14",258
"2019-06-25 07:42:11",258
"2019-06-25 08:42:10",258
"2019-06-25 09:42:14",258
"2019-06-25 10:42:10",258
"2019-06-25 11:42:09",258
"2019-06-25 13:05:43",256
"2019-06-25 13:42:11",256
"2019-06-25 14:42:11",259
"2019-06-25 15:42:10",274
"2019-06-25 16:42:11",276
"2019-06-25 17:42:13",279
"2019-06-25 18:42:13",284
"2019-06-25 19:42:10",287
"2019-06-25 20:42:11",289
"2019-06-25 21:42:09",289
"2019-06-25 22:42:08",289
"2019-06-25 23:42:13",289
"2019-06-26 00:42:11",289
"2019-06-26 01:42:11",289
"2019-06-26 02:42:11",289
"2019-06-26 03:42:19",289
"2019-06-26 04:42:11",289
"2019-06-26 05:42:11",289
"2019-06-26 06:42:11",289
"2019-06-26 07:42:11",289
"2019-06-26 08:42:10",289
"2019-06-26 09:42:08",289
"2019-06-26 10:42:09",289
"2019-06-26 11:42:09",289
"2019-06-26 13:04:42",289
"2019-06-26 13:42:11",289
"2019-06-26 14:42:10",285
"2019-06-26 15:42:10",286
"2019-06-26 16:42:12",285
"2019-06-26 17:42:10",286
"2019-06-26 18:42:11",284
"2019-06-26 19:42:10",286
"2019-06-26 20:42:09",286
"2019-06-26 21:42:10",286
"2019-06-26 22:42:11",286
"2019-06-26 23:42:10",286
"2019-06-27 00:42:12",286
"2019-06-27 01:42:10",286
"2019-06-27 02:42:11",286
"2019-06-27 03:42:09",286
"2019-06-27 04:42:11",286
"2019-06-27 05:42:10",286
"2019-06-27 06:42:11",286
"2019-06-27 07:42:08",286
"2019-06-27 08:42:09",286
"2019-06-27 09:42:09",286
"2019-06-27 10:42:10",286
"2019-06-27 11:42:08",286
"2019-06-27 13:04:43",286
"2019-06-27 13:42:08",286
"2019-06-27 14:42:09",289
"2019-06-27 15:42:11",288
"2019-06-27 16:42:09",290
"2019-06-27 17:42:09",289
"2019-06-27 18:42:09",291
"2019-06-27 19:42:08",290
"2019-06-27 20:42:12",290
"2019-06-27 21:42:13",290
"2019-06-27 22:42:08",290
"2019-06-27 23:42:27",290
"2019-06-28 00:42:10",290
"2019-06-28 01:42:09",290
"2019-06-28 02:42:09",290
"2019-06-28 03:42:12",290
"2019-06-28 04:42:13",290
"2019-06-28 05:42:10",290
"2019-06-28 06:42:08",290
"2019-06-28 07:42:08",290
"2019-06-28 08:42:08",290
"2019-06-28 09:42:09",290
"2019-06-28 10:42:07",290
"2019-06-28 11:42:09",290
"2019-06-28 13:05:44",290
"2019-06-28 13:42:09",290
"2019-06-28 14:42:09",289
"2019-06-28 15:42:11",288
"2019-06-28 16:42:10",287
"2019-06-28 17:42:10",286
"2019-06-28 18:42:09",284
"2019-06-28 19:42:09",285
"2019-06-28 20:42:10",285
"2019-06-28 21:42:11",285
"2019-06-28 22:42:10",285
"2019-06-28 23:42:09",285
"2019-06-29 00:42:11",285
"2019-06-29 01:42:15",285
"2019-06-29 02:42:10",285
"2019-06-29 03:42:09",285
"2019-06-29 04:42:09",285
"2019-06-29 05:42:10",285
"2019-06-29 06:42:10",285
"2019-06-29 07:42:10",285
"2019-06-29 08:42:10",285
"2019-06-29 09:42:10",285
"2019-06-29 10:42:10",285
"2019-06-29 11:42:14",285
"2019-06-29 12:42:12",285
"2019-06-29 13:42:10",285
"2019-06-29 14:42:12",285
"2019-06-29 15:42:12",285
"2019-06-29 16:42:13",285
"2019-06-29 17:42:10",285
"2019-06-29 18:42:11",285
"2019-06-29 19:42:12",285
"2019-06-29 20:42:11",285
"2019-06-29 21:42:12",285
"2019-06-29 22:42:09",285
"2019-06-29 23:42:11",285
"2019-06-30 00:42:11",285
"2019-06-30 01:42:14",285
"2019-06-30 02:42:12",285
"2019-06-30 03:42:11",285
"2019-06-30 04:42:13",285
"2019-06-30 05:42:10",285
"2019-06-30 06:42:12",285
"2019-06-30 07:42:12",285
"2019-06-30 08:42:11",285
"2019-06-30 09:42:11",285
"2019-06-30 10:42:11",285
"2019-06-30 11:42:10",285
"2019-06-30 12:42:10",285
"2019-06-30 13:42:11",285
"2019-06-30 14:42:09",285
"2019-06-30 15:42:11",285
"2019-06-30 16:42:11",285
"2019-06-30 17:42:11",285
"2019-06-30 18:42:11",285
"2019-06-30 19:42:12",285
"2019-06-30 20:42:11",285
"2019-06-30 21:42:10",285
"2019-06-30 22:42:10",285
"2019-06-30 23:42:11",285
"2019-07-01 00:42:12",285
"2019-07-01 01:42:11",285
"2019-07-01 02:42:13",285
"2019-07-01 03:42:12",285
"2019-07-01 04:42:10",285
"2019-07-01 05:42:16",285
"2019-07-01 06:42:11",285
"2019-07-01 07:42:16",285
"2019-07-01 08:42:20",285
"2019-07-01 09:42:11",285
"2019-07-01 10:42:10",285
"2019-07-01 11:42:12",285
"2019-07-01 13:05:44",285
"2019-07-01 13:42:15",285
"2019-07-01 14:42:32",296
"2019-07-01 15:42:14",301
"2019-07-01 16:42:14",305
"2019-07-01 17:42:13",319
"2019-07-01 18:42:13",329
"2019-07-01 19:42:15",327
"2019-07-01 20:42:12",331
"2019-07-01 21:42:12",332
"2019-07-01 22:42:14",332
"2019-07-01 23:42:13",332
"2019-07-02 00:42:15",332
"2019-07-02 01:42:12",332
"2019-07-02 02:42:23",332
"2019-07-02 03:42:21",332
"2019-07-02 04:42:12",332
"2019-07-02 05:42:28",332
"2019-07-02 06:42:13",332
"2019-07-02 07:42:15",332
"2019-07-02 08:42:12",332
"2019-07-02 09:42:11",332
"2019-07-02 10:42:12",332
"2019-07-02 11:42:12",332
"2019-07-02 12:42:16",332
"2019-07-02 13:42:12",332
"2019-07-02 14:42:14",345
"2019-07-02 15:42:12",357
"2019-07-02 16:42:12",385
"2019-07-02 17:42:13",394
"2019-07-02 18:42:12",401
"2019-07-02 19:42:13",405
"2019-07-02 20:42:12",415
"2019-07-02 21:42:13",414
"2019-07-02 22:42:15",413
"2019-07-03 00:42:13",413
"2019-07-03 01:42:11",413
"2019-07-03 02:42:14",413
"2019-07-03 03:42:14",413
"2019-07-03 04:42:13",413
"2019-07-03 05:42:13",413
"2019-07-03 06:42:14",413
"2019-07-03 07:42:13",413
"2019-07-03 08:42:23",413
"2019-07-03 09:42:12",413
"2019-07-03 10:42:17",413
"2019-07-03 11:42:13",413
"2019-07-03 13:06:46",416
"2019-07-03 13:42:13",416
"2019-07-03 14:42:18",420
"2019-07-03 15:42:13",430
"2019-07-03 16:42:31",429
"2019-07-03 17:42:14",429
"2019-07-03 18:42:14",427
"2019-07-03 19:42:12",427
"2019-07-03 20:42:11",427
"2019-07-03 21:42:13",427
"2019-07-03 22:42:12",427
"2019-07-03 23:42:13",427
"2019-07-04 00:42:13",427
"2019-07-04 01:42:12",427
"2019-07-04 02:42:15",427
"2019-07-04 03:42:12",427
"2019-07-04 04:42:11",427
"2019-07-04 05:42:13",427
"2019-07-04 06:42:13",427
"2019-07-04 07:42:12",427
"2019-07-04 08:42:11",427
"2019-07-04 09:42:11",427
"2019-07-04 10:42:12",427
"2019-07-04 11:42:12",427
"2019-07-04 12:42:14",427
"2019-07-04 13:42:15",427
"2019-07-04 14:42:14",427
"2019-07-04 15:42:12",427
"2019-07-04 16:42:12",427
"2019-07-04 17:42:11",427
"2019-07-04 18:42:12",427
"2019-07-04 19:42:11",427
"2019-07-04 20:42:12",427
"2019-07-04 21:42:13",427
"2019-07-04 22:42:13",427
"2019-07-04 23:42:11",427
"2019-07-05 00:42:13",427
"2019-07-05 01:42:12",427
"2019-07-05 02:42:12",427
"2019-07-05 03:42:12",427
"2019-07-05 04:42:11",427
"2019-07-05 05:42:15",427
"2019-07-05 06:42:15",427
"2019-07-05 07:42:12",427
"2019-07-05 08:42:11",427
"2019-07-05 09:42:11",427
"2019-07-05 10:42:14",427
"2019-07-05 11:42:19",427
"2019-07-05 12:42:12",427
"2019-07-05 13:42:18",427
"2019-07-05 14:42:13",421
"2019-07-05 15:42:12",421
"2019-07-05 16:42:23",408
"2019-07-05 17:42:13",404
"2019-07-05 18:42:12",406
"2019-07-05 19:42:12",408
"2019-07-05 20:42:13",405
"2019-07-05 21:42:14",405
"2019-07-05 22:42:15",405
"2019-07-05 23:42:12",405
"2019-07-06 00:42:16",405
"2019-07-06 01:42:15",405
"2019-07-06 02:42:17",405
"2019-07-06 03:42:13",405
"2019-07-06 04:42:12",405
"2019-07-06 05:42:14",405
"2019-07-06 06:42:14",405
"2019-07-06 07:42:11",405
"2019-07-06 08:42:12",405
"2019-07-06 09:42:11",405
"2019-07-06 10:42:12",405
"2019-07-06 11:42:29",405
"2019-07-06 12:42:14",405
"2019-07-06 13:42:12",405
"2019-07-06 14:42:11",405
"2019-07-06 15:42:11",405
"2019-07-06 16:42:15",405
"2019-07-06 17:42:14",405
"2019-07-06 18:42:12",405
"2019-07-06 19:42:16",405
"2019-07-06 20:42:11",405
"2019-07-06 21:42:12",405
"2019-07-06 22:42:12",405
"2019-07-06 23:42:12",405
"2019-07-07 00:42:12",405
"2019-07-07 01:42:12",405
"2019-07-07 02:42:14",405
"2019-07-07 03:42:11",405
"2019-07-07 04:42:13",405
"2019-07-07 05:42:16",405
"2019-07-07 06:42:12",405
"2019-07-07 07:42:12",405
"2019-07-07 08:42:13",405
"2019-07-07 09:42:11",405
"2019-07-07 10:42:14",405
"2019-07-07 11:42:10",405
"2019-07-07 12:42:10",405
"2019-07-07 13:42:10",405
"2019-07-07 14:42:11",405
"2019-07-07 15:42:12",405
"2019-07-07 16:42:13",405
"2019-07-07 17:42:11",405
"2019-07-07 18:42:12",405
"2019-07-07 19:42:10",405
"2019-07-07 20:42:11",405
"2019-07-07 21:42:11",405
"2019-07-07 22:42:13",405
"2019-07-07 23:42:11",405
"2019-07-08 00:42:11",405
"2019-07-08 01:42:14",405
"2019-07-08 02:42:11",405
"2019-07-08 03:42:14",405
"2019-07-08 04:42:12",405
"2019-07-08 05:42:10",405
"2019-07-08 06:42:15",405
"2019-07-08 07:42:16",405
"2019-07-08 08:42:13",405
"2019-07-08 09:42:18",405
"2019-07-08 10:42:19",405
"2019-07-08 11:42:25",405
"2019-07-08 12:42:12",405
"2019-07-08 13:42:11",406
"2019-07-08 14:42:12",415
"2019-07-08 15:42:12",420
"2019-07-08 16:42:13",430
"2019-07-08 17:42:11",432
"2019-07-08 18:42:12",438
"2019-07-08 19:42:11",443
"2019-07-08 20:42:11",445
"2019-07-08 21:42:12",446
"2019-07-08 22:42:12",446
"2019-07-08 23:42:11",446
"2019-07-09 00:42:11",446
"2019-07-09 01:42:10",446
"2019-07-09 02:42:18",446
"2019-07-09 03:42:13",446
"2019-07-09 04:42:13",446
"2019-07-09 05:42:18",446
"2019-07-09 06:42:14",446
"2019-07-09 07:42:14",446
"2019-07-09 08:42:12",446
"2019-07-09 09:42:12",446
"2019-07-09 10:42:10",446
"2019-07-09 11:42:12",446
"2019-07-09 13:05:14",446
"2019-07-09 13:42:10",446
"2019-07-09 14:42:11",451
"2019-07-09 15:42:12",448
"2019-07-09 16:42:10",448
"2019-07-09 17:42:11",453
"2019-07-09 18:42:11",465
"2019-07-09 19:42:12",478
"2019-07-09 20:42:11",484
"2019-07-09 21:42:11",483
"2019-07-09 22:42:10",482
"2019-07-09 23:42:11",482
"2019-07-10 00:42:11",482
"2019-07-10 01:42:12",482
"2019-07-10 02:42:11",482
"2019-07-10 03:42:10",482
"2019-07-10 04:42:11",482
"2019-07-10 05:42:14",482
"2019-07-10 06:42:13",482
"2019-07-10 07:42:09",482
"2019-07-10 08:42:10",482
"2019-07-10 09:42:10",482
"2019-07-10 10:42:10",482
"2019-07-10 11:42:12",482
"2019-07-10 12:42:14",482
"2019-07-10 13:42:12",483
"2019-07-10 14:42:11",518
"2019-07-10 15:42:13",531
"2019-07-10 16:42:17",544
"2019-07-10 17:42:11",551
"2019-07-10 18:42:11",548
"2019-07-10 19:42:11",547
"2019-07-10 20:42:11",556
"2019-07-10 21:42:11",556
"2019-07-10 22:42:15",556
"2019-07-10 23:42:10",556
"2019-07-11 00:42:10",556
"2019-07-11 01:42:11",556
"2019-07-11 02:42:16",556
"2019-07-11 03:42:13",556
"2019-07-11 04:42:14",556
"2019-07-11 05:42:13",556
"2019-07-11 06:42:13",556
"2019-07-11 07:42:11",556
"2019-07-11 08:42:14",556
"2019-07-11 09:42:11",556
"2019-07-11 10:42:12",556
"2019-07-11 11:42:11",556
"2019-07-11 12:42:10",556
"2019-07-11 13:42:11",556
"2019-07-11 14:42:11",555
"2019-07-11 15:42:11",554
"2019-07-11 16:42:11",551
"2019-07-11 17:42:11",557
"2019-07-11 18:42:12",561
"2019-07-11 19:42:11",576
"2019-07-11 20:42:10",588
"2019-07-11 21:42:16",592
"2019-07-11 22:42:09",592
"2019-07-11 23:42:12",592
"2019-07-12 00:42:10",592
"2019-07-12 01:42:11",592
"2019-07-12 02:42:11",592
"2019-07-12 03:42:10",592
"2019-07-12 04:42:10",592
"2019-07-12 05:42:13",592
"2019-07-12 06:42:16",592
"2019-07-12 07:42:11",592
"2019-07-12 08:42:11",592
"2019-07-12 09:42:13",592
"2019-07-12 10:42:13",592
"2019-07-12 11:42:11",592
"2019-07-12 13:05:45",598
"2019-07-12 13:42:13",598
"2019-07-12 14:42:11",636
"2019-07-12 15:42:26",630
"2019-07-12 16:42:13",645
"2019-07-12 17:42:15",652
"2019-07-12 18:42:11",650
"2019-07-12 19:42:10",647
"2019-07-12 20:42:10",650
"2019-07-12 21:42:11",649
"2019-07-12 22:42:18",648
"2019-07-12 23:42:11",648
"2019-07-13 00:42:11",648
"2019-07-13 01:42:12",648
"2019-07-13 02:42:13",648
"2019-07-13 03:42:10",648
"2019-07-13 04:42:11",648
"2019-07-13 05:42:11",648
"2019-07-13 06:42:11",648
"2019-07-13 07:42:12",648
"2019-07-13 08:42:09",648
"2019-07-13 09:42:11",648
"2019-07-13 10:42:11",648
"2019-07-13 11:42:13",648
"2019-07-13 12:42:13",648
"2019-07-13 13:42:11",648
"2019-07-13 14:42:11",648
"2019-07-13 15:42:12",648
"2019-07-13 16:42:33",648
"2019-07-13 17:42:14",648
"2019-07-13 18:42:15",648
"2019-07-13 19:42:14",648
"2019-07-13 20:42:15",648
"2019-07-13 21:42:13",648
"2019-07-13 22:42:11",648
"2019-07-13 23:42:12",648
"2019-07-14 00:42:11",648
"2019-07-14 01:42:19",648
"2019-07-14 02:42:12",648
"2019-07-14 03:42:12",648
"2019-07-14 04:42:12",648
"2019-07-14 05:42:12",648
"2019-07-14 06:42:13",648
"2019-07-14 07:42:11",648
"2019-07-14 08:42:11",648
"2019-07-14 09:42:10",648
"2019-07-14 10:42:11",648
"2019-07-14 11:42:13",648
"2019-07-14 12:42:11",648
"2019-07-14 13:42:13",648
"2019-07-14 14:42:11",648
"2019-07-14 15:42:12",648
"2019-07-14 16:42:16",648
"2019-07-14 17:42:11",648
"2019-07-14 18:42:11",648
"2019-07-14 19:42:11",648
"2019-07-14 20:42:18",648
"2019-07-14 21:42:10",648
"2019-07-14 22:42:10",648
"2019-07-14 23:42:11",648
"2019-07-15 00:42:11",648
"2019-07-15 01:42:10",648
"2019-07-15 02:42:11",648
"2019-07-15 03:42:10",648
"2019-07-15 04:42:10",648
"2019-07-15 05:42:13",648
"2019-07-15 06:42:15",648
"2019-07-15 07:42:12",648
"2019-07-15 08:42:10",648
"2019-07-15 09:42:11",648
"2019-07-15 10:42:11",648
"2019-07-15 11:42:10",648
"2019-07-15 13:06:15",648
"2019-07-15 13:42:12",648
"2019-07-15 14:42:11",658
"2019-07-15 15:42:11",659
"2019-07-15 16:42:22",651
"2019-07-15 17:42:12",657
"2019-07-15 18:42:10",660
"2019-07-15 19:42:11",660
"2019-07-15 20:42:11",664
"2019-07-15 21:42:11",665
"2019-07-15 22:42:15",668
"2019-07-15 23:42:11",668
"2019-07-16 00:42:10",668
"2019-07-16 01:42:11",668
"2019-07-16 02:42:17",668
"2019-07-16 03:42:11",668
"2019-07-16 04:42:10",668
"2019-07-16 05:42:15",668
"2019-07-16 06:42:14",668
"2019-07-16 07:42:10",668
"2019-07-16 08:42:11",668
"2019-07-16 09:42:11",668
"2019-07-16 10:42:13",668
"2019-07-16 11:42:10",668
"2019-07-16 13:06:14",668
"2019-07-16 13:42:12",668
"2019-07-16 14:42:11",665
"2019-07-16 15:42:19",659
"2019-07-16 16:42:13",655
"2019-07-16 17:42:13",652
"2019-07-16 18:42:12",648
"2019-07-16 19:42:10",646
"2019-07-16 20:42:28",648
"2019-07-16 21:42:11",649
"2019-07-16 22:42:11",649
"2019-07-16 23:42:11",649
"2019-07-17 00:42:11",649
"2019-07-17 01:42:11",649
"2019-07-17 02:42:13",649
"2019-07-17 03:42:12",649
"2019-07-17 04:42:12",649
"2019-07-17 05:42:24",649
"2019-07-17 06:42:14",649
"2019-07-17 07:42:15",649
"2019-07-17 08:42:12",649
"2019-07-17 09:42:11",649
"2019-07-17 10:42:12",649
"2019-07-17 11:42:11",649
"2019-07-17 13:05:47",649
"2019-07-17 13:42:12",649
"2019-07-17 14:42:14",639
"2019-07-17 15:42:18",606
"2019-07-17 16:42:17",605
"2019-07-17 17:42:11",601
"2019-07-17 18:42:13",603
"2019-07-17 19:42:11",609
"2019-07-17 20:42:12",620
"2019-07-17 21:42:11",619
"2019-07-17 22:42:12",619
"2019-07-17 23:42:12",619
"2019-07-18 00:42:11",619
"2019-07-18 01:42:15",619
"2019-07-18 02:42:13",619
"2019-07-18 03:42:13",619
"2019-07-18 04:42:12",619
"2019-07-18 05:42:15",619
"2019-07-18 06:42:16",619
"2019-07-18 07:42:11",619
"2019-07-18 08:42:16",619
"2019-07-18 09:42:12",619
"2019-07-18 10:42:12",619
"2019-07-18 11:42:11",619
"2019-07-18 13:06:18",621
"2019-07-18 13:42:12",621
"2019-07-18 14:42:12",608
"2019-07-18 15:42:11",602
"2019-07-18 16:42:17",590
"2019-07-18 17:42:13",591
"2019-07-18 18:42:13",588
"2019-07-18 19:42:14",586
"2019-07-18 20:42:13",583
"2019-07-18 21:42:13",583
"2019-07-18 22:42:13",583
"2019-07-18 23:42:14",583
"2019-07-19 00:42:13",583
"2019-07-19 01:42:13",583
"2019-07-19 02:42:14",583
"2019-07-19 03:42:12",583
"2019-07-19 04:42:13",583
"2019-07-19 05:42:27",583
"2019-07-19 06:42:14",583
"2019-07-19 07:42:15",583
"2019-07-19 08:42:13",583
"2019-07-19 09:42:12",583
"2019-07-19 10:42:12",583
"2019-07-19 11:42:12",583
"2019-07-19 13:05:44",583
"2019-07-19 13:42:12",583
"2019-07-19 14:42:11",592
"2019-07-19 15:42:13",600
"2019-07-19 16:42:12",596
"2019-07-19 17:42:13",597
"2019-07-19 18:42:13",596
"2019-07-19 19:42:12",598
"2019-07-19 20:42:12",600
"2019-07-19 21:42:11",600
"2019-07-19 22:42:13",600
"2019-07-19 23:42:11",600
"2019-07-20 00:42:12",600
"2019-07-20 01:42:19",600
"2019-07-20 02:42:19",600
"2019-07-20 03:42:12",600
"2019-07-20 04:42:20",600
"2019-07-20 05:42:17",600
"2019-07-20 06:42:12",600
"2019-07-20 07:42:11",600
"2019-07-20 08:42:13",600
"2019-07-20 09:42:10",600
"2019-07-20 10:42:11",600
"2019-07-20 11:42:11",600
"2019-07-20 12:42:12",600
"2019-07-20 13:42:11",600
"2019-07-20 14:42:11",600
"2019-07-20 15:42:11",600
"2019-07-20 16:42:13",600
"2019-07-20 17:42:12",600
"2019-07-20 18:42:11",600
"2019-07-20 19:42:13",600
"2019-07-20 20:42:10",600
"2019-07-20 21:42:13",600
"2019-07-20 22:42:10",600
"2019-07-20 23:42:11",600
"2019-07-21 00:42:13",600
"2019-07-21 01:42:11",600
"2019-07-21 02:42:13",600
"2019-07-21 03:42:11",600
"2019-07-21 04:42:11",600
"2019-07-21 05:42:18",600
"2019-07-21 06:42:19",600
"2019-07-21 07:42:10",600
"2019-07-21 08:42:12",600
"2019-07-21 09:42:13",600
"2019-07-21 10:42:20",600
"2019-07-21 11:42:12",600
"2019-07-21 12:42:11",600
"2019-07-21 13:42:13",600
"2019-07-21 14:42:12",600
"2019-07-21 15:42:11",600
"2019-07-21 16:42:12",600
"2019-07-21 17:42:12",600
"2019-07-21 18:42:12",600
"2019-07-21 19:42:12",600
"2019-07-21 20:42:12",600
"2019-07-21 21:42:13",600
"2019-07-21 22:42:11",600
"2019-07-21 23:42:12",600
"2019-07-22 00:42:11",600
"2019-07-22 01:42:12",600
"2019-07-22 02:42:12",600
"2019-07-22 03:42:12",600
"2019-07-22 04:42:12",600
"2019-07-22 05:42:15",600
"2019-07-22 06:42:19",600
"2019-07-22 07:42:11",600
"2019-07-22 08:42:12",600
"2019-07-22 09:42:11",600
"2019-07-22 10:42:10",600
"2019-07-22 11:42:17",600
"2019-07-22 12:42:15",600
"2019-07-22 13:42:12",600
"2019-07-22 14:42:13",592
"2019-07-22 15:42:12",583
"2019-07-22 16:42:14",582
"2019-07-22 17:42:12",582
"2019-07-22 18:42:17",582
"2019-07-22 19:42:14",579
"2019-07-22 20:42:14",578
"2019-07-22 21:42:15",578
"2019-07-22 22:42:12",578
"2019-07-22 23:42:12",578
"2019-07-23 00:42:11",578
"2019-07-23 01:42:11",578
"2019-07-23 02:42:15",578
"2019-07-23 03:42:13",578
"2019-07-23 04:42:13",578
"2019-07-23 05:42:16",578
"2019-07-23 06:42:17",578
"2019-07-23 07:42:12",578
"2019-07-23 08:42:11",578
"2019-07-23 09:42:13",578
"2019-07-23 10:42:13",578
"2019-07-23 11:42:13",578
"2019-07-23 13:05:17",578
"2019-07-23 13:42:14",578
"2019-07-23 14:42:14",567
"2019-07-23 15:42:19",563
"2019-07-23 16:42:15",559
"2019-07-23 17:42:13",557
"2019-07-23 18:42:14",556
"2019-07-23 19:42:13",557
"2019-07-23 20:42:14",555
"2019-07-23 21:42:14",555
"2019-07-23 22:42:16",555
"2019-07-23 23:42:14",555
"2019-07-24 00:42:14",555
"2019-07-24 01:42:14",555
"2019-07-24 02:42:18",555
"2019-07-24 03:42:14",555
"2019-07-24 04:42:13",555
"2019-07-24 05:42:14",555
"2019-07-24 06:42:12",555
"2019-07-24 07:42:12",555
"2019-07-24 08:42:13",555
"2019-07-24 09:42:15",555
"2019-07-24 10:42:15",555
"2019-07-24 11:42:12",555
"2019-07-24 13:04:47",555
"2019-07-24 13:42:14",555
"2019-07-24 14:42:12",550
"2019-07-24 15:42:15",550
"2019-07-24 16:42:14",550
"2019-07-24 17:42:12",550
"2019-07-24 18:42:15",550
"2019-07-24 19:42:13",550
"2019-07-24 20:42:14",550
"2019-07-24 21:42:13",550
"2019-07-24 22:42:12",550
"2019-07-24 23:42:13",550
"2019-07-25 00:42:13",550
"2019-07-25 01:42:17",550
"2019-07-25 02:42:26",550
"2019-07-25 03:42:13",550
"2019-07-25 04:42:13",550
"2019-07-25 05:42:18",550
"2019-07-25 06:42:17",550
"2019-07-25 07:42:13",550
"2019-07-25 08:42:14",550
"2019-07-25 09:42:13",550
"2019-07-25 10:42:22",550
"2019-07-25 11:42:13",550
"2019-07-25 13:05:18",550
"2019-07-25 13:42:16",550
"2019-07-25 14:42:14",552
"2019-07-25 15:42:13",549
"2019-07-25 16:42:16",548
"2019-07-25 17:42:14",545
"2019-07-25 18:42:21",545
"2019-07-25 19:42:48",543
"2019-07-25 20:42:18",542
"2019-07-25 21:42:17",542
"2019-07-25 22:42:14",542
"2019-07-25 23:42:14",542
"2019-07-26 00:42:24",542
"2019-07-26 01:42:14",542
"2019-07-26 02:42:16",542
"2019-07-26 03:42:16",542
"2019-07-26 04:42:18",542
"2019-07-26 05:42:20",542
"2019-07-26 06:42:29",542
"2019-07-26 07:42:20",542
"2019-07-26 08:42:12",542
"2019-07-26 09:42:13",542
"2019-07-26 10:42:15",542
"2019-07-26 11:42:17",542
"2019-07-26 13:07:17",542
"2019-07-26 13:42:15",542
"2019-07-26 14:42:14",537
"2019-07-26 15:42:13",537
"2019-07-26 16:42:16",537
"2019-07-26 17:42:16",536
"2019-07-26 18:42:16",535
"2019-07-26 19:42:14",534
"2019-07-26 20:42:13",532
"2019-07-26 21:42:13",532
"2019-07-26 22:42:13",532
"2019-07-26 23:42:12",532
"2019-07-27 00:42:12",532
"2019-07-27 01:42:13",532
"2019-07-27 02:42:15",532
"2019-07-27 03:42:13",532
"2019-07-27 04:42:13",532
"2019-07-27 05:42:13",532
"2019-07-27 06:42:13",532
"2019-07-27 07:42:12",532
"2019-07-27 08:42:13",532
"2019-07-27 09:42:12",532
"2019-07-27 10:42:15",532
"2019-07-27 11:42:12",532
"2019-07-27 12:42:13",532
"2019-07-27 13:42:12",532
"2019-07-27 14:42:13",532
"2019-07-27 15:42:15",532
"2019-07-27 16:42:20",532
"2019-07-27 17:42:17",532
"2019-07-27 18:42:15",532
"2019-07-27 19:42:14",532
"2019-07-27 20:42:15",532
"2019-07-27 21:42:14",532
"2019-07-27 22:42:13",532
"2019-07-27 23:42:13",532
"2019-07-28 00:42:13",532
"2019-07-28 01:42:12",532
"2019-07-28 02:42:12",532
"2019-07-28 03:42:11",532
"2019-07-28 04:42:13",532
"2019-07-28 05:42:12",532
"2019-07-28 06:42:12",532
"2019-07-28 07:42:12",532
"2019-07-28 08:42:12",532
"2019-07-28 09:42:11",532
"2019-07-28 10:42:11",532
"2019-07-28 11:42:11",532
"2019-07-28 12:42:12",532
"2019-07-28 13:42:12",532
"2019-07-28 14:42:13",532
"2019-07-28 15:42:11",532
"2019-07-28 16:42:14",532
"2019-07-28 17:42:13",532
"2019-07-28 18:42:12",532
"2019-07-28 19:42:12",532
"2019-07-28 20:42:12",532
"2019-07-28 21:42:12",532
"2019-07-28 22:42:13",532
"2019-07-28 23:42:14",532
"2019-07-29 00:42:13",532
"2019-07-29 01:42:13",532
"2019-07-29 02:42:13",532
"2019-07-29 03:42:13",532
"2019-07-29 04:42:13",532
"2019-07-29 05:42:16",532
"2019-07-29 06:42:21",532
"2019-07-29 07:42:14",532
"2019-07-29 08:42:12",532
"2019-07-29 09:42:13",532
"2019-07-29 10:42:13",532
"2019-07-29 11:42:12",532
"2019-07-29 13:06:16",532
"2019-07-29 13:42:15",532
"2019-07-29 14:42:13",530
"2019-07-29 15:42:13",529
"2019-07-29 16:42:13",531
"2019-07-29 17:42:13",530
"2019-07-29 18:42:13",529
"2019-07-29 19:42:13",530
"2019-07-29 20:42:14",530
"2019-07-29 21:42:13",532
"2019-07-29 22:42:14",532
"2019-07-29 23:42:14",532
"2019-07-30 00:42:14",532
"2019-07-30 01:42:14",532
"2019-07-30 02:42:14",532
"2019-07-30 03:42:13",532
"2019-07-30 04:42:13",532
"2019-07-30 05:42:14",532
"2019-07-30 06:42:14",532
"2019-07-30 07:42:21",532
"2019-07-30 08:42:14",532
"2019-07-30 09:42:14",532
"2019-07-30 10:42:13",532
"2019-07-30 11:42:16",532
"2019-07-30 12:42:14",532
"2019-07-30 13:42:14",532
"2019-07-30 14:42:15",532
"2019-07-30 15:42:15",528
"2019-07-30 16:42:15",529
"2019-07-30 17:42:19",527
"2019-07-30 18:42:17",525
"2019-07-30 19:42:17",523
"2019-07-30 20:42:16",521
"2019-07-30 21:42:15",521
"2019-07-30 22:42:16",520
"2019-07-30 23:42:15",520
"2019-07-31 00:42:15",520
"2019-07-31 01:42:15",520
"2019-07-31 02:42:15",520
"2019-07-31 03:42:15",520
"2019-07-31 04:42:16",520
"2019-07-31 05:42:21",520
"2019-07-31 06:42:15",520
"2019-07-31 07:42:14",520
"2019-07-31 08:42:15",520
"2019-07-31 09:42:15",520
"2019-07-31 10:42:14",520
"2019-07-31 11:42:13",520
"2019-07-31 13:06:21",520
"2019-07-31 13:42:15",520
"2019-07-31 14:42:16",517
"2019-07-31 15:42:15",509
"2019-07-31 16:42:19",505
"2019-07-31 17:42:15",506
"2019-07-31 18:42:14",512
"2019-07-31 19:42:15",513
"2019-07-31 20:42:16",517
"2019-07-31 21:42:16",518
"2019-07-31 22:42:14",518
"2019-07-31 23:42:15",518
"2019-08-01 00:42:15",518
"2019-08-01 01:42:25",518
"2019-08-01 02:42:17",518
"2019-08-01 03:42:15",518
"2019-08-01 04:42:14",518
"2019-08-01 05:42:18",518
"2019-08-01 06:42:16",518
"2019-08-01 07:42:19",518
"2019-08-01 08:42:14",518
"2019-08-01 09:42:16",518
"2019-08-01 10:42:15",518
"2019-08-01 11:42:13",518
"2019-08-01 13:04:47",519
"2019-08-01 13:42:16",519
"2019-08-01 14:42:15",532
"2019-08-01 15:42:22",531
"2019-08-01 16:42:19",531
"2019-08-01 17:42:17",533
"2019-08-01 18:42:14",531
"2019-08-01 19:42:14",527
"2019-08-01 20:42:14",524
"2019-08-01 21:42:15",524
"2019-08-01 22:42:13",524
"2019-08-01 23:42:16",524
"2019-08-02 00:42:14",524
"2019-08-02 01:42:14",524
"2019-08-02 02:42:14",524
"2019-08-02 03:42:14",524
"2019-08-02 04:42:14",524
"2019-08-02 05:42:17",524
"2019-08-02 06:42:14",524
"2019-08-02 07:42:12",524
"2019-08-02 08:42:14",524
"2019-08-02 09:42:15",524
"2019-08-02 10:42:23",524
"2019-08-02 11:42:14",524
"2019-08-02 13:06:19",524
"2019-08-02 13:42:16",524
"2019-08-02 14:42:16",518
"2019-08-02 15:42:15",518
"2019-08-02 16:42:14",517
"2019-08-02 17:42:14",519
"2019-08-02 18:42:15",518
"2019-08-02 19:42:16",516
"2019-08-02 20:42:15",517
"2019-08-02 21:42:14",517
"2019-08-02 22:42:14",517
"2019-08-02 23:42:14",517
"2019-08-03 00:42:14",517
"2019-08-03 01:42:14",517
"2019-08-03 02:42:18",517
"2019-08-03 03:42:15",517
"2019-08-03 04:42:13",517
"2019-08-03 05:42:19",517
"2019-08-03 06:42:14",517
"2019-08-03 07:42:13",517
"2019-08-03 08:42:15",517
"2019-08-03 09:42:14",517
"2019-08-03 10:42:14",517
"2019-08-03 11:42:14",517
"2019-08-03 12:42:15",517
"2019-08-03 13:42:15",517
"2019-08-03 14:42:14",517
"2019-08-03 15:42:13",517
"2019-08-03 16:42:14",517
"2019-08-03 17:42:15",517
"2019-08-03 18:42:15",517
"2019-08-03 19:42:14",517
"2019-08-03 20:42:13",517
"2019-08-03 21:42:13",517
"2019-08-03 22:42:13",517
"2019-08-03 23:42:13",517
"2019-08-04 00:42:14",517
"2019-08-04 01:42:13",517
"2019-08-04 02:42:19",517
"2019-08-04 03:42:15",517
"2019-08-04 04:42:14",517
"2019-08-04 05:42:18",517
"2019-08-04 06:42:14",517
"2019-08-04 07:42:14",517
"2019-08-04 08:42:15",517
"2019-08-04 09:42:14",517
"2019-08-04 10:42:14",517
"2019-08-04 11:42:12",517
"2019-08-04 12:42:14",517
"2019-08-04 13:42:14",517
"2019-08-04 14:42:13",517
"2019-08-04 15:42:14",517
"2019-08-04 16:42:14",517
"2019-08-04 17:42:14",517
"2019-08-04 18:42:15",517
"2019-08-04 19:42:14",517
"2019-08-04 20:42:14",517
"2019-08-04 21:42:14",517
"2019-08-04 22:42:14",517
"2019-08-04 23:42:14",517
"2019-08-05 00:42:13",517
"2019-08-05 01:42:14",517
"2019-08-05 02:42:16",517
"2019-08-05 03:42:14",517
"2019-08-05 04:42:15",517
"2019-08-05 05:42:15",517
"2019-08-05 06:42:14",517
"2019-08-05 07:42:18",517
"2019-08-05 08:42:15",517
"2019-08-05 09:42:16",517
"2019-08-05 10:42:14",517
"2019-08-05 11:42:14",517
"2019-08-05 13:06:49",517
"2019-08-05 13:42:16",517
"2019-08-05 14:42:16",509
"2019-08-05 15:42:14",509
"2019-08-05 16:42:15",504
"2019-08-05 17:42:16",503
"2019-08-05 18:42:16",503
"2019-08-05 19:42:15",503
"2019-08-05 20:42:14",498
"2019-08-05 21:42:14",498
"2019-08-05 22:42:15",498
"2019-08-05 23:42:16",498
"2019-08-06 00:42:24",498
"2019-08-06 01:42:17",498
"2019-08-06 02:42:15",498
"2019-08-06 03:42:14",498
"2019-08-06 04:42:16",498
"2019-08-06 05:42:16",498
"2019-08-06 06:42:14",498
"2019-08-06 07:42:14",498
"2019-08-06 08:42:14",498
"2019-08-06 09:42:19",498
"2019-08-06 10:42:13",498
"2019-08-06 11:42:13",498
"2019-08-06 12:42:14",498
"2019-08-06 13:42:16",499
"2019-08-06 14:42:14",498
"2019-08-06 15:42:15",497
"2019-08-06 16:42:16",499
"2019-08-06 17:42:14",497
"2019-08-06 18:42:13",497
"2019-08-06 19:42:14",497
"2019-08-06 20:42:15",496
"2019-08-06 21:42:14",497
"2019-08-06 22:42:13",497
"2019-08-06 23:42:15",497
"2019-08-07 00:42:15",497
"2019-08-07 01:42:16",497
"2019-08-07 02:42:17",497
"2019-08-07 03:42:14",497
"2019-08-07 04:42:14",497
"2019-08-07 05:42:15",497
"2019-08-07 06:42:19",497
"2019-08-07 07:42:13",497
"2019-08-07 08:42:15",497
"2019-08-07 09:42:14",497
"2019-08-07 10:42:22",497
"2019-08-07 11:42:14",497
"2019-08-07 12:42:16",497
"2019-08-07 13:42:17",498
"2019-08-07 14:42:17",492
"2019-08-07 15:42:16",493
"2019-08-07 16:42:16",493
"2019-08-07 17:42:16",492
"2019-08-07 18:42:16",489
"2019-08-07 19:42:15",489
"2019-08-07 20:42:15",490
"2019-08-07 21:42:15",490
"2019-08-07 22:42:14",490
"2019-08-07 23:42:16",490
"2019-08-08 00:42:16",490
"2019-08-08 01:42:15",490
"2019-08-08 02:42:21",490
"2019-08-08 03:42:15",490
"2019-08-08 04:42:15",490
"2019-08-08 05:42:15",490
"2019-08-08 06:42:18",490
"2019-08-08 07:42:15",490
"2019-08-08 08:42:15",490
"2019-08-08 09:42:15",490
"2019-08-08 10:42:18",490
"2019-08-08 11:42:14",490
"2019-08-08 12:42:16",490
"2019-08-08 13:42:15",491
"2019-08-08 14:42:15",484
"2019-08-08 15:42:16",497
"2019-08-08 16:42:18",498
"2019-08-08 17:42:16",499
"2019-08-08 18:42:16",497
"2019-08-08 19:42:16",496
"2019-08-08 20:42:17",495
"2019-08-08 21:42:17",495
"2019-08-08 22:42:17",495
"2019-08-08 23:42:17",495
"2019-08-09 00:42:18",495
"2019-08-09 01:42:19",495
"2019-08-09 02:42:18",495
"2019-08-09 03:42:17",495
"2019-08-09 04:42:19",495
"2019-08-09 05:42:21",495
"2019-08-09 06:42:18",495
"2019-08-09 07:42:20",495
"2019-08-09 08:42:18",495
"2019-08-09 09:42:24",495
"2019-08-09 10:42:18",495
"2019-08-09 11:42:17",495
"2019-08-09 13:06:22",495
"2019-08-09 13:42:19",495
"2019-08-09 14:42:21",494
"2019-08-09 15:42:17",492
"2019-08-09 16:42:24",491
"2019-08-09 17:42:17",490
"2019-08-09 18:42:18",492
"2019-08-09 19:42:18",491
"2019-08-09 20:42:17",492
"2019-08-09 21:42:19",492
"2019-08-09 22:42:18",492
"2019-08-09 23:42:19",492
"2019-08-10 00:42:19",492
"2019-08-10 01:42:18",492
"2019-08-10 02:42:29",492
"2019-08-10 03:42:17",492
"2019-08-10 04:42:18",492
"2019-08-10 05:42:20",492
"2019-08-10 06:42:18",492
"2019-08-10 07:42:17",492
"2019-08-10 08:42:17",492
"2019-08-10 09:42:18",492
"2019-08-10 10:42:19",492
"2019-08-10 11:42:17",492
"2019-08-10 12:42:19",492
"2019-08-10 13:42:19",492
"2019-08-10 14:42:16",492
"2019-08-10 15:42:16",492
"2019-08-10 16:42:25",492
"2019-08-10 17:42:17",492
"2019-08-10 18:42:17",492
"2019-08-10 19:42:18",492
"2019-08-10 20:42:18",492
"2019-08-10 21:42:16",492
"2019-08-10 22:42:17",492
"2019-08-10 23:42:17",492
"2019-08-11 00:42:15",492
"2019-08-11 01:42:17",492
"2019-08-11 02:42:25",492
"2019-08-11 03:42:18",492
"2019-08-11 04:42:17",492
"2019-08-11 05:42:22",492
"2019-08-11 06:42:17",492
"2019-08-11 07:42:18",492
"2019-08-11 08:42:16",492
"2019-08-11 09:42:16",492
"2019-08-11 10:42:17",492
"2019-08-11 11:42:17",492
"2019-08-11 12:42:17",492
"2019-08-11 13:42:18",492
"2019-08-11 14:42:17",492
"2019-08-11 15:42:17",492
"2019-08-11 16:42:18",492
"2019-08-11 17:42:17",492
"2019-08-11 18:42:17",492
"2019-08-11 19:42:18",492
"2019-08-11 20:42:19",492
"2019-08-11 21:42:19",492
"2019-08-11 22:42:19",492
"2019-08-11 23:42:19",492
"2019-08-12 00:42:19",492
"2019-08-12 01:42:19",492
"2019-08-12 02:42:22",492
"2019-08-12 03:42:20",492
"2019-08-12 04:42:18",492
"2019-08-12 05:42:23",492
"2019-08-12 06:42:26",492
"2019-08-12 07:42:18",492
"2019-08-12 08:42:19",492
"2019-08-12 09:42:18",492
"2019-08-12 10:42:22",492
"2019-08-12 11:42:18",492
"2019-08-12 12:42:22",492
"2019-08-12 13:42:27",492
"2019-08-12 14:42:17",493
"2019-08-12 15:42:18",489
"2019-08-12 16:42:28",486
"2019-08-12 17:42:18",486
"2019-08-12 18:42:16",486
"2019-08-12 19:42:16",486
"2019-08-12 20:42:18",487
"2019-08-12 21:42:17",487
"2019-08-12 22:42:17",487
"2019-08-12 23:42:18",487
"2019-08-13 00:42:16",487
"2019-08-13 01:42:18",487
"2019-08-13 02:42:21",487
"2019-08-13 03:42:18",487
"2019-08-13 04:42:15",487
"2019-08-13 05:42:20",487
"2019-08-13 06:42:16",487
"2019-08-13 07:42:17",487
"2019-08-13 08:42:16",487
"2019-08-13 09:42:18",487
"2019-08-13 10:42:20",487
"2019-08-13 11:42:19",487
"2019-08-13 12:42:20",487
"2019-08-13 13:42:19",487
"2019-08-13 14:42:18",490
"2019-08-13 15:42:22",491
"2019-08-13 16:42:20",491
"2019-08-13 17:42:18",493
"2019-08-13 18:42:18",491
"2019-08-13 19:42:18",492
"2019-08-13 20:42:18",494
"2019-08-13 21:42:18",494
"2019-08-13 22:42:25",494
"2019-08-13 23:42:18",494
"2019-08-14 00:42:21",494
"2019-08-14 01:42:19",494
"2019-08-14 02:42:19",494
"2019-08-14 03:42:17",494
"2019-08-14 04:42:17",494
"2019-08-14 05:42:25",494
"2019-08-14 06:42:18",494
"2019-08-14 07:42:17",494
"2019-08-14 08:42:16",494
"2019-08-14 09:42:19",494
"2019-08-14 10:42:15",494
"2019-08-14 11:42:16",494
"2019-08-14 13:05:24",494
"2019-08-14 13:42:19",494
"2019-08-14 14:42:19",494
"2019-08-14 15:42:20",491
"2019-08-14 16:42:18",489
"2019-08-14 17:42:16",491
"2019-08-14 18:42:19",494
"2019-08-14 19:42:19",494
"2019-08-14 20:42:17",492
"2019-08-14 21:42:23",492
"2019-08-14 22:42:17",492
"2019-08-14 23:42:17",492
"2019-08-15 00:42:17",492
"2019-08-15 01:42:17",492
"2019-08-15 02:42:20",492
"2019-08-15 03:42:18",492
"2019-08-15 04:42:18",492
"2019-08-15 05:42:22",492
"2019-08-15 06:42:16",492
"2019-08-15 07:42:16",492
"2019-08-15 08:42:31",492
"2019-08-15 09:42:17",492
"2019-08-15 10:42:17",492
"2019-08-15 11:42:16",492
"2019-08-15 13:05:22",492
"2019-08-15 13:42:24",492
"2019-08-15 14:42:18",492
"2019-08-15 15:42:16",490
"2019-08-15 16:42:29",489
"2019-08-15 17:42:15",488
"2019-08-15 18:42:17",491
"2019-08-15 19:42:16",491
"2019-08-15 20:42:17",488
"2019-08-15 21:42:15",488
"2019-08-15 22:42:15",488
"2019-08-15 23:42:21",488
"2019-08-16 00:42:17",488
"2019-08-16 01:42:26",488
"2019-08-16 02:42:18",488
"2019-08-16 03:42:18",488
"2019-08-16 04:42:14",488
"2019-08-16 05:42:31",488
"2019-08-16 06:42:15",488
"2019-08-16 07:42:16",488
"2019-08-16 08:42:16",488
"2019-08-16 09:42:15",488
"2019-08-16 10:42:15",488
"2019-08-16 11:42:15",488
"2019-08-16 12:42:16",488
"2019-08-16 13:42:20",488
"2019-08-16 14:42:17",487
"2019-08-16 15:42:18",487
"2019-08-16 16:42:19",488
"2019-08-16 18:42:17",485
"2019-08-16 19:42:19",488
"2019-08-16 20:42:20",490
"2019-08-16 21:42:19",490
"2019-08-16 22:42:20",490
"2019-08-16 23:42:19",490
"2019-08-17 00:42:20",490
"2019-08-17 01:42:22",490
"2019-08-17 02:42:32",490
"2019-08-17 03:42:19",490
"2019-08-17 04:42:20",490
"2019-08-17 05:42:19",490
"2019-08-17 06:42:18",490
"2019-08-17 07:42:18",490
"2019-08-17 08:42:19",490
"2019-08-17 09:42:19",490
"2019-08-17 10:42:18",490
"2019-08-17 11:42:17",490
"2019-08-17 12:42:17",490
"2019-08-17 13:42:19",490
"2019-08-17 14:42:36",490
"2019-08-17 15:42:19",490
"2019-08-17 16:42:19",490
"2019-08-17 17:42:17",490
"2019-08-17 18:42:17",490
"2019-08-17 19:42:17",490
"2019-08-17 20:42:20",490
"2019-08-17 21:42:17",490
"2019-08-17 22:42:17",490
"2019-08-17 23:42:17",490
"2019-08-18 00:42:18",490
"2019-08-18 01:42:17",490
"2019-08-18 02:42:20",490
"2019-08-18 03:42:18",490
"2019-08-18 04:42:17",490
"2019-08-18 05:42:26",490
"2019-08-18 06:42:35",490
"2019-08-18 07:42:19",490
"2019-08-18 08:42:21",490
"2019-08-18 09:42:20",490
"2019-08-18 10:42:18",490
"2019-08-18 11:42:19",490
"2019-08-18 12:42:20",490
"2019-08-18 13:42:19",490
"2019-08-18 14:42:19",490
"2019-08-18 15:42:20",490
"2019-08-18 16:42:23",490
"2019-08-18 17:42:18",490
"2019-08-18 18:42:19",490
"2019-08-18 19:42:19",490
"2019-08-18 20:42:19",490
"2019-08-18 21:42:26",490
"2019-08-18 22:42:21",490
"2019-08-18 23:42:19",490
"2019-08-19 00:42:20",490
"2019-08-19 01:42:21",490
"2019-08-19 02:42:19",490
"2019-08-19 03:42:18",490
"2019-08-19 04:42:18",490
"2019-08-19 05:42:21",490
"2019-08-19 06:42:21",490
"2019-08-19 07:42:30",490
"2019-08-19 08:42:19",490
"2019-08-19 09:42:25",490
"2019-08-19 10:42:20",490
"2019-08-19 11:42:18",490
"2019-08-19 12:42:23",490
"2019-08-19 13:42:20",490
"2019-08-19 14:42:16",492
"2019-08-19 15:42:17",494
"2019-08-19 16:42:16",491
"2019-08-19 17:42:16",492
"2019-08-19 18:42:18",493
"2019-08-19 19:42:17",491
"2019-08-19 20:42:16",491
"2019-08-19 21:42:17",491
"2019-08-19 22:42:16",490
"2019-08-19 23:42:17",490
"2019-08-20 00:42:19",490
"2019-08-20 01:42:17",490
"2019-08-20 02:42:19",490
"2019-08-20 03:42:17",490
"2019-08-20 04:42:17",490
"2019-08-20 05:42:25",490
"2019-08-20 06:42:21",490
"2019-08-20 07:42:16",490
"2019-08-20 08:42:16",490
"2019-08-20 09:42:16",490
"2019-08-20 10:42:36",490
"2019-08-20 11:42:15",490
"2019-08-20 13:04:21",492
"2019-08-20 13:42:25",492
"2019-08-20 14:42:18",491
"2019-08-20 15:42:16",494
"2019-08-20 16:42:18",494
"2019-08-20 17:42:18",493
"2019-08-20 18:42:18",494
"2019-08-20 19:42:18",497
"2019-08-20 20:42:18",496
"2019-08-20 21:42:20",496
"2019-08-20 22:42:18",496
"2019-08-20 23:42:17",496
"2019-08-21 00:42:18",496
"2019-08-21 01:42:19",496
"2019-08-21 02:42:23",496
"2019-08-21 03:42:21",496
"2019-08-21 04:42:18",496
"2019-08-21 05:42:20",496
"2019-08-21 06:42:23",496
"2019-08-21 07:42:18",496
"2019-08-21 08:42:18",496
"2019-08-21 09:42:18",496
"2019-08-21 10:42:17",496
"2019-08-21 11:42:17",496
"2019-08-21 12:42:17",496
"2019-08-21 13:42:20",496
"2019-08-21 14:42:19",500
"2019-08-21 15:42:20",499
"2019-08-21 16:42:33",501
"2019-08-21 17:42:18",502
"2019-08-21 18:42:18",502
"2019-08-21 19:42:19",502
"2019-08-21 20:42:18",503
"2019-08-21 21:42:19",503
"2019-08-21 22:42:21",503
"2019-08-21 23:42:19",503
"2019-08-22 00:42:19",503
"2019-08-22 01:42:18",503
"2019-08-22 02:42:20",503
"2019-08-22 03:42:18",503
"2019-08-22 04:42:18",503
"2019-08-22 05:42:20",503
"2019-08-22 06:42:18",503
"2019-08-22 07:42:19",503
"2019-08-22 08:42:19",503
"2019-08-22 09:42:19",503
"2019-08-22 10:42:19",503
"2019-08-22 11:42:20",503
"2019-08-22 12:42:19",503
"2019-08-22 13:42:20",503
"2019-08-22 14:42:23",502
"2019-08-22 15:42:20",501
"2019-08-22 16:42:24",503
"2019-08-22 17:42:22",505
"2019-08-22 18:42:22",504
"2019-08-22 19:42:20",503
"2019-08-22 20:42:21",504
"2019-08-22 21:42:22",504
"2019-08-22 22:42:19",504
"2019-08-22 23:42:21",504
"2019-08-23 00:42:23",504
"2019-08-23 01:42:25",504
"2019-08-23 02:42:24",504
"2019-08-23 03:42:20",504
"2019-08-23 04:42:18",504
"2019-08-23 05:42:20",504
"2019-08-23 06:42:20",504
"2019-08-23 07:42:19",504
"2019-08-23 08:42:21",504
"2019-08-23 09:42:18",504
"2019-08-23 10:42:23",504
"2019-08-23 11:42:18",504
"2019-08-23 12:42:22",504
"2019-08-23 13:42:20",504
"2019-08-23 14:42:20",507
"2019-08-23 15:42:22",506
"2019-08-23 16:42:23",507
"2019-08-23 17:42:18",506
"2019-08-23 18:42:21",501
"2019-08-23 19:42:21",500
"2019-08-23 20:42:18",502
"2019-08-23 21:42:20",502
"2019-08-23 22:42:57",502
"2019-08-23 23:42:19",502
"2019-08-24 00:42:19",502
"2019-08-24 01:42:18",502
"2019-08-24 02:42:37",502
"2019-08-24 03:42:18",502
"2019-08-24 04:42:17",502
"2019-08-24 05:42:21",502
"2019-08-24 06:42:20",502
"2019-08-24 07:42:23",502
"2019-08-24 08:42:20",502
"2019-08-24 09:42:20",502
"2019-08-24 10:42:19",502
"2019-08-24 11:42:18",502
"2019-08-24 12:42:21",502
"2019-08-24 13:42:18",502
"2019-08-24 14:42:19",502
"2019-08-24 15:42:19",502
"2019-08-24 16:42:26",502
"2019-08-24 17:42:18",502
"2019-08-24 18:42:21",502
"2019-08-24 19:42:18",502
"2019-08-24 20:42:19",502
"2019-08-24 21:42:19",502
"2019-08-24 22:42:19",502
"2019-08-24 23:42:18",502
"2019-08-25 00:42:17",502
"2019-08-25 01:42:22",502
"2019-08-25 02:42:29",502
"2019-08-25 03:42:18",502
"2019-08-25 04:42:18",502
"2019-08-25 05:42:18",502
"2019-08-25 06:42:19",502
"2019-08-25 07:42:19",502
"2019-08-25 08:42:21",502
"2019-08-25 09:42:17",502
"2019-08-25 10:42:18",502
"2019-08-25 11:42:21",502
"2019-08-25 12:42:19",502
"2019-08-25 13:42:18",502
"2019-08-25 14:42:18",502
"2019-08-25 15:42:20",502
"2019-08-25 16:42:23",502
"2019-08-25 17:42:17",502
"2019-08-25 18:42:17",502
"2019-08-25 19:42:20",502
"2019-08-25 20:42:19",502
"2019-08-25 21:42:19",502
"2019-08-25 22:42:18",502
"2019-08-25 23:42:19",502
"2019-08-26 00:42:18",502
"2019-08-26 01:42:16",502
"2019-08-26 02:42:23",502
"2019-08-26 03:42:17",502
"2019-08-26 04:42:19",502
"2019-08-26 05:42:20",502
"2019-08-26 06:42:18",502
"2019-08-26 07:42:19",502
"2019-08-26 08:42:18",502
"2019-08-26 09:42:18",502
"2019-08-26 10:42:20",502
"2019-08-26 11:42:17",502
"2019-08-26 12:42:21",502
"2019-08-26 13:42:19",502
"2019-08-26 14:42:19",505
"2019-08-26 15:42:20",504
"2019-08-26 16:42:23",503
"2019-08-26 17:42:18",502
"2019-08-26 18:42:18",502
"2019-08-26 19:42:21",502
"2019-08-26 20:42:19",502
"2019-08-26 21:42:20",502
"2019-08-26 22:42:17",502
"2019-08-26 23:42:18",502
"2019-08-27 00:42:20",502
"2019-08-27 01:42:19",502
"2019-08-27 02:42:24",502
"2019-08-27 03:42:18",502
"2019-08-27 04:42:18",502
"2019-08-27 05:42:23",502
"2019-08-27 06:42:21",502
"2019-08-27 07:42:18",502
"2019-08-27 08:42:22",502
"2019-08-27 09:42:18",502
"2019-08-27 10:42:17",502
"2019-08-27 11:42:22",502
"2019-08-27 12:42:21",502
"2019-08-27 13:42:34",502
"2019-08-27 14:42:18",499
"2019-08-27 15:42:21",500
"2019-08-27 16:42:23",497
"2019-08-27 17:42:18",496
"2019-08-27 18:42:19",494
"2019-08-27 19:42:21",493
"2019-08-27 20:42:19",491
"2019-08-27 21:42:20",491
"2019-08-27 22:42:20",491
"2019-08-27 23:42:21",491
"2019-08-28 00:42:24",491
"2019-08-28 01:42:21",491
"2019-08-28 02:42:25",491
"2019-08-28 03:42:28",491
"2019-08-28 04:42:21",491
"2019-08-28 05:42:21",491
"2019-08-28 06:42:21",491
"2019-08-28 07:42:23",491
"2019-08-28 08:42:18",491
"2019-08-28 09:42:21",491
"2019-08-28 10:42:21",491
"2019-08-28 11:42:22",491
"2019-08-28 12:42:20",491
"2019-08-28 13:42:19",491
"2019-08-28 14:42:18",492
"2019-08-28 15:42:17",490
"2019-08-28 16:42:32",492
"2019-08-28 17:42:18",493
"2019-08-28 18:42:18",494
"2019-08-28 19:42:19",494
"2019-08-28 20:42:20",493
"2019-08-28 21:42:19",493
"2019-08-28 22:42:19",494
"2019-08-28 23:42:22",494
"2019-08-29 00:42:17",494
"2019-08-29 01:42:19",494
"2019-08-29 02:42:21",494
"2019-08-29 03:42:18",494
"2019-08-29 04:42:18",494
"2019-08-29 05:42:29",494
"2019-08-29 06:42:16",494
"2019-08-29 07:42:19",494
"2019-08-29 08:42:19",494
"2019-08-29 09:42:20",494
"2019-08-29 10:42:16",494
"2019-08-29 11:42:16",494
"2019-08-29 12:42:20",494
"2019-08-29 13:42:19",494
"2019-08-29 14:42:17",495
"2019-08-29 15:42:17",495
"2019-08-29 16:42:23",494
"2019-08-29 17:42:17",496
"2019-08-29 18:42:17",498
"2019-08-29 19:42:15",498
"2019-08-29 20:42:18",496
"2019-08-29 21:42:17",496
"2019-08-29 22:42:16",497
"2019-08-29 23:42:17",497
"2019-08-30 00:42:19",497
"2019-08-30 01:42:20",497
"2019-08-30 02:42:18",497
"2019-08-30 03:42:18",497
"2019-08-30 04:42:19",497
"2019-08-30 05:42:25",497
"2019-08-30 06:42:16",497
"2019-08-30 07:42:16",497
"2019-08-30 08:42:15",497
"2019-08-30 09:42:16",497
"2019-08-30 10:42:15",497
"2019-08-30 11:42:14",497
"2019-08-30 12:42:18",497
"2019-08-30 13:42:17",497
"2019-08-30 14:42:17",499
"2019-08-30 15:42:18",498
"2019-08-30 16:42:19",496
"2019-08-30 17:42:18",497
"2019-08-30 18:42:16",496
"2019-08-30 19:42:16",496
"2019-08-30 20:42:30",496
"2019-08-30 21:42:26",496
"2019-08-30 22:42:28",496
"2019-08-30 23:42:27",496
"2019-08-31 00:42:26",496
"2019-08-31 01:42:28",496
"2019-08-31 02:42:26",496
"2019-08-31 03:42:27",496
"2019-08-31 04:42:26",496
"2019-08-31 23:42:38",496
"2019-09-01 00:42:29",496
"2019-09-01 01:42:26",496
"2019-09-01 02:42:28",496
"2019-09-01 03:42:27",496
"2019-09-01 04:42:27",496
"2019-09-01 05:42:27",496
"2019-09-01 06:42:26",496
"2019-09-01 07:42:25",496
"2019-09-01 08:42:27",496
"2019-09-01 09:42:26",496
"2019-09-01 10:42:26",496
"2019-09-01 11:42:25",496
"2019-09-01 12:42:28",496
"2019-09-01 13:42:26",496
"2019-09-01 14:42:27",496
"2019-09-01 15:42:26",496
"2019-09-01 16:42:32",496
"2019-09-01 17:42:30",496
"2019-09-01 18:42:27",496
"2019-09-01 19:42:25",496
"2019-09-01 20:42:26",496
"2019-09-01 21:42:26",496
"2019-09-01 22:42:28",496
"2019-09-01 23:42:27",496
"2019-09-02 00:42:26",496
"2019-09-02 01:42:24",496
"2019-09-02 02:42:25",496
"2019-09-02 03:42:27",496
"2019-09-02 04:42:28",496
"2019-09-02 05:42:35",496
"2019-09-02 06:42:28",496
"2019-09-02 07:42:29",496
"2019-09-02 08:42:27",496
"2019-09-02 09:42:28",496
"2019-09-02 10:42:33",496
"2019-09-02 11:42:28",496
"2019-09-02 12:42:25",496
"2019-09-02 13:42:27",496
"2019-09-02 14:42:26",496
"2019-09-02 15:42:26",496
"2019-09-02 16:42:34",496
"2019-09-02 17:42:26",496
"2019-09-02 18:42:28",496
"2019-09-02 19:42:26",496
"2019-09-02 20:42:26",496
"2019-09-02 21:42:27",496
"2019-09-02 22:42:28",496
"2019-09-02 23:42:27",496
"2019-09-03 00:42:26",496
"2019-09-03 01:42:29",496
"2019-09-03 02:42:29",496
"2019-09-03 03:42:26",496
"2019-09-03 04:42:25",496
"2019-09-03 05:42:33",496
"2019-09-03 06:42:29",496
"2019-09-03 07:42:26",496
"2019-09-03 08:42:33",496
"2019-09-03 09:42:26",496
"2019-09-03 10:42:31",496
"2019-09-03 11:42:26",496
"2019-09-03 13:06:35",496
"2019-09-03 13:42:33",496
"2019-09-03 14:42:28",491
"2019-09-03 15:42:27",491
"2019-09-03 16:42:31",493
"2019-09-03 17:42:28",495
"2019-09-03 18:42:26",496
"2019-09-03 19:42:25",497
"2019-09-03 20:42:27",497
"2019-09-03 21:42:26",498
"2019-09-03 22:42:31",499
"2019-09-03 23:42:27",499
"2019-09-04 00:42:29",499
"2019-09-04 01:42:29",499
"2019-09-04 02:42:27",499
"2019-09-04 03:42:26",499
"2019-09-04 04:42:25",499
"2019-09-04 05:42:34",499
"2019-09-04 06:42:28",499
"2019-09-04 07:42:26",499
"2019-09-04 08:42:26",499
"2019-09-04 09:42:27",499
"2019-09-04 10:42:27",499
"2019-09-04 11:42:26",499
"2019-09-04 13:05:34",499
"2019-09-04 13:42:28",499
"2019-09-04 14:42:28",497
"2019-09-04 15:42:28",497
"2019-09-04 16:42:35",496
"2019-09-04 17:42:27",495
"2019-09-04 18:42:30",494
"2019-09-04 19:42:28",495
"2019-09-04 20:42:28",496
"2019-09-04 21:42:27",496
"2019-09-04 22:42:27",496
"2019-09-04 23:42:30",496
"2019-09-05 01:42:28",496
"2019-09-05 02:42:33",496
"2019-09-05 03:42:26",496
"2019-09-05 04:42:28",496
"2019-09-05 05:42:35",496
"2019-09-05 06:42:26",496
"2019-09-05 07:42:31",496
"2019-09-05 08:42:28",496
"2019-09-05 09:42:26",496
"2019-09-05 10:42:33",496
"2019-09-05 11:42:27",496
"2019-09-05 13:06:32",496
"2019-09-05 13:42:28",496
"2019-09-05 14:42:31",494
"2019-09-05 15:42:28",491
"2019-09-05 16:42:39",491
"2019-09-05 17:42:29",491
"2019-09-05 18:42:27",491
"2019-09-05 19:42:26",492
"2019-09-05 20:42:30",489
"2019-09-05 21:42:28",489
"2019-09-05 22:42:29",489
"2019-09-05 23:42:30",489
"2019-09-06 00:42:29",489
"2019-09-06 01:42:29",489
"2019-09-06 02:42:28",489
"2019-09-06 03:42:26",489
"2019-09-06 04:42:27",489
"2019-09-06 05:42:39",489
"2019-09-06 06:42:28",489
"2019-09-06 07:42:30",489
"2019-09-06 08:42:27",489
"2019-09-06 09:42:29",489
"2019-09-06 10:42:28",489
"2019-09-06 11:42:40",489
"2019-09-06 13:05:33",489
"2019-09-06 13:42:28",489
"2019-09-06 14:42:26",490
"2019-09-06 15:42:27",492
"2019-09-06 16:42:37",492
"2019-09-06 17:42:28",492
"2019-09-06 18:42:30",489
"2019-09-06 19:42:27",489
"2019-09-06 20:42:28",489
"2019-09-06 21:42:28",490
"2019-09-06 22:42:28",491
"2019-09-06 23:42:27",491
"2019-09-07 00:42:27",491
"2019-09-07 01:42:30",491
"2019-09-07 02:42:29",491
"2019-09-07 03:42:29",491
"2019-09-07 04:42:28",491
"2019-09-07 05:42:49",491
"2019-09-07 06:42:28",491
"2019-09-07 07:42:26",491
"2019-09-07 08:42:27",491
"2019-09-07 09:42:27",491
"2019-09-07 10:42:30",491
"2019-09-07 11:42:27",491
"2019-09-07 12:42:26",491
"2019-09-07 13:42:29",491
"2019-09-07 14:42:29",491
"2019-09-07 15:42:28",491
"2019-09-07 16:42:28",491
"2019-09-07 17:42:28",491
"2019-09-07 18:42:27",491
"2019-09-07 19:42:26",491
"2019-09-07 20:42:27",491
"2019-09-07 22:42:26",491
"2019-09-07 23:42:29",491
"2019-09-08 00:42:29",491
"2019-09-08 01:42:30",491
"2019-09-08 02:42:32",491
"2019-09-08 03:42:29",491
"2019-09-08 04:42:28",491
"2019-09-08 05:42:30",491
"2019-09-08 06:42:28",491
"2019-09-08 07:42:27",491
"2019-09-08 08:42:28",491
"2019-09-08 09:42:27",491
"2019-09-08 10:42:31",491
"2019-09-08 11:42:27",491
"2019-09-08 12:42:27",491
"2019-09-08 13:42:29",491
"2019-09-08 14:42:28",491
"2019-09-08 15:42:27",491
"2019-09-08 16:42:33",491
"2019-09-08 17:42:28",491
"2019-09-08 18:42:28",491
"2019-09-08 19:42:33",491
"2019-09-08 20:42:30",491
"2019-09-08 21:42:28",491
"2019-09-08 22:42:27",491
"2019-09-08 23:42:27",491
"2019-09-09 00:42:27",491
"2019-09-09 01:42:27",491
"2019-09-09 02:42:29",491
"2019-09-09 03:42:28",491
"2019-09-09 04:42:27",491
"2019-09-09 05:42:36",491
"2019-09-09 06:42:27",491
"2019-09-09 07:42:28",491
"2019-09-09 08:42:28",491
"2019-09-09 09:42:26",491
"2019-09-09 10:42:27",491
"2019-09-09 11:42:28",491
"2019-09-09 13:05:33",491
"2019-09-09 13:42:31",491
"2019-09-09 14:42:34",491
"2019-09-09 15:42:29",490
"2019-09-09 16:42:39",490
"2019-09-09 17:42:27",492
"2019-09-09 18:42:28",493
"2019-09-09 19:42:28",492
"2019-09-09 20:42:27",492
"2019-09-09 21:42:28",492
"2019-09-09 22:42:26",492
"2019-09-09 23:42:28",492
"2019-09-10 00:42:28",492
"2019-09-10 01:42:28",492
"2019-09-10 02:42:31",492
"2019-09-10 03:42:29",492
"2019-09-10 04:42:29",492
"2019-09-10 05:42:30",492
"2019-09-10 06:42:28",492
"2019-09-10 07:42:26",492
"2019-09-10 08:42:29",492
"2019-09-10 09:42:38",492
"2019-09-10 10:42:28",492
"2019-09-10 11:42:27",492
"2019-09-10 12:42:29",492
"2019-09-10 13:42:28",492
"2019-09-10 14:42:27",492
"2019-09-10 15:42:27",496
"2019-09-10 16:42:31",496
"2019-09-10 17:42:28",496
"2019-09-10 18:42:28",496
"2019-09-10 19:42:34",498
"2019-09-10 20:42:26",498
"2019-09-10 21:42:28",498
"2019-09-10 22:42:27",498
"2019-09-10 23:42:28",498
"2019-09-11 00:42:27",498
"2019-09-11 01:42:28",498
"2019-09-11 02:42:27",498
"2019-09-11 03:42:26",498
"2019-09-11 04:42:27",498
"2019-09-11 05:42:33",498
"2019-09-11 06:42:29",498
"2019-09-11 07:42:26",498
"2019-09-11 08:42:27",498
"2019-09-11 09:42:30",498
"2019-09-11 10:42:38",498
"2019-09-11 11:42:33",498
"2019-09-11 12:42:28",498
"2019-09-11 13:42:30",498
"2019-09-11 14:42:28",500
"2019-09-11 15:42:27",501
"2019-09-11 16:42:29",501
"2019-09-11 17:42:26",502
"2019-09-11 18:42:27",502
"2019-09-11 19:42:28",501
"2019-09-11 20:42:27",502
"2019-09-11 21:42:33",502
"2019-09-11 22:42:27",503
"2019-09-11 23:42:27",503
"2019-09-12 00:42:28",503
"2019-09-12 01:42:28",503
"2019-09-12 02:42:34",503
"2019-09-12 03:42:28",503
"2019-09-12 04:42:26",503
"2019-09-12 05:42:37",503
"2019-09-12 06:42:28",503
"2019-09-12 07:42:27",503
"2019-09-12 08:42:26",503
"2019-09-12 09:42:26",503
"2019-09-12 10:42:38",503
"2019-09-12 11:42:29",503
"2019-09-12 13:06:34",503
"2019-09-12 13:42:29",503
"2019-09-12 14:42:31",506
"2019-09-12 15:42:30",504
"2019-09-12 16:42:29",504
"2019-09-12 17:42:27",504
"2019-09-12 18:42:27",501
"2019-09-12 19:42:27",500
"2019-09-12 20:42:26",500
"2019-09-12 21:42:25",500
"2019-09-12 22:42:27",500
"2019-09-12 23:42:27",500
"2019-09-13 00:42:27",500
"2019-09-13 01:42:29",500
"2019-09-13 02:42:27",500
"2019-09-13 03:42:28",500
"2019-09-13 04:42:26",500
"2019-09-13 05:42:27",500
"2019-09-13 06:42:28",500
"2019-09-13 07:42:26",500
"2019-09-13 08:42:28",500
"2019-09-13 09:42:27",500
"2019-09-13 10:42:28",500
"2019-09-13 11:42:26",500
"2019-09-13 13:06:30",500
"2019-09-13 14:07:32",499
"2019-09-13 14:42:27",499
"2019-09-13 15:42:27",499
"2019-09-13 16:42:27",499
"2019-09-13 17:42:26",499
"2019-09-13 18:42:26",498
"2019-09-13 19:42:27",499
"2019-09-13 20:42:24",498
"2019-09-13 21:42:30",498
"2019-09-13 22:42:25",498
"2019-09-13 23:42:26",498
"2019-09-14 00:42:29",498
"2019-09-14 01:42:24",498
"2019-09-14 02:42:27",498
"2019-09-14 03:42:27",498
"2019-09-14 04:42:24",498
"2019-09-14 05:42:26",498
"2019-09-14 06:42:26",498
"2019-09-14 07:42:26",498
"2019-09-14 08:42:26",498
"2019-09-14 09:42:24",498
"2019-09-14 10:42:27",498
"2019-09-14 11:42:23",498
"2019-09-14 12:42:26",498
"2019-09-14 13:42:24",498
"2019-09-14 14:42:26",498
"2019-09-14 15:42:24",498
"2019-09-14 16:42:27",498
"2019-09-14 17:42:27",498
"2019-09-14 18:42:24",498
"2019-09-14 19:42:25",498
"2019-09-14 20:42:24",498
"2019-09-14 21:42:28",498
"2019-09-14 22:42:26",498
"2019-09-14 23:42:27",498
"2019-09-15 00:42:27",498
"2019-09-15 01:42:24",498
"2019-09-15 02:42:28",498
"2019-09-15 03:42:28",498
"2019-09-15 04:42:26",498
"2019-09-15 05:42:24",498
"2019-09-15 06:42:29",498
"2019-09-15 07:42:28",498
"2019-09-15 08:42:28",498
"2019-09-15 09:42:26",498
"2019-09-15 10:42:26",498
"2019-09-15 11:42:27",498
"2019-09-15 12:42:28",498
"2019-09-15 13:42:27",498
"2019-09-15 14:42:26",498
"2019-09-15 15:42:24",498
"2019-09-15 16:42:28",498
"2019-09-15 17:42:23",498
"2019-09-15 18:42:25",498
"2019-09-15 19:42:25",498
"2019-09-15 20:42:25",498
"2019-09-15 21:42:27",498
"2019-09-15 22:42:25",498
"2019-09-15 23:42:25",498
"2019-09-16 00:42:27",498
"2019-09-16 01:42:25",498
"2019-09-16 02:42:27",498
"2019-09-16 03:42:28",498
"2019-09-16 04:42:25",498
"2019-09-16 05:42:27",498
"2019-09-16 06:42:28",498
"2019-09-16 07:42:25",498
"2019-09-16 08:42:27",498
"2019-09-16 09:42:27",498
"2019-09-16 10:42:26",498
"2019-09-16 11:42:24",498
"2019-09-16 13:06:01",498
"2019-09-16 13:42:27",498
"2019-09-16 14:42:30",497
"2019-09-16 15:42:28",499
"2019-09-16 16:42:30",496
"2019-09-16 17:42:27",496
"2019-09-16 18:42:28",497
"2019-09-16 19:42:35",497
"2019-09-16 20:42:31",497
"2019-09-16 21:42:29",497
"2019-09-16 22:42:30",497
"2019-09-16 23:42:29",497
"2019-09-17 00:42:28",497
"2019-09-17 01:42:26",497
"2019-09-17 02:42:29",497
"2019-09-17 03:42:30",497
"2019-09-17 04:42:27",497
"2019-09-17 05:42:27",497
"2019-09-17 06:42:25",497
"2019-09-17 07:42:28",497
"2019-09-17 08:42:26",497
"2019-09-17 09:42:30",497
"2019-09-17 10:42:29",497
"2019-09-17 11:42:27",497
"2019-09-17 12:42:27",497
"2019-09-17 13:42:29",497
"2019-09-17 14:42:28",494
"2019-09-17 15:42:28",492
"2019-09-17 16:42:30",495
"2019-09-17 17:42:27",496
"2019-09-17 18:42:28",494
"2019-09-17 19:42:27",495
"2019-09-17 20:42:27",496
"2019-09-17 21:42:27",496
"2019-09-17 22:42:30",496
"2019-09-17 23:42:28",496
"2019-09-18 00:42:27",496
"2019-09-18 01:42:27",496
"2019-09-18 02:42:26",496
"2019-09-18 03:42:27",496
"2019-09-18 04:42:34",496
"2019-09-18 05:42:27",496
"2019-09-18 06:42:29",496
"2019-09-18 07:42:26",496
"2019-09-18 08:42:29",496
"2019-09-18 09:42:28",496
"2019-09-18 10:42:27",496
"2019-09-18 11:42:26",496
"2019-09-18 13:37:36",498
"2019-09-18 13:44:52",498
"2019-09-18 14:42:28",496
"2019-09-18 15:42:29",500
"2019-09-18 16:42:31",506
"2019-09-18 17:42:26",506
"2019-09-18 18:42:26",508
"2019-09-18 19:42:29",508
"2019-09-18 20:42:27",511
"2019-09-18 21:42:27",511
"2019-09-18 22:42:28",511
"2019-09-18 23:42:30",511
"2019-09-19 00:42:25",511
"2019-09-19 01:42:27",511
"2019-09-19 02:42:30",511
"2019-09-19 03:42:28",511
"2019-09-19 04:42:26",511
"2019-09-19 05:42:28",511
"2019-09-19 06:42:30",511
"2019-09-19 07:42:25",511
"2019-09-19 08:42:28",511
"2019-09-19 09:42:27",511
"2019-09-19 10:42:28",511
"2019-09-19 11:42:25",511
"2019-09-19 13:06:02",511
"2019-09-19 13:42:30",511
"2019-09-19 14:42:26",513
"2019-09-19 15:42:28",512
"2019-09-19 16:42:32",513
"2019-09-19 17:42:28",512
"2019-09-19 18:42:28",510
"2019-09-19 19:42:25",514
"2019-09-19 20:42:29",514
"2019-09-19 21:42:26",515
"2019-09-19 22:42:29",515
"2019-09-19 23:42:26",515
"2019-09-20 00:42:29",515
"2019-09-20 01:42:34",515
"2019-09-20 02:42:26",515
"2019-09-20 03:42:29",515
"2019-09-20 04:42:28",515
"2019-09-20 05:42:29",515
"2019-09-20 06:42:27",515
"2019-09-20 07:42:27",515
"2019-09-20 08:42:29",515
"2019-09-20 09:42:26",515
"2019-09-20 10:42:26",515
"2019-09-20 11:42:28",515
"2019-09-20 12:42:29",515
"2019-09-20 13:42:24",515
"2019-09-20 14:42:28",516
"2019-09-20 15:42:29",516
"2019-09-20 16:42:28",519
"2019-09-20 17:42:32",519
"2019-09-20 18:42:27",518
"2019-09-20 19:42:30",519
"2019-09-20 20:42:25",517
"2019-09-20 21:42:27",517
"2019-09-20 22:42:29",517
"2019-09-20 23:42:25",517
"2019-09-21 00:42:25",517
"2019-09-21 01:42:26",517
"2019-09-21 02:42:28",517
"2019-09-21 03:42:30",517
"2019-09-21 04:42:24",517
"2019-09-21 05:42:28",517
"2019-09-21 06:42:28",517
"2019-09-21 07:42:25",517
"2019-09-21 08:42:25",517
"2019-09-21 09:42:27",517
"2019-09-21 10:42:25",517
"2019-09-21 11:42:27",517
"2019-09-21 12:42:29",517
"2019-09-21 13:42:28",517
"2019-09-21 14:42:26",517
"2019-09-21 15:42:25",517
"2019-09-21 16:42:29",517
"2019-09-21 17:42:27",517
"2019-09-21 18:42:26",517
"2019-09-21 19:42:26",517
"2019-09-21 20:42:26",517
"2019-09-21 21:42:26",517
"2019-09-21 22:42:26",517
"2019-09-21 23:42:28",517
"2019-09-22 00:42:25",517
"2019-09-22 01:42:26",517
"2019-09-22 02:42:27",517
"2019-09-22 03:42:26",517
"2019-09-22 04:42:28",517
"2019-09-22 05:42:26",517
"2019-09-22 06:42:28",517
"2019-09-22 07:42:29",517
"2019-09-22 08:42:26",517
"2019-09-22 09:42:28",517
"2019-09-22 10:42:26",517
"2019-09-22 11:42:25",517
"2019-09-22 12:42:27",517
"2019-09-22 13:42:26",517
"2019-09-22 14:42:29",517
"2019-09-22 15:42:25",517
"2019-09-22 16:42:29",517
"2019-09-22 17:42:26",517
"2019-09-22 18:42:26",517
"2019-09-22 19:42:28",517
"2019-09-22 20:42:25",517
"2019-09-22 21:42:26",517
"2019-09-22 22:42:25",517
"2019-09-22 23:42:26",517
"2019-09-23 00:42:28",517
"2019-09-23 01:42:25",517
"2019-09-23 02:42:25",517
"2019-09-23 03:42:28",517
"2019-09-23 04:42:26",517
"2019-09-23 05:42:25",517
"2019-09-23 06:42:28",517
"2019-09-23 07:42:26",517
"2019-09-23 08:42:28",517
"2019-09-23 09:42:26",517
"2019-09-23 10:42:27",517
"2019-09-23 11:42:29",517
"2019-09-23 12:42:28",517
"2019-09-23 13:42:26",517
"2019-09-23 14:42:29",514
"2019-09-23 15:42:25",515
"2019-09-23 16:42:28",515
"2019-09-23 17:42:26",515
"2019-09-23 18:42:29",514
"2019-09-23 19:42:26",515
"2019-09-23 20:42:26",512
"2019-09-23 21:42:27",512
"2019-09-23 22:42:28",512
"2019-09-23 23:42:25",512
"2019-09-24 00:42:27",512
"2019-09-24 01:42:26",512
"2019-09-24 02:46:03",512
"2019-09-24 03:42:28",512
"2019-09-24 04:42:26",512
"2019-09-24 05:42:31",512
"2019-09-24 06:42:25",512
"2019-09-24 07:42:27",512
"2019-09-24 08:42:28",512
"2019-09-24 09:42:25",512
"2019-09-24 10:42:27",512
"2019-09-24 11:42:28",512
"2019-09-24 12:42:28",512
"2019-09-24 13:42:26",512
"2019-09-24 14:42:27",515
"2019-09-24 15:42:29",519
"2019-09-24 16:42:28",517
"2019-09-24 17:42:28",518
"2019-09-24 18:42:29",518
"2019-09-24 19:42:25",517
"2019-09-24 20:42:27",517
"2019-09-24 21:42:29",517
"2019-09-24 22:42:26",517
"2019-09-24 23:42:25",517
"2019-09-25 00:42:28",517
"2019-09-25 01:42:30",517
"2019-09-25 02:42:24",517
"2019-09-25 03:42:30",517
"2019-09-25 04:42:29",517
"2019-09-25 05:42:25",517
"2019-09-25 06:42:28",517
"2019-09-25 07:42:30",517
"2019-09-25 08:42:27",517
"2019-09-25 09:42:28",517
"2019-09-25 10:42:28",517
"2019-09-25 11:42:26",517
"2019-09-25 12:42:29",517
"2019-09-25 13:42:30",517
"2019-09-25 14:42:30",510
"2019-09-25 15:42:30",509
"2019-09-25 16:42:28",509
"2019-09-25 17:42:28",509
"2019-09-25 18:42:28",510
"2019-09-25 19:42:30",509
"2019-09-25 20:42:26",508
"2019-09-25 21:42:27",508
"2019-09-25 22:42:26",508
"2019-09-25 23:42:30",508
"2019-09-26 00:42:27",508
"2019-09-26 01:42:27",508
"2019-09-26 02:42:29",508
"2019-09-26 03:42:27",508
"2019-09-26 04:42:31",508
"2019-09-26 05:42:29",508
"2019-09-26 06:42:28",508
"2019-09-26 07:42:26",508
"2019-09-26 08:42:28",508
"2019-09-26 09:42:28",508
"2019-09-26 10:42:26",508
"2019-09-26 11:42:26",508
"2019-09-26 13:05:33",508
"2019-09-26 13:42:33",508
"2019-09-26 14:42:28",510
"2019-09-26 15:42:30",507
"2019-09-26 16:42:30",507
"2019-09-26 17:42:30",508
"2019-09-26 18:42:32",508
"2019-09-26 19:42:29",508
"2019-09-26 20:42:27",509
"2019-09-26 21:42:30",509
"2019-09-26 22:42:29",509
"2019-09-26 23:42:28",509
"2019-09-27 00:42:29",509
"2019-09-27 01:42:25",509
"2019-09-27 02:42:34",509
"2019-09-27 03:42:28",509
"2019-09-27 04:42:27",509
"2019-09-27 05:42:28",509
"2019-09-27 06:42:29",509
"2019-09-27 07:42:31",509
"2019-09-27 08:42:27",509
"2019-09-27 09:42:27",509
"2019-09-27 10:42:29",509
"2019-09-27 11:42:27",509
"2019-09-27 13:06:33",509
"2019-09-27 13:42:31",509
"2019-09-27 14:42:29",508
"2019-09-27 15:42:29",508
"2019-09-27 16:42:29",508
"2019-09-27 17:42:28",506
"2019-09-27 18:42:25",506
"2019-09-27 19:42:29",506
"2019-09-27 20:42:24",505
"2019-09-27 21:42:26",505
"2019-09-27 22:42:31",505
"2019-09-27 23:42:28",505
"2019-09-28 00:42:27",505
"2019-09-28 01:42:29",505
"2019-09-28 02:42:28",505
"2019-09-28 03:42:28",505
"2019-09-28 04:42:28",505
"2019-09-28 05:42:30",505
"2019-09-28 06:42:25",505
"2019-09-28 07:42:29",505
"2019-09-28 08:42:27",505
"2019-09-28 09:42:28",505
"2019-09-28 10:42:25",505
"2019-09-28 11:42:27",505
"2019-09-28 12:42:28",505
"2019-09-28 13:42:30",505
"2019-09-28 14:42:26",505
"2019-09-28 15:42:25",505
"2019-09-28 16:42:30",505
"2019-09-28 17:42:29",505
"2019-09-28 18:42:25",505
"2019-09-28 19:42:26",505
"2019-09-28 20:42:28",505
"2019-09-28 21:42:26",505
"2019-09-28 22:42:28",505
"2019-09-28 23:42:25",505
"2019-09-29 00:42:26",505
"2019-09-29 01:42:28",505
"2019-09-29 02:42:28",505
"2019-09-29 03:42:29",505
"2019-09-29 04:42:27",505
"2019-09-29 05:42:29",505
"2019-09-29 06:42:25",505
"2019-09-29 07:42:27",505
"2019-09-29 08:42:26",505
"2019-09-29 09:42:27",505
"2019-09-29 10:42:25",505
"2019-09-29 11:42:27",505
"2019-09-29 12:42:27",505
"2019-09-29 13:42:26",505
"2019-09-29 14:42:27",505
"2019-09-29 15:42:25",505
"2019-09-29 16:42:28",505
"2019-09-29 17:42:31",505
"2019-09-29 18:42:26",505
"2019-09-29 19:42:31",505
"2019-09-29 20:42:29",505
"2019-09-29 21:42:26",505
"2019-09-29 22:42:27",505
"2019-09-29 23:42:29",505
"2019-09-30 00:42:24",505
"2019-09-30 01:42:28",505
"2019-09-30 02:42:26",505
"2019-09-30 03:42:28",505
"2019-09-30 04:42:26",505
"2019-09-30 05:42:28",505
"2019-09-30 06:42:26",505
"2019-09-30 07:42:30",505
"2019-09-30 08:42:27",505
"2019-09-30 09:42:27",505
"2019-09-30 10:42:25",505
"2019-09-30 11:42:26",505
"2019-09-30 12:42:29",505
"2019-09-30 13:42:27",506
"2019-09-30 14:42:31",505
"2019-09-30 15:42:28",504
"2019-09-30 16:42:34",504
"2019-09-30 17:42:28",504
"2019-09-30 18:42:31",504
"2019-09-30 19:42:27",502
"2019-09-30 20:42:26",501
"2019-09-30 21:42:28",501
"2019-09-30 22:42:26",501
"2019-09-30 23:42:29",501
"2019-10-01 00:42:28",501
"2019-10-01 01:42:26",501
"2019-10-01 02:42:27",501
"2019-10-01 03:42:29",501
"2019-10-01 04:42:25",501
"2019-10-01 05:42:26",501
"2019-10-01 06:42:27",501
"2019-10-01 07:42:29",501
"2019-10-01 08:42:26",501
"2019-10-01 09:42:32",501
"2019-10-01 10:42:27",501
"2019-10-01 11:42:26",501
"2019-10-01 13:05:31",501
"2019-10-01 13:42:28",501
"2019-10-01 14:42:26",502
"2019-10-01 15:42:26",501
"2019-10-01 16:42:29",500
"2019-10-01 17:42:25",500
"2019-10-01 18:42:27",500
"2019-10-01 19:42:27",501
"2019-10-01 20:42:25",499
"2019-10-01 21:42:26",499
"2019-10-01 22:42:27",499
"2019-10-01 23:42:26",499
"2019-10-02 00:42:36",499
"2019-10-02 01:42:26",499
"2019-10-02 02:42:25",499
"2019-10-02 03:42:27",499
"2019-10-02 04:42:29",499
"2019-10-02 05:42:28",499
"2019-10-02 06:42:25",499
"2019-10-02 07:42:25",499
"2019-10-02 08:42:25",499
"2019-10-02 09:42:28",499
"2019-10-02 10:42:24",499
"2019-10-02 11:42:25",499
"2019-10-02 13:06:02",499
"2019-10-02 13:42:28",499
"2019-10-02 14:42:27",502
"2019-10-02 15:42:29",504
"2019-10-02 16:42:25",504
"2019-10-02 17:42:26",503
"2019-10-02 18:42:27",504
"2019-10-02 19:42:27",504
"2019-10-02 20:42:27",504
"2019-10-02 21:42:27",504
"2019-10-02 22:42:29",504
"2019-10-02 23:42:25",504
"2019-10-03 00:42:25",504
"2019-10-03 01:42:26",504
"2019-10-03 02:42:26",504
"2019-10-03 03:42:27",504
"2019-10-03 04:42:27",504
"2019-10-03 06:42:26",504
"2019-10-03 07:42:28",504
"2019-10-03 08:42:27",504
"2019-10-03 09:42:27",504
"2019-10-03 10:42:29",504
"2019-10-03 11:42:26",504
"2019-10-03 13:05:59",504
"2019-10-03 13:43:10",504
"2019-10-03 14:42:29",500
"2019-10-03 15:42:25",500
"2019-10-03 16:42:26",500
"2019-10-03 17:42:27",500
"2019-10-03 18:42:28",500
"2019-10-03 19:42:27",499
"2019-10-03 20:42:26",500
"2019-10-03 21:42:27",500
"2019-10-03 22:42:27",500
"2019-10-03 23:42:29",500
"2019-10-04 00:42:26",500
"2019-10-04 01:42:26",500
"2019-10-04 02:42:25",500
"2019-10-04 03:42:26",500
"2019-10-04 04:42:26",500
"2019-10-04 05:42:30",500
"2019-10-04 06:42:29",500
"2019-10-04 07:42:26",500
"2019-10-04 08:42:27",500
"2019-10-04 09:42:26",500
"2019-10-04 10:42:28",500
"2019-10-04 11:42:26",500
"2019-10-04 12:42:27",500
"2019-10-04 13:42:29",500
"2019-10-04 14:42:25",499
"2019-10-04 15:42:26",498
"2019-10-04 16:42:29",497
"2019-10-04 17:42:26",497
"2019-10-04 18:42:27",497
"2019-10-04 19:42:27",497
"2019-10-04 20:42:27",497
"2019-10-04 21:42:27",497
"2019-10-04 22:42:25",497
"2019-10-04 23:42:26",497
"2019-10-05 00:42:28",497
"2019-10-05 01:42:26",497
"2019-10-05 02:42:26",497
"2019-10-05 03:42:25",497
"2019-10-05 04:42:25",497
"2019-10-05 05:42:30",497
"2019-10-05 06:42:25",497
"2019-10-05 07:42:26",497
"2019-10-05 08:42:28",497
"2019-10-05 09:42:26",497
"2019-10-05 10:42:26",497
"2019-10-05 11:42:26",497
"2019-10-05 12:42:27",497
"2019-10-05 13:42:27",497
"2019-10-05 14:42:26",497
"2019-10-05 15:42:26",497
"2019-10-05 16:42:27",497
"2019-10-05 17:42:30",497
"2019-10-05 18:42:27",497
"2019-10-05 19:42:26",497
"2019-10-05 20:42:28",497
"2019-10-05 21:42:26",497
"2019-10-05 22:42:26",497
"2019-10-05 23:42:27",497
"2019-10-06 00:42:26",497
"2019-10-06 01:42:27",497
"2019-10-06 02:42:31",497
"2019-10-06 03:42:28",497
"2019-10-06 04:42:26",497
"2019-10-06 05:42:26",497
"2019-10-06 06:42:30",497
"2019-10-06 07:42:27",497
"2019-10-06 08:42:29",497
"2019-10-06 09:42:27",497
"2019-10-06 10:42:27",497
"2019-10-06 11:42:27",497
"2019-10-06 12:42:28",497
"2019-10-06 13:42:26",497
"2019-10-06 14:42:28",497
"2019-10-06 15:42:25",497
"2019-10-06 16:42:26",497
"2019-10-06 17:42:26",497
"2019-10-06 18:42:29",497
"2019-10-06 19:42:28",497
"2019-10-06 20:42:25",497
"2019-10-06 21:42:25",497
"2019-10-06 22:42:25",497
"2019-10-06 23:42:25",497
"2019-10-07 00:42:26",497
"2019-10-07 01:42:27",497
"2019-10-07 02:42:28",497
"2019-10-07 03:42:26",497
"2019-10-07 04:42:26",497
"2019-10-07 05:42:26",497
"2019-10-07 06:42:27",497
"2019-10-07 07:42:26",497
"2019-10-07 08:42:26",497
"2019-10-07 09:42:31",497
"2019-10-07 10:42:27",497
"2019-10-07 11:42:26",497
"2019-10-07 12:42:32",497
"2019-10-07 13:42:28",497
"2019-10-07 14:42:26",495
"2019-10-07 15:42:27",495
"2019-10-07 16:42:28",495
"2019-10-07 17:42:26",497
"2019-10-07 18:42:27",499
"2019-10-07 19:42:28",499
"2019-10-07 20:42:26",500
"2019-10-07 21:42:26",499
"2019-10-07 22:42:26",499
"2019-10-07 23:42:29",499
"2019-10-08 00:42:26",499
"2019-10-08 01:42:26",499
"2019-10-08 02:42:26",499
"2019-10-08 03:42:29",499
"2019-10-08 04:42:26",499
"2019-10-08 05:42:26",499
"2019-10-08 06:42:27",499
"2019-10-08 07:42:26",499
"2019-10-08 08:42:26",499
"2019-10-08 09:42:27",499
"2019-10-08 10:42:28",499
"2019-10-08 11:42:25",499
"2019-10-08 12:42:26",499
"2019-10-08 13:42:28",499
"2019-10-08 14:42:25",498
"2019-10-08 15:42:26",500
"2019-10-08 16:42:29",500
"2019-10-08 17:42:29",499
"2019-10-08 18:42:28",502
"2019-10-08 19:42:28",501
"2019-10-08 20:42:26",501
"2019-10-08 21:42:26",501
"2019-10-08 22:42:27",501
"2019-10-08 23:42:27",501
"2019-10-09 00:42:26",501
"2019-10-09 01:42:27",501
"2019-10-09 02:42:27",501
"2019-10-09 03:42:25",501
"2019-10-09 04:42:28",501
"2019-10-09 05:42:26",501
"2019-10-09 06:42:27",501
"2019-10-09 07:42:30",501
"2019-10-09 08:42:27",501
"2019-10-09 09:42:25",501
"2019-10-09 10:42:27",501
"2019-10-09 11:42:26",501
"2019-10-09 12:42:31",501
"2019-10-09 13:42:27",501
"2019-10-09 14:42:27",500
"2019-10-09 15:42:32",500
"2019-10-09 16:42:28",500
"2019-10-09 17:42:33",500
"2019-10-09 18:42:29",499
"2019-10-09 19:42:30",499
"2019-10-09 20:42:27",500
"2019-10-09 21:42:26",500
"2019-10-09 22:42:27",500
"2019-10-09 23:42:27",500
"2019-10-10 00:42:28",500
"2019-10-10 01:42:26",500
"2019-10-10 02:42:28",500
"2019-10-10 03:42:26",500
"2019-10-10 04:42:26",500
"2019-10-10 05:42:31",500
"2019-10-10 06:42:27",500
"2019-10-10 07:42:29",500
"2019-10-10 08:42:27",500
"2019-10-10 09:42:26",500
"2019-10-10 10:42:26",500
"2019-10-10 11:42:28",500
"2019-10-10 13:05:33",500
"2019-10-10 13:42:28",500
"2019-10-10 14:42:27",501
"2019-10-10 15:42:27",499
"2019-10-10 16:42:27",499
"2019-10-10 17:42:27",499
"2019-10-10 18:42:26",500
"2019-10-10 19:42:28",501
"2019-10-10 20:42:27",502
"2019-10-10 21:42:28",502
"2019-10-10 22:42:27",502
"2019-10-10 23:42:39",502
"2019-10-11 00:42:28",502
"2019-10-11 01:42:27",502
"2019-10-11 02:42:28",502
"2019-10-11 03:42:31",502
"2019-10-11 04:42:27",502
"2019-10-11 05:42:27",502
"2019-10-11 06:42:29",502
"2019-10-11 07:42:28",502
"2019-10-11 08:42:27",502
"2019-10-11 09:42:31",502
"2019-10-11 10:42:27",502
"2019-10-11 11:42:27",502
"2019-10-11 13:06:02",502
"2019-10-11 13:42:29",502
"2019-10-11 14:42:27",500
"2019-10-11 15:42:33",500
"2019-10-11 16:42:29",500
"2019-10-11 17:42:27",500
"2019-10-11 18:42:28",499
"2019-10-11 19:42:28",499
"2019-10-11 20:42:27",499
"2019-10-11 21:42:27",499
"2019-10-11 22:42:27",499
"2019-10-11 23:42:27",499
"2019-10-12 00:42:29",499
"2019-10-12 01:42:26",499
"2019-10-12 02:42:27",499
"2019-10-12 03:42:29",499
"2019-10-12 04:42:26",499
"2019-10-12 05:42:29",499
"2019-10-12 06:42:31",499
"2019-10-12 07:42:26",499
"2019-10-12 08:42:27",499
"2019-10-12 09:42:30",499
"2019-10-12 10:42:26",499
"2019-10-12 11:42:26",499
"2019-10-12 12:42:30",499
"2019-10-12 13:42:27",499
"2019-10-12 14:42:27",499
"2019-10-12 15:42:27",499
"2019-10-12 16:42:30",499
"2019-10-12 17:42:29",499
"2019-10-12 18:42:27",499
"2019-10-12 19:42:28",499
"2019-10-12 20:42:28",499
"2019-10-12 21:42:26",499
"2019-10-12 22:42:28",499
"2019-10-12 23:42:27",499
"2019-10-13 00:42:30",499
"2019-10-13 01:42:27",499
"2019-10-13 02:42:27",499
"2019-10-13 03:42:30",499
"2019-10-13 04:42:26",499
"2019-10-13 05:42:27",499
"2019-10-13 06:42:28",499
"2019-10-13 07:42:27",499
"2019-10-13 08:42:30",499
"2019-10-13 09:42:29",499
"2019-10-13 10:42:25",499
"2019-10-13 11:42:30",499
"2019-10-13 12:42:26",499
"2019-10-13 13:42:30",499
"2019-10-13 14:42:29",499
"2019-10-13 15:42:27",499
"2019-10-13 16:42:32",499
"2019-10-13 17:42:27",499
"2019-10-13 18:42:28",499
"2019-10-13 19:42:28",499
"2019-10-13 20:42:30",499
"2019-10-13 21:42:29",499
"2019-10-13 22:42:28",499
"2019-10-13 23:42:32",499
"2019-10-14 00:42:27",499
"2019-10-14 01:42:29",499
"2019-10-14 02:42:27",499
"2019-10-14 03:42:27",499
"2019-10-14 04:42:29",499
"2019-10-14 05:42:27",499
"2019-10-14 06:42:29",499
"2019-10-14 07:42:27",499
"2019-10-14 08:42:27",499
"2019-10-14 09:42:30",499
"2019-10-14 10:42:28",499
"2019-10-14 11:42:29",499
"2019-10-14 12:42:30",499
"2019-10-14 13:42:28",499
"2019-10-14 14:42:28",501
"2019-10-14 15:42:29",501
"2019-10-14 16:42:32",502
"2019-10-14 17:42:27",502
"2019-10-14 18:42:30",501
"2019-10-14 19:42:27",502
"2019-10-14 20:42:29",503
"2019-10-14 21:42:28",503
"2019-10-14 22:42:29",503
"2019-10-14 23:42:34",503
"2019-10-15 00:42:26",503
"2019-10-15 02:42:32",503
"2019-10-15 03:42:27",503
"2019-10-15 04:42:27",503
"2019-10-15 05:42:30",503
"2019-10-15 06:42:29",503
"2019-10-15 07:42:32",503
"2019-10-15 08:42:29",503
"2019-10-15 09:42:27",503
"2019-10-15 10:42:28",503
"2019-10-15 11:42:30",503
"2019-10-15 12:42:29",503
"2019-10-15 13:42:32",503
"2019-10-15 14:42:28",505
"2019-10-15 15:42:28",506
"2019-10-15 16:42:30",506
"2019-10-15 17:42:30",505
"2019-10-15 18:42:32",506
"2019-10-15 19:42:31",506
"2019-10-15 20:42:35",506
"2019-10-15 21:42:29",506
"2019-10-15 22:42:28",506
"2019-10-15 23:42:28",506
"2019-10-16 00:42:29",506
"2019-10-16 01:42:28",506
"2019-10-16 02:42:29",506
"2019-10-16 03:42:33",506
"2019-10-16 04:42:29",506
"2019-10-16 05:42:29",506
"2019-10-16 06:42:28",506
"2019-10-16 07:42:34",506
"2019-10-16 08:42:35",506
"2019-10-16 09:42:29",506
"2019-10-16 10:42:30",506
"2019-10-16 11:42:28",506
"2019-10-16 12:42:29",506
"2019-10-16 13:42:33",506
"2019-10-16 14:42:28",507
"2019-10-16 15:42:34",508
"2019-10-16 16:42:29",508
"2019-10-16 17:42:28",508
"2019-10-16 18:42:30",508
"2019-10-16 19:42:28",507
"2019-10-16 20:42:29",507
"2019-10-16 21:42:30",507
"2019-10-16 22:42:27",507
"2019-10-16 23:42:29",507
"2019-10-17 00:42:28",507
"2019-10-17 01:42:29",507
"2019-10-17 02:42:29",507
"2019-10-17 04:42:30",507
"2019-10-17 05:42:28",507
"2019-10-17 06:42:28",507
"2019-10-17 07:42:31",507
"2019-10-17 08:42:29",507
"2019-10-17 09:42:28",507
"2019-10-17 10:42:27",507
"2019-10-17 11:42:30",507
"2019-10-17 12:42:28",507
"2019-10-17 13:42:30",507
"2019-10-17 14:42:31",505
"2019-10-17 15:42:28",504
"2019-10-17 16:42:27",504
"2019-10-17 17:42:29",505
"2019-10-17 18:42:29",504
"2019-10-17 19:42:31",503
"2019-10-17 20:42:29",504
"2019-10-17 21:42:28",504
"2019-10-17 22:42:29",504
"2019-10-17 23:42:29",504
"2019-10-18 00:42:28",504
"2019-10-18 01:42:29",504
"2019-10-18 02:42:28",504
"2019-10-18 03:42:31",504
"2019-10-18 04:42:28",504
"2019-10-18 05:42:29",504
"2019-10-18 06:42:32",504
"2019-10-18 07:42:29",504
"2019-10-18 08:42:29",504
"2019-10-18 09:42:30",504
"2019-10-18 10:42:32",504
"2019-10-18 11:42:29",504
"2019-10-18 13:05:03",504
"2019-10-18 13:42:27",504
"2019-10-18 14:42:28",505
"2019-10-18 15:42:31",503
"2019-10-18 16:42:27",502
"2019-10-18 17:42:29",503
"2019-10-18 18:42:28",504
"2019-10-18 19:42:28",503
"2019-10-18 20:42:30",503
"2019-10-18 21:42:28",504
"2019-10-18 22:42:27",504
"2019-10-18 23:42:29",504
"2019-10-19 00:42:28",504
"2019-10-19 01:42:31",504
"2019-10-19 02:42:28",504
"2019-10-19 03:42:28",504
"2019-10-19 04:42:29",504
"2019-10-19 05:42:27",504
"2019-10-19 06:42:31",504
"2019-10-19 07:42:29",504
"2019-10-19 08:42:29",504
"2019-10-19 09:42:29",504
"2019-10-19 10:42:30",504
"2019-10-19 11:42:28",504
"2019-10-19 12:42:31",504
"2019-10-19 13:42:27",504
"2019-10-19 14:42:29",504
"2019-10-19 15:42:29",504
"2019-10-19 16:42:31",504
"2019-10-19 17:42:28",504
"2019-10-19 18:42:27",504
"2019-10-19 19:42:31",504
"2019-10-19 20:42:28",504
"2019-10-19 21:42:27",504
"2019-10-19 22:42:28",504
"2019-10-19 23:42:27",504
"2019-10-20 00:42:28",504
"2019-10-20 01:42:27",504
"2019-10-20 02:42:30",504
"2019-10-20 03:42:28",504
"2019-10-20 04:42:29",504
"2019-10-20 05:42:30",504
"2019-10-20 06:42:29",504
"2019-10-20 07:42:31",504
"2019-10-20 08:42:28",504
"2019-10-20 09:42:28",504
"2019-10-20 10:42:30",504
"2019-10-20 11:42:28",504
"2019-10-20 12:42:30",504
"2019-10-20 13:42:28",504
"2019-10-20 14:42:27",504
"2019-10-20 16:42:30",504
"2019-10-20 17:42:27",504
"2019-10-20 18:42:28",504
"2019-10-20 19:42:27",504
"2019-10-20 20:42:27",504
"2019-10-20 21:42:27",504
"2019-10-20 22:42:27",504
"2019-10-20 23:42:28",504
"2019-10-21 00:42:29",504
"2019-10-21 01:42:30",504
"2019-10-21 02:42:28",504
"2019-10-21 03:42:28",504
"2019-10-21 04:42:27",504
"2019-10-21 05:42:32",504
"2019-10-21 06:42:28",504
"2019-10-21 07:42:29",504
"2019-10-21 08:42:29",504
"2019-10-21 09:42:29",504
"2019-10-21 10:42:28",504
"2019-10-21 11:42:30",504
"2019-10-21 13:06:01",504
"2019-10-21 13:42:33",504
"2019-10-21 14:42:29",504
"2019-10-21 15:42:29",505
"2019-10-21 16:42:29",505
"2019-10-21 17:42:28",506
"2019-10-21 18:42:29",506
"2019-10-21 19:42:29",505
"2019-10-21 20:42:28",504
"2019-10-21 22:42:31",504
"2019-10-21 23:42:28",504
"2019-10-22 00:42:28",504
"2019-10-22 01:42:28",504
"2019-10-22 02:42:31",504
"2019-10-22 03:42:32",504
"2019-10-22 04:42:30",504
"2019-10-22 05:42:29",504
"2019-10-22 06:42:28",504
"2019-10-22 07:42:32",504
"2019-10-22 08:42:29",504
"2019-10-22 09:42:30",504
"2019-10-22 10:42:28",504
"2019-10-22 11:42:27",504
"2019-10-22 12:42:34",504
"2019-10-22 13:42:28",504
"2019-10-22 14:42:28",507
"2019-10-22 15:42:33",507
"2019-10-22 16:42:30",509
"2019-10-22 17:42:32",508
"2019-10-22 18:42:30",508
"2019-10-22 19:42:28",508
"2019-10-22 20:42:30",508
"2019-10-22 21:42:29",508
"2019-10-22 22:42:31",508
"2019-10-22 23:42:30",508
"2019-10-23 00:42:34",508
"2019-10-23 01:42:31",508
"2019-10-23 02:42:29",508
"2019-10-23 03:42:28",508
"2019-10-23 04:42:32",508
"2019-10-23 05:42:30",508
"2019-10-23 06:42:36",508
"2019-10-23 07:42:30",508
"2019-10-23 08:42:29",508
"2019-10-23 09:42:31",508
"2019-10-23 10:42:31",508
"2019-10-23 11:42:28",508
"2019-10-23 12:42:33",508
"2019-10-23 13:42:33",508
"2019-10-23 14:42:28",508
"2019-10-23 15:42:28",508
"2019-10-23 16:42:31",508
"2019-10-23 17:42:28",508
"2019-10-23 18:42:28",506
"2019-10-23 19:42:29",504
"2019-10-23 20:42:30",505
"2019-10-23 21:42:28",505
"2019-10-23 22:42:29",505
"2019-10-23 23:42:29",505
"2019-10-24 00:48:27",505
"2019-10-24 01:42:30",505
"2019-10-24 02:42:30",505
"2019-10-24 03:42:33",505
"2019-10-24 04:42:29",505
"2019-10-24 05:42:32",505
"2019-10-24 06:42:35",505
"2019-10-24 07:42:29",505
"2019-10-24 08:42:29",505
"2019-10-24 09:42:32",505
"2019-10-24 10:42:28",505
"2019-10-24 11:42:28",505
"2019-10-24 13:06:04",505
"2019-10-24 13:42:29",505
"2019-10-24 14:42:28",500
"2019-10-24 15:42:32",500
"2019-10-24 16:42:28",499
"2019-10-24 17:42:29",498
"2019-10-24 18:42:29",499
"2019-10-24 19:42:31",498
"2019-10-24 20:42:28",497
"2019-10-24 21:42:28",497
"2019-10-24 22:42:29",497
"2019-10-24 23:42:29",497
"2019-10-25 00:42:29",497
"2019-10-25 01:42:29",497
"2019-10-25 02:42:32",497
"2019-10-25 03:42:29",497
"2019-10-25 04:42:27",497
"2019-10-25 05:42:30",497
"2019-10-25 06:42:30",497
"2019-10-25 07:42:30",497
"2019-10-25 08:42:31",497
"2019-10-25 09:42:28",497
"2019-10-25 10:42:28",497
"2019-10-25 11:42:34",497
"2019-10-25 13:06:02",497
"2019-10-25 13:42:31",497
"2019-10-25 14:42:33",499
"2019-10-25 15:42:28",499
"2019-10-25 16:42:33",500
"2019-10-25 17:42:29",499
"2019-10-25 18:42:28",499
"2019-10-25 19:42:28",499
"2019-10-25 20:42:28",500
"2019-10-25 21:42:28",500
"2019-10-25 22:42:29",500
"2019-10-25 23:42:29",500
"2019-10-26 00:42:29",500
"2019-10-26 01:42:32",500
"2019-10-26 02:42:29",500
"2019-10-26 03:42:30",500
"2019-10-26 04:42:32",500
"2019-10-26 05:42:28",500
"2019-10-26 06:42:27",500
"2019-10-26 07:42:32",500
"2019-10-26 08:42:28",500
"2019-10-26 09:42:28",500
"2019-10-26 10:42:28",500
"2019-10-26 11:42:31",500
"2019-10-26 12:42:29",500
"2019-10-26 13:42:30",500
"2019-10-26 14:42:31",500
"2019-10-26 15:42:31",500
"2019-10-26 16:42:30",500
"2019-10-26 17:42:30",500
"2019-10-26 18:42:31",500
"2019-10-26 19:42:30",500
"2019-10-26 20:42:30",500
"2019-10-26 21:42:31",500
"2019-10-26 22:42:30",500
"2019-10-26 23:42:29",500
"2019-10-27 00:42:31",500
"2019-10-27 01:42:29",500
"2019-10-27 02:42:31",500
"2019-10-27 03:42:30",500
"2019-10-27 04:42:28",500
"2019-10-27 05:42:33",500
"2019-10-27 06:42:30",500
"2019-10-27 07:42:28",500
"2019-10-27 08:42:29",500
"2019-10-27 09:42:28",500
"2019-10-27 10:42:27",500
"2019-10-27 11:42:28",500
"2019-10-27 12:42:30",500
"2019-10-27 13:42:29",500
"2019-10-27 14:42:28",500
"2019-10-27 15:42:34",500
"2019-10-27 16:42:28",500
"2019-10-27 17:42:29",500
"2019-10-27 18:42:31",500
"2019-10-27 19:42:31",500
"2019-10-27 20:42:32",500
"2019-10-27 21:42:28",500
"2019-10-27 22:42:27",500
"2019-10-27 23:42:28",500
"2019-10-28 00:42:28",500
"2019-10-28 01:42:29",500
"2019-10-28 02:42:28",500
"2019-10-28 03:42:31",500
"2019-10-28 04:42:28",500
"2019-10-28 05:42:28",500
"2019-10-28 06:42:30",500
"2019-10-28 07:42:30",500
"2019-10-28 08:42:29",500
"2019-10-28 09:42:28",500
"2019-10-28 10:42:31",500
"2019-10-28 11:42:26",500
"2019-10-28 12:42:32",500
"2019-10-28 14:42:32",500
"2019-10-28 15:42:37",500
"2019-10-28 16:42:36",499
"2019-10-28 17:42:32",498
"2019-10-28 18:42:32",499
"2019-10-28 19:42:32",499
"2019-10-28 23:42:30",499
"2019-10-29 00:42:30",499
"2019-10-29 01:42:34",499
"2019-10-29 02:42:31",499
"2019-10-29 03:42:34",499
"2019-10-29 04:42:30",499
"2019-10-29 05:42:33",499
"2019-10-29 06:42:32",499
"2019-10-29 07:42:31",499
"2019-10-29 08:42:31",499
"2019-10-29 09:42:29",499
"2019-10-29 10:42:33",499
"2019-10-29 11:42:30",499
"2019-10-29 12:42:30",499
"2019-10-29 13:42:36",499
"2019-10-29 14:42:30",499
"2019-10-29 15:42:32",498
"2019-10-29 16:42:33",498
"2019-10-29 17:42:29",498
"2019-10-29 18:42:32",499
"2019-10-29 19:42:32",499
"2019-10-29 20:42:30",499
"2019-10-29 21:42:32",499
"2019-10-29 22:42:30",499
"2019-10-29 23:42:31",499
"2019-10-30 00:42:35",499
"2019-10-30 01:42:31",499
"2019-10-30 02:42:30",499
"2019-10-30 03:42:31",499
"2019-10-30 04:42:33",499
"2019-10-30 05:42:35",499
"2019-10-30 06:42:31",499
"2019-10-30 07:42:38",499
"2019-10-30 08:42:31",499
"2019-10-30 09:42:32",499
"2019-10-30 10:42:32",499
"2019-10-30 11:42:28",499
"2019-10-30 13:42:32",499
"2019-10-30 14:42:29",499
"2019-10-30 15:42:29",498
"2019-10-30 16:42:30",498
"2019-10-30 17:42:30",498
"2019-10-30 18:42:30",497
"2019-10-30 19:42:29",496
"2019-10-30 20:42:30",495
"2019-10-30 21:42:30",495
"2019-10-30 22:42:29",495
"2019-10-30 23:42:30",495
"2019-10-31 00:42:29",495
"2019-10-31 01:42:31",495
"2019-10-31 02:42:29",495
"2019-10-31 03:42:32",495
"2019-10-31 04:42:30",495
"2019-10-31 05:42:30",495
"2019-10-31 06:42:32",495
"2019-10-31 07:42:31",495
"2019-10-31 08:42:30",495
"2019-10-31 09:42:33",495
"2019-10-31 10:42:30",495
"2019-10-31 11:42:31",495
"2019-10-31 13:07:35",495
"2019-10-31 13:42:32",495
"2019-10-31 14:42:31",495
"2019-10-31 15:42:32",495
"2019-10-31 16:42:31",495
"2019-10-31 17:42:31",495
"2019-10-31 18:42:30",497
"2019-10-31 19:42:30",498
"2019-10-31 20:42:32",497
"2019-10-31 22:05:34",497
"2019-10-31 22:42:34",497
"2019-10-31 23:42:30",497
"2019-11-01 00:42:30",497
"2019-11-01 01:42:30",497
"2019-11-01 02:42:30",497
"2019-11-01 03:42:32",497
"2019-11-01 04:42:30",497
"2019-11-01 05:42:33",497
"2019-11-01 06:42:29",497
"2019-11-01 07:42:34",497
"2019-11-01 08:42:31",497
"2019-11-01 09:42:32",497
"2019-11-01 10:42:32",497
"2019-11-01 11:42:35",497
"2019-11-01 13:38:39",497
"2019-11-01 13:47:57",497
"2019-11-01 14:42:30",497
"2019-11-01 15:42:29",497
"2019-11-01 16:42:33",498
"2019-11-01 17:42:32",498
"2019-11-01 18:42:35",497
"2019-11-01 19:42:30",497
"2019-11-01 20:42:30",497
"2019-11-01 21:42:29",497
"2019-11-01 22:42:29",497
"2019-11-01 23:42:30",497
"2019-11-02 00:42:32",497
"2019-11-02 01:42:30",497
"2019-11-02 02:42:30",497
"2019-11-02 03:42:33",497
"2019-11-02 04:42:30",497
"2019-11-02 05:42:29",497
"2019-11-02 06:42:32",497
"2019-11-02 07:42:29",497
"2019-11-02 08:42:30",497
"2019-11-02 09:42:29",497
"2019-11-02 10:42:33",497
"2019-11-02 11:42:29",497
"2019-11-02 12:42:32",497
"2019-11-02 13:42:31",497
"2019-11-02 14:42:31",497
"2019-11-02 15:42:33",497
"2019-11-02 16:42:29",497
"2019-11-02 17:42:30",497
"2019-11-02 18:42:30",497
"2019-11-02 19:42:29",497
"2019-11-02 20:42:30",497
"2019-11-02 23:42:31",497
"2019-11-03 00:42:29",497
"2019-11-03 01:42:30",497
"2019-11-03 03:42:30",497
"2019-11-03 05:42:31",497
"2019-11-03 06:42:29",497
"2019-11-03 07:42:31",497
"2019-11-03 21:42:32",497
"2019-11-03 22:42:29",497
"2019-11-03 23:42:33",497
"2019-11-04 00:42:29",497
"2019-11-04 01:42:30",497
"2019-11-04 02:42:29",497
"2019-11-04 03:42:29",497
"2019-11-04 04:42:29",497
"2019-11-04 05:42:32",497
"2019-11-04 06:42:30",497
"2019-11-04 07:42:28",497
"2019-11-04 08:42:29",497
"2019-11-04 09:42:31",497
"2019-11-04 10:42:29",497
"2019-11-04 11:42:29",497
"2019-11-04 12:42:29",497
"2019-11-04 14:08:04",497
"2019-11-04 15:42:30",496
"2019-11-04 16:42:31",498
"2019-11-04 17:42:31",498
"2019-11-04 18:42:31",497
"2019-11-04 19:42:33",496
"2019-11-04 20:42:31",497
"2019-11-04 21:42:31",495
"2019-11-04 22:42:31",495
"2019-11-04 23:42:31",494
"2019-11-05 00:42:31",494
"2019-11-05 01:42:31",494
"2019-11-05 02:42:34",494
"2019-11-05 03:42:32",494
"2019-11-05 04:42:30",494
"2019-11-05 05:42:33",494
"2019-11-05 06:42:32",494
"2019-11-05 07:42:31",494
"2019-11-05 08:42:31",494
"2019-11-05 09:42:32",494
"2019-11-05 10:42:30",494
"2019-11-05 11:42:31",494
"2019-11-05 12:42:31",494
"2019-11-05 14:08:04",494
"2019-11-05 14:42:34",494
"2019-11-05 15:42:31",493
"2019-11-05 16:42:31",493
"2019-11-05 17:42:31",493
"2019-11-05 18:42:31",494
"2019-11-05 19:42:32",492
"2019-11-05 20:42:33",492
"2019-11-05 21:42:31",490
"2019-11-05 22:42:31",490
"2019-11-05 23:42:31",490
"2019-11-06 00:42:31",490
"2019-11-06 01:42:31",490
"2019-11-06 02:42:32",490
"2019-11-06 03:42:32",490
"2019-11-06 04:42:34",490
"2019-11-06 05:42:31",490
"2019-11-06 06:42:35",490
"2019-11-06 07:42:30",490
"2019-11-06 08:42:31",490
"2019-11-06 09:42:33",490
"2019-11-06 10:42:33",490
"2019-11-06 11:42:30",490
"2019-11-06 12:42:30",490
"2019-11-06 13:42:31",490
"2019-11-06 14:42:34",490
"2019-11-06 15:42:32",490
"2019-11-06 16:42:32",490
"2019-11-06 17:42:33",490
"2019-11-06 18:42:33",489
"2019-11-06 19:42:32",489
"2019-11-06 20:42:33",489
"2019-11-06 21:42:33",489
"2019-11-06 22:42:32",489
"2019-11-06 23:42:32",489
"2019-11-07 00:42:32",489
"2019-11-07 01:42:31",489
"2019-11-07 02:42:33",489
"2019-11-07 03:42:32",489
"2019-11-07 04:42:34",489
"2019-11-07 05:42:33",489
"2019-11-07 06:42:31",489
"2019-11-07 07:42:32",489
"2019-11-07 08:42:32",489
"2019-11-07 09:42:33",489
"2019-11-07 10:42:30",489
"2019-11-07 11:42:31",489
"2019-11-07 12:42:31",489
"2019-11-07 14:06:33",489
"2019-11-07 14:43:04",489
"2019-11-07 15:42:34",490
"2019-11-07 16:42:33",490
"2019-11-07 17:42:33",490
"2019-11-07 18:42:33",491
"2019-11-07 19:42:34",492
"2019-11-07 21:07:06",492
"2019-11-07 21:42:35",492
"2019-11-07 22:42:36",492
"2019-11-07 23:42:37",492
"2019-11-08 00:42:38",492
"2019-11-08 01:42:36",492
"2019-11-08 02:42:38",492
"2019-11-08 03:42:36",492
"2019-11-08 04:42:36",492
"2019-11-08 05:42:38",492
"2019-11-08 06:42:35",492
"2019-11-08 07:42:36",492
"2019-11-08 08:42:39",492
"2019-11-08 09:42:36",492
"2019-11-08 10:42:36",492
"2019-11-08 11:42:34",492
"2019-11-08 12:42:35",492
"2019-11-08 14:08:11",492
"2019-11-08 14:43:11",492
"2019-11-08 15:42:37",492
"2019-11-08 16:42:37",491
"2019-11-08 17:42:38",491
"2019-11-08 18:42:37",491
"2019-11-08 19:42:39",491
"2019-11-08 20:42:36",491
"2019-11-08 21:42:38",491
"2019-11-08 22:42:37",491
"2019-11-08 23:42:37",491
"2019-11-09 00:42:38",491
"2019-11-09 01:42:38",491
"2019-11-09 02:42:37",491
"2019-11-09 03:42:36",491
"2019-11-09 04:42:39",491
"2019-11-09 05:42:36",491
"2019-11-09 06:42:38",491
"2019-11-09 07:42:38",491
"2019-11-09 08:42:39",491
"2019-11-09 09:42:37",491
"2019-11-09 10:42:36",491
"2019-11-09 11:42:39",491
"2019-11-09 12:42:36",491
"2019-11-09 13:42:36",491
"2019-11-09 14:42:38",491
"2019-11-09 15:42:39",491
"2019-11-09 16:42:37",491
"2019-11-09 17:42:38",491
"2019-11-09 18:42:36",491
"2019-11-09 19:42:38",491
"2019-11-09 20:42:39",491
"2019-11-09 21:42:37",491
"2019-11-09 22:42:39",491
"2019-11-09 23:42:37",491
"2019-11-10 00:42:36",491
"2019-11-10 01:42:38",491
"2019-11-10 02:42:39",491
"2019-11-10 03:42:36",491
"2019-11-10 04:42:37",491
"2019-11-10 05:42:37",491
"2019-11-10 06:42:36",491
"2019-11-10 07:42:35",491
"2019-11-10 08:42:38",491
"2019-11-10 09:42:38",491
"2019-11-10 10:42:35",491
"2019-11-10 11:42:36",491
"2019-11-10 12:42:37",491
"2019-11-10 13:42:36",491
"2019-11-10 14:42:35",491
"2019-11-10 15:42:38",491
"2019-11-10 16:42:37",491
"2019-11-10 17:42:36",491
"2019-11-10 18:42:38",491
"2019-11-10 19:42:35",491
"2019-11-10 20:42:36",491
"2019-11-10 21:42:35",491
"2019-11-10 22:42:38",491
"2019-11-10 23:42:38",491
"2019-11-11 00:42:37",491
"2019-11-11 01:42:39",491
"2019-11-11 02:42:38",491
"2019-11-11 03:42:38",491
"2019-11-11 04:42:37",491
"2019-11-11 05:42:39",491
"2019-11-11 06:42:37",491
"2019-11-11 07:42:38",491
"2019-11-11 08:42:40",491
"2019-11-11 09:42:39",491
"2019-11-11 10:42:38",491
"2019-11-11 11:42:37",491
"2019-11-11 12:42:39",491
"2019-11-11 13:42:38",491
"2019-11-11 14:42:40",491
"2019-11-11 15:42:41",492
"2019-11-11 16:42:38",492
"2019-11-11 17:42:39",491
"2019-11-11 18:42:41",491
"2019-11-11 19:42:38",489
"2019-11-11 21:42:38",492
"2019-11-11 22:42:37",492
"2019-11-11 23:42:37",492
"2019-11-12 00:42:35",492
"2019-11-12 01:42:36",492
"2019-11-12 02:42:38",492
"2019-11-12 03:42:38",492
"2019-11-12 04:42:36",492
"2019-11-12 05:42:38",492
"2019-11-12 06:42:36",492
"2019-11-12 07:42:39",492
"2019-11-12 08:42:36",492
"2019-11-12 09:42:36",492
"2019-11-12 10:42:35",492
"2019-11-12 11:42:38",492
"2019-11-12 12:42:40",492
"2019-11-12 14:06:40",492
"2019-11-12 14:42:39",492
"2019-11-12 15:42:36",493
"2019-11-12 16:42:38",493
"2019-11-12 17:42:38",493
"2019-11-12 18:42:40",491
"2019-11-12 19:42:36",491
"2019-11-12 20:42:35",493
"2019-11-12 21:42:37",494
"2019-11-12 22:42:39",495
"2019-11-12 23:42:37",492
"2019-11-13 00:42:40",492
"2019-11-13 01:42:37",492
"2019-11-13 02:42:37",492
"2019-11-13 03:42:40",492
"2019-11-13 04:42:37",492
"2019-11-13 05:42:43",492
"2019-11-13 06:42:36",492
"2019-11-13 07:42:41",492
"2019-11-13 08:42:39",492
"2019-11-13 09:42:38",492
"2019-11-13 10:42:37",492
"2019-11-13 11:42:41",492
"2019-11-13 12:42:36",492
"2019-11-13 13:42:37",492
"2019-11-13 15:42:41",494
"2019-11-13 16:42:37",492
"2019-11-13 17:42:38",491
"2019-11-13 18:42:40",492
"2019-11-13 19:42:37",494
"2019-11-13 20:42:37",495
"2019-11-13 21:42:36",499
"2019-11-13 22:42:38",499
"2019-11-13 23:42:38",499
"2019-11-14 00:42:37",499
"2019-11-14 01:42:36",499
"2019-11-14 02:42:40",499
"2019-11-14 03:42:36",499
"2019-11-14 04:42:36",499
"2019-11-14 05:42:41",499
"2019-11-14 06:42:35",499
"2019-11-14 07:42:41",499
"2019-11-14 08:42:39",499
"2019-11-14 09:42:40",499
"2019-11-14 10:42:38",499
"2019-11-14 11:42:41",499
"2019-11-14 12:42:35",499
"2019-11-14 14:06:14",499
"2019-11-14 14:42:38",499
"2019-11-14 15:42:37",495
"2019-11-14 17:42:37",497
"2019-11-14 18:42:36",499
"2019-11-14 19:42:37",498
"2019-11-14 20:42:38",498
"2019-11-14 21:42:41",496
"2019-11-14 22:42:36",496
"2019-11-14 23:42:37",496
"2019-11-15 00:42:37",496
"2019-11-15 01:42:37",496
"2019-11-15 02:42:36",496
"2019-11-15 03:42:38",496
"2019-11-15 04:42:38",496
"2019-11-15 05:42:38",496
"2019-11-15 06:42:39",496
"2019-11-15 07:42:36",496
"2019-11-15 08:42:43",496
"2019-11-15 09:42:36",496
"2019-11-15 10:42:37",496
"2019-11-15 11:42:36",496
"2019-11-15 12:42:39",496
"2019-11-15 14:09:10",496
"2019-11-15 15:42:41",496
"2019-11-15 16:42:36",495
"2019-11-15 17:42:38",497
"2019-11-15 18:42:43",497
"2019-11-15 19:42:39",497
"2019-11-15 20:42:38",496
"2019-11-15 21:42:35",497
"2019-11-15 22:42:38",498
"2019-11-15 23:42:38",498
"2019-11-16 00:42:38",498
"2019-11-16 01:42:36",498
"2019-11-16 02:42:38",498
"2019-11-16 03:42:36",498
"2019-11-16 04:42:39",498
"2019-11-16 05:42:37",498
"2019-11-16 06:42:37",498
"2019-11-16 07:42:37",498
"2019-11-16 08:42:38",498
"2019-11-16 09:42:39",498
"2019-11-16 10:42:36",498
"2019-11-16 11:42:36",498
"2019-11-16 12:42:39",498
"2019-11-16 13:42:39",498
"2019-11-16 14:42:38",498
"2019-11-16 15:42:37",498
"2019-11-16 16:42:37",498
"2019-11-16 17:42:39",498
"2019-11-16 18:42:36",498
"2019-11-16 19:42:35",498
"2019-11-16 20:42:35",498
"2019-11-16 21:42:36",498
"2019-11-16 22:42:36",498
"2019-11-16 23:42:35",498
"2019-11-17 00:42:36",498
"2019-11-17 01:42:35",498
"2019-11-17 02:42:38",498
"2019-11-17 03:42:35",498
"2019-11-17 04:42:37",498
"2019-11-17 05:42:37",498
"2019-11-17 06:42:38",498
"2019-11-17 07:42:38",498
"2019-11-17 08:42:36",498
"2019-11-17 10:42:40",498
"2019-11-17 11:42:39",498
"2019-11-17 12:42:36",498
"2019-11-17 13:42:38",498
"2019-11-17 14:42:35",498
"2019-11-17 15:42:35",498
"2019-11-17 16:42:37",498
"2019-11-17 17:42:35",498
"2019-11-17 18:42:35",498
"2019-11-17 19:42:36",498
"2019-11-17 20:42:38",498
"2019-11-17 21:42:39",498
"2019-11-17 22:42:37",498
"2019-11-17 23:42:39",498
"2019-11-18 00:42:35",498
"2019-11-18 01:42:35",498
"2019-11-18 02:42:37",498
"2019-11-18 03:42:36",498
"2019-11-18 04:42:35",498
"2019-11-18 05:42:38",498
"2019-11-18 06:42:34",498
"2019-11-18 07:42:36",498
"2019-11-18 08:42:39",498
"2019-11-18 09:42:40",498
"2019-11-18 10:42:38",498
"2019-11-18 11:42:35",498
"2019-11-18 12:42:37",498
"2019-11-18 14:07:41",498
"2019-11-18 14:42:36",498
"2019-11-18 15:42:40",499
"2019-11-18 16:42:38",499
"2019-11-18 17:42:40",501
"2019-11-18 18:42:40",500
"2019-11-18 19:42:37",500
"2019-11-18 20:42:39",501
"2019-11-18 21:42:38",501
"2019-11-18 22:42:35",501
"2019-11-18 23:42:38",501
"2019-11-19 00:42:37",501
"2019-11-19 01:42:37",501
"2019-11-19 02:42:36",501
"2019-11-19 03:42:36",501
"2019-11-19 04:42:37",501
"2019-11-19 05:42:35",501
"2019-11-19 06:42:37",501
"2019-11-19 07:42:36",501
"2019-11-19 08:42:37",501
"2019-11-19 09:42:39",501
"2019-11-19 10:42:36",501
"2019-11-19 11:42:36",501
"2019-11-19 12:42:37",501
"2019-11-19 14:07:41",501
"2019-11-19 14:42:37",501
"2019-11-19 15:42:38",500
"2019-11-19 16:42:37",498
"2019-11-19 17:42:37",497
"2019-11-19 18:42:35",496
"2019-11-19 19:42:38",496
"2019-11-19 20:42:38",495
"2019-11-19 21:42:41",494
"2019-11-19 22:42:38",494
"2019-11-19 23:42:37",494
"2019-11-20 00:42:38",494
"2019-11-20 01:42:37",494
"2019-11-20 02:42:39",494
"2019-11-20 03:42:39",494
"2019-11-20 04:42:37",494
"2019-11-20 05:42:37",494
"2019-11-20 06:42:37",494
"2019-11-20 07:42:38",494
"2019-11-20 08:42:40",494
"2019-11-20 09:42:43",494
"2019-11-20 10:42:43",494
"2019-11-20 11:42:42",494
"2019-11-20 12:42:40",494
"2019-11-20 14:07:14",494
"2019-11-20 14:42:44",494
"2019-11-20 15:42:41",492
"2019-11-20 16:42:42",492
"2019-11-20 22:42:40",492
"2019-11-20 23:42:37",492
"2019-11-21 00:42:37",492
"2019-11-21 01:42:37",492
"2019-11-21 02:42:40",492
"2019-11-21 03:42:38",492
"2019-11-21 04:42:37",492
"2019-11-21 05:42:39",492
"2019-11-21 06:42:41",492
"2019-11-21 07:42:36",492
"2019-11-21 08:42:37",492
"2019-11-21 09:42:38",492
"2019-11-21 10:42:39",492
"2019-11-21 11:42:37",492
"2019-11-21 12:42:37",492
"2019-11-21 14:06:41",492
"2019-11-21 14:42:42",492
"2019-11-21 15:42:37",490
"2019-11-21 16:42:38",490
"2019-11-21 17:42:39",490
"2019-11-21 18:42:36",490
"2019-11-21 19:42:36",490
"2019-11-21 20:42:36",490
"2019-11-21 21:42:37",490
"2019-11-21 22:42:38",490
"2019-11-21 23:42:37",490
"2019-11-22 00:42:37",490
"2019-11-22 01:42:39",490
"2019-11-22 02:42:36",490
"2019-11-22 03:42:36",490
"2019-11-22 04:42:35",490
"2019-11-22 05:42:41",490
"2019-11-22 06:42:38",490
"2019-11-22 07:42:40",490
"2019-11-22 08:42:41",490
"2019-11-22 09:42:40",490
"2019-11-22 10:42:41",490
"2019-11-22 11:42:37",490
"2019-11-22 12:42:37",490
"2019-11-22 13:42:36",490
"2019-11-22 14:42:39",490
"2019-11-22 15:42:35",491
"2019-11-22 16:42:36",492
"2019-11-22 17:42:40",492
"2019-11-22 18:42:39",492
"2019-11-22 19:42:36",492
"2019-11-22 20:42:37",492
"2019-11-22 21:42:36",492
"2019-11-22 22:42:35",492
"2019-11-22 23:42:38",492
"2019-11-23 00:42:42",492
"2019-11-23 01:42:36",492
"2019-11-23 02:42:36",492
"2019-11-23 03:42:36",492
"2019-11-23 04:42:40",492
"2019-11-23 05:42:36",492
"2019-11-23 06:42:37",492
"2019-11-23 07:42:37",492
"2019-11-23 08:42:37",492
"2019-11-23 09:42:39",492
"2019-11-23 10:42:39",492
"2019-11-23 11:42:35",492
"2019-11-23 12:42:35",492
"2019-11-23 13:42:35",492
"2019-11-23 14:42:36",492
"2019-11-23 15:42:36",492
"2019-11-23 16:42:36",492
"2019-11-23 17:42:37",492
"2019-11-23 18:42:36",492
"2019-11-23 19:42:38",492
"2019-11-23 20:42:34",492
"2019-11-23 21:42:36",492
"2019-11-23 22:42:34",492
"2019-11-23 23:42:35",492
"2019-11-24 00:42:37",492
"2019-11-24 01:42:35",492
"2019-11-24 02:42:35",492
"2019-11-24 03:42:36",492
"2019-11-24 04:42:34",492
"2019-11-24 05:42:35",492
"2019-11-24 06:42:35",492
"2019-11-24 07:42:34",492
"2019-11-24 08:42:36",492
"2019-11-24 09:42:37",492
"2019-11-24 10:42:38",492
"2019-11-24 11:42:36",492
"2019-11-24 12:42:34",492
"2019-11-24 13:42:34",492
"2019-11-24 14:42:35",492
"2019-11-24 15:42:36",492
"2019-11-24 16:42:36",492
"2019-11-24 17:42:35",492
"2019-11-24 18:42:37",492
"2019-11-24 19:42:35",492
"2019-11-24 20:42:38",492
"2019-11-24 21:42:35",492
"2019-11-24 22:42:38",492
"2019-11-24 23:42:36",492
"2019-11-25 00:42:36",492
"2019-11-25 01:42:38",492
"2019-11-25 02:42:37",492
"2019-11-25 04:42:34",492
"2019-11-25 05:42:36",492
"2019-11-25 06:42:36",492
"2019-11-25 07:42:37",492
"2019-11-25 08:42:41",492
"2019-11-25 09:42:40",492
"2019-11-25 10:42:40",492
"2019-11-25 11:42:39",492
"2019-11-25 12:42:40",492
"2019-11-25 13:42:36",492
"2019-11-25 14:42:37",492
"2019-11-25 15:42:39",490
"2019-11-25 16:42:37",488
"2019-11-25 17:42:36",488
"2019-11-25 18:42:35",487
"2019-11-25 19:42:38",487
"2019-11-25 20:42:37",488
"2019-11-25 21:42:35",488
"2019-11-25 22:42:40",488
"2019-11-25 23:42:37",488
"2019-11-26 00:42:38",488
"2019-11-26 01:42:37",488
"2019-11-26 02:42:38",488
"2019-11-26 03:42:37",488
"2019-11-26 04:42:36",488
"2019-11-26 05:42:40",488
"2019-11-26 06:42:43",488
"2019-11-26 07:42:37",488
"2019-11-26 08:42:38",488
"2019-11-26 09:42:43",488
"2019-11-26 20:42:40",487
"2019-11-26 21:42:38",486
"2019-11-26 22:42:40",485
"2019-11-26 23:42:38",486
"2019-11-27 00:42:41",486
"2019-11-27 01:42:37",486
"2019-11-27 02:42:36",486
"2019-11-27 03:42:38",486
"2019-11-27 04:42:36",486
"2019-11-27 05:42:37",486
"2019-11-27 06:42:38",486
"2019-11-27 07:42:37",486
"2019-11-27 08:42:42",486
"2019-11-27 09:42:42",486
"2019-11-27 10:42:37",486
"2019-11-27 11:42:34",486
"2019-11-27 12:42:43",486
"2019-11-27 13:42:37",486
"2019-11-27 14:42:38",486
"2019-11-27 15:42:42",485
"2019-11-27 16:42:38",485
"2019-11-27 17:42:37",485
"2019-11-27 18:42:39",485
"2019-11-27 19:42:38",484
"2019-11-27 20:42:37",484
"2019-11-27 21:42:37",483
"2019-11-27 22:42:38",483
"2019-11-27 23:42:37",483
"2019-11-28 00:42:38",483
"2019-11-28 01:42:38",483
"2019-11-28 02:42:42",483
"2019-11-28 03:42:40",483
"2019-11-28 04:42:39",483
"2019-11-28 05:42:37",483
"2019-11-28 06:42:38",483
"2019-11-28 07:42:40",483
"2019-11-28 08:42:38",483
"2019-11-28 09:42:42",483
"2019-11-28 10:42:39",483
"2019-11-28 11:42:38",483
"2019-11-28 12:42:36",483
"2019-11-28 13:42:36",483
"2019-11-28 14:42:37",483
"2019-11-28 15:42:37",483
"2019-11-28 16:42:37",483
"2019-11-28 17:42:38",483
"2019-11-28 18:42:38",483
"2019-11-28 19:42:37",483
"2019-11-28 20:42:36",483
"2019-11-28 21:42:37",483
"2019-11-28 22:42:36",483
"2019-11-28 23:42:37",483
"2019-11-29 00:42:37",483
"2019-11-29 01:42:37",483
"2019-11-29 02:42:37",483
"2019-11-29 03:42:36",483
"2019-11-29 04:42:39",483
"2019-11-29 05:42:38",483
"2019-11-29 06:42:37",483
"2019-11-29 07:42:39",483
"2019-11-29 08:42:44",483
"2019-11-29 09:42:47",483
"2019-11-29 10:42:53",483
"2019-11-29 11:42:41",483
"2019-11-29 12:42:39",483
"2019-11-29 13:42:44",483
"2019-11-29 14:42:44",483
"2019-11-29 15:42:42",486
"2019-11-29 16:42:44",486
"2019-11-29 17:42:44",487
"2019-11-29 18:42:42",489
"2019-11-29 20:42:41",489
"2019-11-29 21:42:37",489
"2019-11-29 22:42:43",489
"2019-11-29 23:42:41",489
"2019-11-30 00:42:39",489
"2019-11-30 01:42:37",489
"2019-11-30 02:42:39",489
"2019-11-30 03:42:40",489
"2019-11-30 04:42:39",489
"2019-11-30 05:42:42",489
"2019-11-30 06:42:40",489
"2019-11-30 07:42:41",489
"2019-11-30 08:42:40",489
"2019-11-30 21:42:53",489
"2019-11-30 22:42:43",489
"2019-11-30 23:42:40",489
"2019-12-01 00:42:40",489
"2019-12-01 01:42:37",489
"2019-12-01 02:42:42",489
"2019-12-01 22:42:45",489
"2019-12-01 23:42:38",489
"2019-12-02 00:42:36",489
"2019-12-02 01:42:40",489
"2019-12-02 02:42:39",489
"2019-12-02 06:15:14",489
"2019-12-02 06:43:51",489
"2019-12-02 07:44:00",489
"2019-12-02 08:43:50",489
"2019-12-02 09:43:50",489
"2019-12-02 10:43:50",489
"2019-12-02 11:43:51",489
"2019-12-02 12:43:48",489
"2019-12-02 14:07:16",489
"2019-12-02 14:43:54",489
"2019-12-02 15:43:56",489
"2019-12-02 16:43:52",487
"2019-12-02 17:44:02",487
"2019-12-02 18:44:02",487
"2019-12-02 19:44:05",485
"2019-12-02 20:44:00",485
"2019-12-02 21:44:01",485
"2019-12-02 22:44:05",485
"2019-12-02 23:44:02",485
"2019-12-03 00:43:59",485
"2019-12-03 01:44:01",485
"2019-12-03 02:44:03",485
"2019-12-03 03:44:01",485
"2019-12-03 04:44:01",485
"2019-12-03 05:44:02",485
"2019-12-03 06:43:51",485
"2019-12-03 07:43:51",485
"2019-12-03 08:43:49",485
"2019-12-03 09:43:59",485
"2019-12-03 10:44:03",485
"2019-12-03 11:43:58",485
"2019-12-03 12:43:49",485
"2019-12-03 13:43:47",485
"2019-12-03 14:44:01",485
"2019-12-03 15:43:49",483
"2019-12-03 16:44:02",481
"2019-12-03 17:43:59",481
"2019-12-03 18:43:59",481
"2019-12-03 19:43:59",481
"2019-12-03 20:43:59",482
"2019-12-03 21:44:13",481
"2019-12-03 22:44:01",481
"2019-12-03 23:44:01",481
"2019-12-04 00:44:17",481
"2019-12-04 01:44:22",481
"2019-12-04 02:44:18",481
"2019-12-04 03:44:05",481
"2019-12-04 04:44:04",481
"2019-12-04 05:44:05",481
"2019-12-04 06:44:02",481
"2019-12-04 07:44:04",481
"2019-12-04 08:43:55",481
"2019-12-04 09:43:53",481
"2019-12-04 10:43:53",481
"2019-12-04 11:43:56",481
"2019-12-04 12:43:53",481
"2019-12-04 14:06:47",481
"2019-12-04 14:44:10",481
"2019-12-04 15:44:10",482
"2019-12-04 16:44:05",482
"2019-12-04 17:44:05",480
"2019-12-04 18:44:05",481
"2019-12-04 19:44:05",481
"2019-12-04 20:44:04",481
"2019-12-04 21:44:01",481
"2019-12-04 22:44:01",481
"2019-12-04 23:44:02",481
"2019-12-05 00:44:03",481
"2019-12-05 01:44:05",481
"2019-12-05 02:44:03",481
"2019-12-05 03:44:03",481
"2019-12-05 04:44:04",481
"2019-12-05 05:44:01",481
"2019-12-05 06:44:05",481
"2019-12-05 07:43:53",481
"2019-12-05 08:44:03",481
"2019-12-05 09:43:51",481
"2019-12-05 10:43:50",481
"2019-12-05 11:43:51",481
"2019-12-05 12:43:51",481
"2019-12-05 13:44:03",481
"2019-12-05 14:44:04",481
"2019-12-05 15:44:03",482
"2019-12-05 16:44:02",482
"2019-12-05 17:44:02",483
"2019-12-05 18:44:03",481
"2019-12-05 20:07:18",481
"2019-12-05 20:44:14",481
"2019-12-05 21:44:01",481
"2019-12-05 22:44:02",481
"2019-12-05 23:43:56",481
"2019-12-06 00:44:02",481
"2019-12-06 01:44:01",481
"2019-12-06 02:44:05",481
"2019-12-06 03:44:03",481
"2019-12-06 04:44:01",481
"2019-12-06 05:44:09",481
"2019-12-06 06:44:02",481
"2019-12-06 07:44:05",481
"2019-12-06 08:44:04",481
"2019-12-06 09:44:02",481
"2019-12-06 10:44:03",481
"2019-12-06 11:44:03",481
"2019-12-06 12:43:51",481
"2019-12-06 13:44:40",481
"2019-12-06 14:44:07",481
"2019-12-06 15:44:18",482
"2019-12-06 16:44:04",482
"2019-12-06 17:44:01",482
"2019-12-06 18:44:03",482
"2019-12-06 19:44:03",482
"2019-12-06 20:44:02",481
"2019-12-06 21:43:50",481
"2019-12-06 22:43:51",481
"2019-12-06 23:43:54",481
"2019-12-07 00:43:52",481
"2019-12-07 01:44:04",481
"2019-12-07 02:44:05",481
"2019-12-07 03:44:02",481
"2019-12-07 04:44:00",481
"2019-12-07 05:44:18",481
"2019-12-07 06:43:53",481
"2019-12-07 07:43:53",481
"2019-12-07 08:43:53",481
"2019-12-07 09:43:51",481
"2019-12-07 10:43:51",481
"2019-12-07 11:43:51",481
"2019-12-07 12:44:02",481
"2019-12-07 13:44:20",481
"2019-12-07 14:44:03",481
"2019-12-07 15:44:05",481
"2019-12-07 16:44:03",481
"2019-12-07 17:44:06",481
"2019-12-07 18:44:03",481
"2019-12-07 19:43:52",481
"2019-12-07 20:44:03",481
"2019-12-07 21:44:06",481
"2019-12-07 22:43:53",481
"2019-12-07 23:43:52",481
"2019-12-08 00:43:58",481
"2019-12-08 01:43:52",481
"2019-12-08 02:44:05",481
"2019-12-08 03:44:03",481
"2019-12-08 04:44:01",481
"2019-12-08 05:44:05",481
"2019-12-08 06:44:04",481
"2019-12-08 07:44:02",481
"2019-12-08 08:44:02",481
"2019-12-08 09:44:02",481
"2019-12-08 10:44:02",481
"2019-12-08 11:43:51",481
"2019-12-08 12:43:53",481
"2019-12-08 13:44:02",481
"2019-12-08 14:43:56",481
"2019-12-08 15:43:55",481
"2019-12-08 16:44:02",481
"2019-12-08 17:44:04",481
"2019-12-08 18:43:51",481
"2019-12-08 19:44:00",481
"2019-12-08 20:44:01",481
"2019-12-08 21:44:08",481
"2019-12-08 22:44:04",481
"2019-12-08 23:44:02",481
"2019-12-09 00:44:02",481
"2019-12-09 01:43:51",481
"2019-12-09 02:43:53",481
"2019-12-09 03:44:04",481
"2019-12-09 04:43:53",481
"2019-12-09 05:43:57",481
"2019-12-09 06:44:06",481
"2019-12-09 07:43:53",481
"2019-12-09 08:43:54",481
"2019-12-09 09:43:51",481
"2019-12-09 10:43:52",481
"2019-12-09 11:43:49",481
"2019-12-09 12:43:50",481
"2019-12-09 14:07:48",481
"2019-12-09 14:43:58",481
"2019-12-09 15:43:59",480
"2019-12-09 16:44:08",479
"2019-12-09 17:44:16",479
"2019-12-09 18:44:00",480
"2019-12-09 19:43:52",480
"2019-12-09 20:44:05",480
"2019-12-09 21:44:05",479
"2019-12-09 22:43:52",479
"2019-12-09 23:44:02",479
"2019-12-10 00:44:09",479
"2019-12-10 01:44:02",479
"2019-12-10 02:44:05",479
"2019-12-10 03:44:10",479
"2019-12-10 04:44:03",479
"2019-12-10 05:44:10",479
"2019-12-10 06:44:06",479
"2019-12-10 07:44:04",479
"2019-12-10 08:44:08",479
"2019-12-10 09:43:53",479
"2019-12-10 10:43:52",479
"2019-12-10 11:43:52",479
"2019-12-10 12:44:09",479
"2019-12-10 13:43:51",479
"2019-12-10 14:43:55",479
"2019-12-10 15:43:53",478
"2019-12-10 16:44:06",478
"2019-12-10 17:44:00",478
"2019-12-10 18:44:01",478
"2019-12-10 19:43:55",479
"2019-12-10 20:44:02",480
"2019-12-10 21:44:02",480
"2019-12-10 22:44:05",480
"2019-12-10 23:44:06",480
"2019-12-11 00:44:07",480
"2019-12-11 01:44:11",480
"2019-12-11 02:44:20",480
"2019-12-11 03:44:02",480
"2019-12-11 04:44:08",480
"2019-12-11 05:44:10",480
"2019-12-11 06:44:00",480
"2019-12-11 07:43:55",479
"2019-12-11 08:44:05",479
"2019-12-11 09:43:51",479
"2019-12-11 10:43:57",479
"2019-12-11 11:43:55",479
"2019-12-11 12:44:05",479
"2019-12-11 13:44:02",479
"2019-12-11 14:44:24",479
"2019-12-11 15:44:01",476
"2019-12-11 16:44:12",477
"2019-12-11 17:44:13",476
"2019-12-11 18:44:05",476
"2019-12-11 19:44:11",476
"2019-12-11 20:43:55",476
"2019-12-11 21:44:05",475
"2019-12-11 22:44:06",475
"2019-12-11 23:44:07",475
"2019-12-12 00:44:03",475
"2019-12-12 01:44:12",475
"2019-12-12 02:44:08",475
"2019-12-12 03:43:57",475
"2019-12-12 04:44:04",475
"2019-12-12 05:44:08",475
"2019-12-12 06:44:10",475
"2019-12-12 07:44:09",475
"2019-12-12 08:43:57",475
"2019-12-12 09:44:04",475
"2019-12-12 10:44:05",475
"2019-12-12 11:43:56",475
"2019-12-12 12:43:52",475
"2019-12-12 14:06:18",475
"2019-12-12 14:44:20",475
"2019-12-12 15:44:00",475
"2019-12-12 16:44:09",475
"2019-12-12 17:43:57",475
"2019-12-12 18:43:58",477
"2019-12-12 19:44:02",475
"2019-12-12 20:43:58",471
"2019-12-12 21:44:01",473
"2019-12-12 22:43:55",473
"2019-12-12 23:43:58",473
"2019-12-13 00:44:27",473
"2019-12-13 01:44:21",473
"2019-12-13 02:44:10",473
"2019-12-13 03:44:14",473
"2019-12-13 04:44:12",473
"2019-12-13 05:44:23",473
"2019-12-13 06:44:27",473
"2019-12-13 07:44:21",473
"2019-12-13 08:44:14",473
"2019-12-13 09:44:19",473
"2019-12-13 10:44:14",473
"2019-12-13 11:44:07",473
"2019-12-13 12:44:12",473
"2019-12-13 14:38:24",474
"2019-12-13 14:46:07",474
"2019-12-13 15:44:22",472
"2019-12-13 16:44:12",470
"2019-12-13 17:44:20",471
"2019-12-13 18:44:19",469
"2019-12-13 19:44:14",465
"2019-12-13 20:44:41",464
"2019-12-13 21:44:11",464
"2019-12-13 22:44:15",464
"2019-12-13 23:44:09",464
"2019-12-14 00:44:09",464
"2019-12-14 01:44:04",464
"2019-12-14 02:44:15",464
"2019-12-14 03:44:13",464
"2019-12-14 04:44:17",464
"2019-12-14 05:44:20",464
"2019-12-14 06:44:09",464
"2019-12-14 07:44:06",464
"2019-12-14 08:44:09",464
"2019-12-14 09:44:12",464
"2019-12-14 10:44:09",464
"2019-12-14 11:44:08",464
"2019-12-14 12:44:07",464
"2019-12-14 13:44:14",464
"2019-12-14 14:44:06",464
"2019-12-14 15:44:19",464
"2019-12-14 16:44:17",464
"2019-12-14 17:44:03",464
"2019-12-14 18:44:25",464
"2019-12-14 19:44:12",464
"2019-12-14 20:44:15",464
"2019-12-14 22:44:17",464
"2019-12-14 23:44:12",464
"2019-12-15 00:44:14",464
"2019-12-15 01:44:20",464
"2019-12-15 02:44:18",464
"2019-12-15 03:44:15",464
"2019-12-15 04:44:15",464
"2019-12-15 05:44:04",464
"2019-12-15 06:44:10",464
"2019-12-15 07:44:10",464
"2019-12-15 08:44:13",464
"2019-12-15 09:44:03",464
"2019-12-15 10:44:12",464
"2019-12-15 11:44:15",464
"2019-12-15 13:44:09",464
"2019-12-15 14:43:59",464
"2019-12-15 15:44:13",464
"2019-12-15 16:44:17",464
"2019-12-15 17:44:11",464
"2019-12-15 19:44:10",464
"2019-12-15 20:44:15",464
"2019-12-15 21:44:09",464
"2019-12-15 22:44:20",464
"2019-12-15 23:44:14",464
"2019-12-16 00:44:11",464
"2019-12-16 01:44:23",464
"2019-12-16 02:44:11",464
"2019-12-16 04:44:31",464
"2019-12-16 05:44:13",464
"2019-12-16 06:44:15",464
"2019-12-16 07:44:07",464
"2019-12-16 08:44:11",464
"2019-12-16 09:44:09",464
"2019-12-16 10:44:06",464
"2019-12-16 11:44:17",464
"2019-12-16 12:44:11",464
"2019-12-16 13:44:17",464
"2019-12-16 14:44:52",464
"2019-12-16 16:05:47",458
"2019-12-16 16:44:23",458
"2019-12-16 17:44:22",456
"2019-12-16 18:44:18",456
"2019-12-16 19:44:12",455
"2019-12-16 20:44:12",455
"2019-12-16 21:44:18",455
"2019-12-16 22:44:14",455
"2019-12-16 23:44:15",455
"2019-12-17 00:44:06",455
"2019-12-17 01:44:05",455
"2019-12-17 02:44:31",455
"2019-12-17 03:44:16",455
"2019-12-17 04:44:20",455
"2019-12-17 05:44:10",455
"2019-12-17 06:44:10",455
"2019-12-17 07:44:13",455
"2019-12-17 08:44:23",455
"2019-12-17 09:44:00",455
"2019-12-17 10:44:12",455
"2019-12-17 11:44:02",455
"2019-12-17 12:44:04",455
"2019-12-17 14:07:18",455
"2019-12-17 14:44:33",455
"2019-12-17 15:44:30",457
"2019-12-17 16:44:16",459
"2019-12-17 17:44:18",459
"2019-12-17 18:44:13",460
"2019-12-17 19:44:23",460
"2019-12-17 20:44:19",460
"2019-12-17 21:44:02",457
"2019-12-17 22:44:09",457
"2019-12-17 23:44:17",457
"2019-12-18 01:44:21",457
"2019-12-18 02:44:29",457
"2019-12-18 03:44:11",457
"2019-12-18 04:44:04",457
"2019-12-18 05:44:16",457
"2019-12-18 06:44:13",457
"2019-12-18 07:44:03",457
"2019-12-18 08:44:09",457
"2019-12-18 09:44:12",457
"2019-12-18 10:44:13",457
"2019-12-18 11:44:03",457
"2019-12-18 12:44:06",457
"2019-12-18 14:06:18",457
"2019-12-18 14:44:33",457
"2019-12-18 15:44:10",456
"2019-12-18 16:44:17",455
"2019-12-18 17:44:22",455
"2019-12-18 18:44:13",456
"2019-12-18 19:44:15",456
"2019-12-18 20:44:18",456
"2019-12-18 21:44:10",456
"2019-12-18 22:44:09",456
"2019-12-18 23:44:09",456
"2019-12-19 00:44:21",456
"2019-12-19 01:44:20",456
"2019-12-19 02:44:33",456
"2019-12-19 03:44:11",456
"2019-12-19 04:44:14",456
"2019-12-19 05:44:13",456
"2019-12-19 06:44:13",456
"2019-12-19 07:44:18",456
"2019-12-19 08:44:09",456
"2019-12-19 09:44:15",456
"2019-12-19 10:44:03",456
"2019-12-19 11:44:02",456
"2019-12-19 12:44:10",456
"2019-12-19 14:07:50",457
"2019-12-19 14:44:35",457
"2019-12-19 15:44:37",459
"2019-12-19 16:44:32",459
"2019-12-19 17:44:30",459
"2019-12-19 18:44:29",458
"2019-12-19 19:44:22",457
"2019-12-19 21:07:52",455
"2019-12-19 21:44:26",455
"2019-12-19 22:44:30",455
"2019-12-19 23:44:25",455
"2019-12-20 00:44:29",455
"2019-12-20 01:44:24",455
"2019-12-20 02:44:33",455
"2019-12-20 03:44:21",455
"2019-12-20 04:44:30",455
"2019-12-20 05:44:27",455
"2019-12-20 06:44:32",455
"2019-12-20 07:44:24",455
"2019-12-20 08:44:31",455
"2019-12-20 09:44:31",455
"2019-12-20 10:44:06",455
"2019-12-20 11:44:23",455
"2019-12-20 12:44:24",455
"2019-12-20 14:06:50",455
"2019-12-20 14:44:45",455
"2019-12-20 15:44:49",455
"2019-12-20 16:44:43",456
"2019-12-20 17:44:42",456
"2019-12-20 18:44:27",455
"2019-12-20 19:44:40",455
"2019-12-20 20:44:42",454
"2019-12-20 21:44:22",454
"2019-12-20 22:44:23",454
"2019-12-20 23:44:27",454
"2019-12-21 00:44:37",454
"2019-12-21 01:44:31",454
"2019-12-21 02:44:31",454
"2019-12-21 03:44:22",454
"2019-12-21 04:44:28",454
"2019-12-21 05:44:20",454
"2019-12-21 06:44:19",454
"2019-12-21 07:44:22",454
"2019-12-21 08:44:27",454
"2019-12-21 09:44:10",454
"2019-12-21 10:44:12",454
"2019-12-21 11:44:09",454
"2019-12-21 12:44:04",454
"2019-12-21 13:44:05",454
"2019-12-21 14:44:21",454
"2019-12-21 15:44:14",454
"2019-12-21 16:44:24",454
"2019-12-21 17:44:22",454
"2019-12-21 18:44:14",454
"2019-12-21 19:44:14",454
"2019-12-21 20:44:13",454
"2019-12-21 22:44:25",454
"2019-12-21 23:44:09",454
"2019-12-22 00:44:18",454
"2019-12-22 01:44:21",454
"2019-12-22 02:44:11",454
"2019-12-22 04:44:13",454
"2019-12-22 05:44:06",454
"2019-12-22 06:44:04",454
"2019-12-22 07:44:12",454
"2019-12-22 08:44:14",454
"2019-12-22 09:44:07",454
"2019-12-22 10:44:09",454
"2019-12-22 11:44:12",454
"2019-12-22 12:44:13",454
"2019-12-22 13:44:06",454
"2019-12-22 14:44:19",454
"2019-12-22 15:44:25",454
"2019-12-22 16:44:11",454
"2019-12-22 17:44:18",454
"2019-12-22 18:44:11",454
"2019-12-22 19:44:16",454
"2019-12-22 20:44:26",454
"2019-12-22 22:44:18",454
"2019-12-22 23:44:30",454
"2019-12-23 00:44:26",454
"2019-12-23 01:44:25",454
"2019-12-23 02:44:22",454
"2019-12-23 03:44:22",454
"2019-12-23 04:44:27",454
"2019-12-23 05:44:23",454
"2019-12-23 06:44:23",454
"2019-12-23 07:44:10",454
"2019-12-23 08:44:11",454
"2019-12-23 09:44:12",454
"2019-12-23 10:44:11",454
"2019-12-23 11:44:13",454
"2019-12-23 12:44:06",454
"2019-12-23 14:07:53",454
"2019-12-23 14:44:49",454
"2019-12-23 15:44:25",454
"2019-12-23 16:44:16",454
"2019-12-23 17:44:31",455
"2019-12-23 18:44:31",455
"2019-12-23 19:44:31",455
"2019-12-23 20:44:40",454
"2019-12-23 21:44:22",452
"2019-12-23 22:44:08",452
"2019-12-23 23:44:22",452
"2019-12-24 00:44:18",452
"2019-12-24 01:44:14",452
"2019-12-24 02:44:30",452
"2019-12-24 03:44:32",452
"2019-12-24 04:44:37",452
"2019-12-24 05:44:13",452
"2019-12-24 06:44:35",452
"2019-12-24 07:44:10",452
"2019-12-24 08:44:10",452
"2019-12-24 09:44:15",452
"2019-12-24 10:44:07",452
"2019-12-24 11:44:13",452
"2019-12-24 12:44:07",452
"2019-12-24 13:44:04",452
"2019-12-24 14:44:43",452
"2019-12-24 15:44:24",451
"2019-12-24 16:44:22",450
"2019-12-24 17:44:12",449
"2019-12-24 18:44:15",449
"2019-12-24 19:44:20",449
"2019-12-24 20:44:14",449
"2019-12-24 21:44:06",449
"2019-12-24 22:44:26",449
"2019-12-24 23:44:27",449
"2019-12-25 00:44:26",449
"2019-12-25 01:44:09",449
"2019-12-25 02:44:00",449
"2019-12-25 03:44:16",449
"2019-12-25 04:44:25",449
"2019-12-25 05:44:25",449
"2019-12-25 06:44:10",449
"2019-12-25 07:44:12",449
"2019-12-25 08:44:31",449
"2019-12-25 09:44:16",449
"2019-12-25 10:44:12",449
"2019-12-25 11:44:05",449
"2019-12-25 12:44:11",449
"2019-12-25 13:44:09",449
"2019-12-25 14:44:15",449
"2019-12-25 15:44:25",449
"2019-12-25 16:44:11",449
"2019-12-25 17:44:26",449
"2019-12-25 18:44:12",449
"2019-12-25 19:44:05",449
"2019-12-25 20:44:15",449
"2019-12-25 21:44:07",449
"2019-12-25 22:44:17",449
"2019-12-25 23:44:16",449
"2019-12-26 00:44:19",449
"2019-12-26 01:44:27",449
"2019-12-26 02:44:29",449
"2019-12-26 03:44:24",449
"2019-12-26 04:44:25",449
"2019-12-26 05:44:11",449
"2019-12-26 06:44:21",449
"2019-12-26 07:44:19",449
"2019-12-26 08:44:09",449
"2019-12-26 09:44:07",449
"2019-12-26 10:44:10",449
"2019-12-26 11:44:08",449
"2019-12-26 12:44:06",449
"2019-12-26 13:44:09",449
"2019-12-26 14:44:30",449
"2019-12-26 15:44:30",447
"2019-12-26 16:44:24",446
"2019-12-26 17:44:35",446
"2019-12-26 18:44:17",446
"2019-12-26 19:44:15",446
"2019-12-26 20:44:40",446
"2019-12-26 21:44:21",447
"2019-12-26 22:44:38",447
"2019-12-26 23:44:24",447
"2019-12-27 00:44:13",447
"2019-12-27 01:44:23",447
"2019-12-27 02:44:32",447
"2019-12-27 03:44:21",447
"2019-12-27 04:44:31",447
"2019-12-27 05:44:32",447
"2019-12-27 06:44:30",447
"2019-12-27 07:44:05",447
"2019-12-27 08:44:21",447
"2019-12-27 09:44:13",447
"2019-12-27 10:44:07",447
"2019-12-27 11:44:11",447
"2019-12-27 12:44:13",447
"2019-12-27 14:07:50",447
"2019-12-27 14:44:32",447
"2019-12-27 15:44:23",445
"2019-12-27 16:44:23",446
"2019-12-27 17:44:25",446
"2019-12-27 18:44:23",447
"2019-12-27 19:44:47",448
"2019-12-27 20:44:17",449
"2019-12-27 21:44:35",449
"2019-12-27 22:44:24",449
"2019-12-27 23:44:17",449
"2019-12-28 00:44:27",449
"2019-12-28 01:44:24",449
"2019-12-28 02:44:27",449
"2019-12-28 03:44:18",449
"2019-12-28 04:44:25",449
"2019-12-28 05:44:30",449
"2019-12-28 06:44:28",449
"2019-12-28 07:44:12",449
"2019-12-28 08:44:32",449
"2019-12-28 09:44:18",449
"2019-12-28 10:44:16",449
"2019-12-28 11:44:11",449
"2019-12-28 12:44:09",449
"2019-12-28 13:44:15",449
"2019-12-28 14:44:16",449
"2019-12-28 15:44:31",449
"2019-12-28 16:44:16",449
"2019-12-28 17:44:33",449
"2019-12-28 18:44:19",449
"2019-12-28 19:44:11",449
"2019-12-28 20:44:24",449
"2019-12-28 21:44:15",449
"2019-12-28 22:44:22",449
"2019-12-28 23:44:36",449
"2019-12-29 00:44:17",449
"2019-12-29 01:44:31",449
"2019-12-29 02:44:24",449
"2019-12-29 03:44:34",449
"2019-12-29 04:44:23",449
"2019-12-29 05:44:33",449
"2019-12-29 06:44:36",449
"2019-12-29 07:44:23",449
"2019-12-29 08:44:27",449
"2019-12-29 09:44:15",449
"2019-12-29 10:44:20",449
"2019-12-29 11:44:19",449
"2019-12-29 12:44:15",449
"2019-12-29 13:44:14",449
"2019-12-29 14:44:16",449
"2019-12-29 15:44:26",449
"2019-12-29 16:44:29",449
"2019-12-29 17:44:16",449
"2019-12-29 18:44:21",449
"2019-12-29 19:44:24",449
"2019-12-29 20:44:12",449
"2019-12-29 21:44:38",449
"2019-12-29 22:44:22",449
"2019-12-29 23:44:08",449
"2019-12-30 00:44:13",449
"2019-12-30 01:44:38",449
"2019-12-30 02:44:32",449
"2019-12-30 03:44:17",449
"2019-12-30 04:44:43",449
"2019-12-30 05:44:16",449
"2019-12-30 06:44:06",449
"2019-12-30 07:44:02",449
"2019-12-30 08:44:20",449
"2019-12-30 09:44:26",449
"2019-12-30 10:44:02",449
"2019-12-30 11:44:20",449
"2019-12-30 12:44:12",449
"2019-12-30 14:07:50",449
"2019-12-30 14:44:51",449
"2019-12-30 15:44:26",449
"2019-12-30 16:44:27",449
"2019-12-30 17:44:22",448
"2019-12-30 18:44:35",448
"2019-12-30 19:44:25",450
"2019-12-30 20:44:15",449
"2019-12-30 21:44:18",449
"2019-12-30 22:44:14",449
"2019-12-30 23:44:15",449
"2019-12-31 00:44:22",449
"2019-12-31 01:44:13",449
"2019-12-31 02:44:26",449
"2019-12-31 03:44:24",449
"2019-12-31 04:44:23",449
"2019-12-31 05:44:12",449
"2019-12-31 06:44:19",449
"2019-12-31 07:44:10",449
"2019-12-31 08:44:26",449
"2019-12-31 09:44:26",449
"2019-12-31 10:44:32",449
"2019-12-31 11:44:18",449
"2019-12-31 12:44:14",449
"2019-12-31 14:08:50",449
"2019-12-31 14:44:51",449
"2019-12-31 15:44:37",449
"2019-12-31 16:44:24",447
"2019-12-31 17:44:11",449
"2019-12-31 18:44:12",449
"2019-12-31 19:44:23",450
"2019-12-31 20:44:23",449
"2019-12-31 21:44:15",448
"2019-12-31 22:44:13",448
"2019-12-31 23:44:13",448
"2020-01-01 00:44:20",448
"2020-01-01 01:44:12",448
"2020-01-01 02:44:18",448
"2020-01-01 03:44:15",448
"2020-01-01 04:44:08",448
"2020-01-01 05:44:30",448
"2020-01-01 06:44:27",448
"2020-01-01 07:44:18",448
"2020-01-01 08:44:18",448
"2020-01-01 09:44:09",448
"2020-01-01 10:44:07",448
"2020-01-01 11:44:08",448
"2020-01-01 12:44:19",448
"2020-01-01 13:44:12",448
"2020-01-01 14:44:08",448
"2020-01-01 15:44:15",448
"2020-01-01 16:44:19",448
"2020-01-01 17:44:16",448
"2020-01-01 18:44:12",448
"2020-01-01 19:44:10",448
"2020-01-01 20:44:19",448
"2020-01-01 21:44:16",448
"2020-01-01 22:44:19",448
"2020-01-01 23:44:39",448
"2020-01-02 00:44:26",448
"2020-01-02 01:44:21",448
"2020-01-02 02:44:49",448
"2020-01-02 03:44:20",448
"2020-01-02 04:44:21",448
"2020-01-02 05:44:13",448
"2020-01-02 06:44:04",448
"2020-01-02 07:44:15",448
"2020-01-02 08:44:20",448
"2020-01-02 09:44:16",448
"2020-01-02 10:44:15",448
"2020-01-02 11:44:17",448
"2020-01-02 12:44:12",448
"2020-01-02 14:09:21",448
"2020-01-02 14:45:30",448
"2020-01-02 15:44:33",447
"2020-01-02 16:44:25",448
"2020-01-02 17:44:29",448
"2020-01-02 18:44:30",448
"2020-01-02 19:44:26",448
"2020-01-02 20:44:23",448
"2020-01-02 21:44:20",447
"2020-01-02 22:45:02",446
"2020-01-02 23:44:09",446
"2020-01-03 00:44:31",446
"2020-01-03 01:44:23",446
"2020-01-03 02:44:30",446
"2020-01-03 03:44:27",446
"2020-01-03 04:44:23",446
"2020-01-03 05:44:26",446
"2020-01-03 06:44:29",446
"2020-01-03 07:44:12",446
"2020-01-03 08:44:27",446
"2020-01-03 09:44:09",446
"2020-01-03 10:44:11",446
"2020-01-03 11:44:14",446
"2020-01-03 12:44:17",446
"2020-01-03 14:09:20",446
"2020-01-03 14:48:13",446
"2020-01-03 15:44:18",445
"2020-01-03 16:44:32",445
"2020-01-03 17:45:08",445
"2020-01-03 18:44:28",447
"2020-01-03 19:44:23",447
"2020-01-03 20:44:26",447
"2020-01-03 21:44:12",445
"2020-01-03 22:44:20",445
"2020-01-03 23:44:14",445
"2020-01-04 00:44:27",445
"2020-01-04 01:44:11",445
"2020-01-04 02:44:15",445
"2020-01-04 03:44:21",445
"2020-01-04 04:44:16",445
"2020-01-04 05:44:18",445
"2020-01-04 06:44:21",445
"2020-01-04 07:44:10",445
"2020-01-04 08:44:16",445
"2020-01-04 09:44:13",445
"2020-01-04 10:44:13",445
"2020-01-04 11:44:12",445
"2020-01-04 12:44:17",445
"2020-01-04 13:44:14",445
"2020-01-04 14:44:04",445
"2020-01-04 15:44:16",445
"2020-01-04 16:44:13",445
"2020-01-04 17:44:25",445
"2020-01-04 18:44:20",445
"2020-01-04 19:44:17",445
"2020-01-04 20:44:18",445
"2020-01-04 21:44:44",445
"2020-01-04 22:44:10",445
"2020-01-04 23:44:30",445
"2020-01-05 00:44:11",445
"2020-01-05 01:44:41",445
"2020-01-05 02:44:31",445
"2020-01-05 03:44:31",445
"2020-01-05 04:44:10",445
"2020-01-05 05:44:16",445
"2020-01-05 06:44:12",445
"2020-01-05 07:44:13",445
"2020-01-05 08:44:01",445
"2020-01-05 09:44:06",445
"2020-01-05 10:44:06",445
"2020-01-05 11:44:14",445
"2020-01-05 12:44:06",445
"2020-01-05 13:44:13",445
"2020-01-05 14:44:11",445
"2020-01-05 15:44:11",445
"2020-01-05 16:44:16",445
"2020-01-05 17:44:47",445
"2020-01-05 18:44:30",445
"2020-01-05 20:44:18",445
"2020-01-05 21:44:40",445
"2020-01-05 22:44:18",445
"2020-01-05 23:44:17",445
"2020-01-06 00:44:25",445
"2020-01-06 01:44:23",445
"2020-01-06 02:44:37",445
"2020-01-06 03:44:30",445
"2020-01-06 04:44:39",445
"2020-01-06 05:44:27",445
"2020-01-06 06:44:18",445
"2020-01-06 07:44:15",445
"2020-01-06 08:44:17",445
"2020-01-16 06:44:12",436
"2020-01-16 07:44:05",436
"2020-01-16 08:44:13",436
"2020-01-16 09:44:10",436
"2020-01-16 10:44:09",436
"2020-01-16 11:44:11",436
"2020-01-16 12:44:08",436
"2020-01-16 14:09:22",436
"2020-01-16 15:44:12",436
"2020-01-16 16:44:18",438
"2020-01-16 17:44:20",438
"2020-01-16 18:44:09",438
"2020-01-16 19:44:15",437
"2020-01-16 20:44:12",438
"2020-01-16 21:44:11",439
"2020-01-16 22:44:15",439
"2020-01-16 23:44:09",439
"2020-01-17 00:44:29",439
"2020-01-17 01:44:38",439
"2020-01-17 02:44:10",439
"2020-01-17 03:44:07",439
"2020-01-17 04:44:08",439
"2020-01-17 05:44:09",439
"2020-01-17 06:44:16",439
"2020-01-17 07:44:01",439
"2020-01-17 08:44:04",439
"2020-01-17 09:44:38",439
"2020-01-17 10:43:57",439
"2020-01-17 11:44:00",439
"2020-01-17 12:44:04",439
"2020-01-17 14:07:23",439
"2020-01-17 14:44:17",439
"2020-01-17 15:44:14",439
"2020-01-17 16:44:15",438
"2020-01-17 17:44:10",438
"2020-01-17 18:44:11",438
"2020-01-17 19:44:09",438
"2020-01-17 20:44:08",437
"2020-01-17 21:44:04",436
"2020-01-17 22:44:07",436
"2020-01-17 23:44:05",436
"2020-01-18 00:44:25",436
"2020-01-18 01:44:07",436
"2020-01-18 02:44:07",436
"2020-01-18 03:44:08",436
"2020-01-18 04:44:10",436
"2020-01-18 05:44:13",436
"2020-01-18 06:43:59",436
"2020-01-18 07:44:06",436
"2020-01-18 08:44:10",436
"2020-01-18 09:44:00",436
"2020-01-18 10:44:02",436
"2020-01-18 11:44:02",436
"2020-01-18 12:44:04",436
"2020-01-18 13:44:09",436
"2020-01-18 14:44:09",436
"2020-01-18 15:44:11",436
"2020-01-18 16:44:01",436
"2020-01-18 17:44:17",436
"2020-01-18 18:44:04",436
"2020-01-18 19:44:34",436
"2020-01-18 20:44:08",436
"2020-01-18 21:44:10",436
"2020-01-18 22:44:11",436
"2020-01-18 23:44:04",436
"2020-01-19 00:44:00",436
"2020-01-19 01:44:11",436
"2020-01-19 02:44:09",436
"2020-01-19 03:44:17",436
"2020-01-19 04:44:08",436
"2020-01-19 05:44:05",436
"2020-01-19 06:44:04",436
"2020-01-19 07:44:00",436
"2020-01-19 08:44:19",436
"2020-01-19 09:44:06",436
"2020-01-19 10:43:57",436
"2020-01-19 11:44:01",436
"2020-01-19 12:44:07",436
"2020-01-19 13:44:01",436
"2020-01-19 14:44:20",436
"2020-01-19 15:44:34",436
"2020-01-19 16:44:06",436
"2020-01-19 17:44:06",436
"2020-01-19 18:44:00",436
"2020-01-19 19:44:36",436
"2020-01-19 20:44:03",436
"2020-01-19 21:44:09",436
"2020-01-19 22:44:07",436
"2020-01-19 23:44:43",436
"2020-01-20 00:44:35",436
"2020-01-20 01:44:36",436
"2020-01-20 02:44:24",436
"2020-01-20 03:44:34",436
"2020-01-20 04:44:28",436
"2020-01-20 05:43:59",436
"2020-01-20 06:44:34",436
"2020-01-20 07:44:04",436
"2020-01-20 08:44:32",436
"2020-01-20 09:52:15",436
"2020-01-20 10:44:23",436
"2020-01-20 11:44:02",436
"2020-01-20 12:44:01",436
"2020-01-20 13:44:24",436
"2020-01-20 14:44:23",436
"2020-01-20 15:44:34",436
"2020-01-20 16:44:07",436
"2020-01-20 17:44:30",436
"2020-01-20 18:44:04",436
"2020-01-20 19:44:31",436
"2020-01-20 20:44:32",436
"2020-01-20 21:44:30",436
"2020-01-20 22:44:36",436
"2020-01-20 23:44:29",436
"2020-01-21 00:44:34",436
"2020-01-21 01:44:29",436
"2020-01-21 02:44:33",436
"2020-01-21 03:44:03",436
"2020-01-21 04:44:12",436
"2020-01-21 05:44:09",436
"2020-01-21 06:44:02",436
"2020-01-21 07:44:02",436
"2020-01-21 08:44:08",436
"2020-01-21 10:00:45",436
"2020-01-21 10:44:33",436
"2020-01-21 11:44:08",436
"2020-01-21 12:44:06",436
"2020-01-21 13:44:08",436
"2020-01-21 15:44:42",433
"2020-01-21 16:44:13",433
"2020-01-21 17:44:37",432
"2020-01-21 18:44:14",430
"2020-01-21 19:44:37",430
"2020-01-21 20:44:11",431
"2020-01-21 21:44:36",433
"2020-01-21 22:44:28",433
"2020-01-21 23:44:05",433
"2020-01-22 00:44:09",433
"2020-01-22 01:44:10",433
"2020-01-22 02:44:32",433
"2020-01-22 03:44:16",433
"2020-01-22 04:44:15",433
"2020-01-22 05:44:13",433
"2020-01-22 06:44:07",433
"2020-01-22 07:44:10",433
"2020-01-22 08:44:13",433
"2020-01-22 09:56:56",433
"2020-01-22 10:43:57",433
"2020-01-22 11:44:04",433
"2020-01-22 12:44:30",433
"2020-01-22 13:44:35",433
"2020-01-22 14:44:26",433
"2020-01-22 15:44:13",435
"2020-01-22 16:44:37",435
"2020-01-22 17:44:26",434
"2020-01-22 18:44:30",435
"2020-01-22 19:44:38",438
"2020-01-22 20:44:35",438
"2020-01-22 21:44:37",439
"2020-01-22 22:44:18",439
"2020-01-22 23:44:32",439
"2020-01-23 00:44:37",439
"2020-01-23 01:44:36",439
"2020-01-23 02:44:14",439
"2020-01-23 03:44:12",439
"2020-01-23 04:44:14",439
"2020-01-23 05:44:04",439
"2020-01-23 06:44:12",439
"2020-01-23 07:44:09",439
"2020-01-23 08:44:10",439
"2020-01-23 10:44:01",439
"2020-01-23 11:44:08",439
"2020-01-23 12:44:03",439
"2020-01-23 14:08:53",439
"2020-01-23 14:44:26",439
"2020-01-23 15:44:12",436
"2020-01-23 16:44:07",437
"2020-01-23 17:44:06",435
"2020-01-23 18:44:16",435
"2020-01-23 19:44:07",435
"2020-01-23 20:44:13",434
"2020-01-23 21:44:18",434
"2020-01-23 22:44:11",434
"2020-01-23 23:44:15",434
"2020-01-24 00:44:08",434
"2020-01-24 01:44:16",434
"2020-01-24 02:44:34",434
"2020-01-24 03:44:06",434
"2020-01-24 04:44:05",434
"2020-01-24 05:44:16",434
"2020-01-24 06:44:03",434
"2020-01-24 07:44:13",434
"2020-01-24 08:44:05",434
"2020-01-24 09:55:00",434
"2020-01-24 10:44:06",434
"2020-01-24 11:43:59",434
"2020-01-24 12:44:06",434
"2020-01-24 14:07:53",434
"2020-01-24 14:44:16",434
"2020-01-24 15:44:11",437
"2020-01-24 16:44:13",438
"2020-01-24 17:44:07",438
"2020-01-24 18:44:10",438
"2020-01-24 19:44:15",436
"2020-01-24 20:44:14",437
"2020-01-24 21:44:11",438
"2020-01-24 22:44:06",439
"2020-01-24 23:44:11",439
"2020-01-25 00:44:06",439
"2020-01-25 01:44:11",439
"2020-01-25 02:44:18",439
"2020-01-25 03:44:12",439
"2020-01-25 04:44:13",439
"2020-01-25 05:44:17",439
"2020-01-25 06:44:11",439
"2020-01-25 07:44:12",439
"2020-01-25 08:44:15",439
"2020-01-25 09:55:28",439
"2020-01-25 10:44:09",439
"2020-01-25 11:44:07",439
"2020-01-25 12:44:15",439
"2020-01-25 14:44:04",439
"2020-01-25 15:44:09",439
"2020-01-25 16:44:11",439
"2020-01-25 17:44:17",439
"2020-01-25 18:44:11",439
"2020-01-25 19:44:09",439
"2020-01-25 20:44:10",439
"2020-01-25 21:44:04",439
"2020-01-25 22:44:10",439
"2020-01-25 23:44:06",439
"2020-01-26 00:44:12",439
"2020-01-26 01:44:09",439
"2020-01-26 02:44:14",439
"2020-01-26 03:44:15",439
"2020-01-26 04:44:09",439
"2020-01-26 06:44:06",439
"2020-01-26 07:44:04",439
"2020-01-27 02:44:09",439
"2020-01-27 03:44:12",439
"2020-01-27 04:44:21",439
"2020-01-27 05:44:18",439
"2020-01-27 06:44:19",439
"2020-01-27 07:44:12",439
"2020-01-27 08:44:14",439
"2020-01-27 09:44:19",439
"2020-01-27 10:44:12",439
"2020-01-27 11:44:11",439
"2020-01-27 12:44:05",439
"2020-01-27 13:44:13",439
"2020-01-27 14:44:59",439
"2020-01-27 15:44:36",456
"2020-01-27 16:44:22",454
"2020-01-27 17:44:26",452
"2020-01-27 18:44:20",452
"2020-01-27 19:44:32",452
"2020-01-27 20:44:23",454
"2020-01-27 21:44:19",454
"2020-01-27 22:44:44",454
"2020-01-27 23:44:27",454
"2020-01-28 00:44:09",454
"2020-01-28 01:44:23",454
"2020-01-28 02:44:25",454
"2020-01-28 03:44:18",454
"2020-01-28 04:44:20",454
"2020-01-28 05:44:22",454
"2020-01-28 06:44:05",454
"2020-01-28 07:44:06",454
"2020-01-28 08:44:17",454
"2020-01-28 09:44:31",454
"2020-01-28 10:44:04",454
"2020-01-28 11:44:11",454
"2020-01-28 12:44:07",454
"2020-01-28 14:08:26",454
"2020-01-28 14:44:38",454
"2020-01-28 15:44:26",456
"2020-01-28 16:44:26",457
"2020-01-28 17:44:20",456
"2020-01-28 18:44:21",456
"2020-01-28 19:44:23",457
"2020-01-28 21:44:34",455
"2020-01-28 22:44:27",455
"2020-01-28 23:44:12",455
"2020-01-29 00:44:15",455
"2020-01-29 01:44:19",455
"2020-01-29 02:44:38",455
"2020-01-29 03:44:26",455
"2020-01-29 04:44:22",455
"2020-01-29 05:44:19",455
"2020-01-29 06:44:14",455
"2020-01-29 07:44:06",455
"2020-01-29 08:44:17",455
"2020-01-29 09:44:21",455
"2020-01-29 10:44:07",455
"2020-01-29 11:44:08",455
"2020-01-29 12:44:11",455
"2020-01-29 13:44:28",455
"2020-01-29 14:44:29",455
"2020-01-29 15:44:33",456
"2020-01-29 16:44:19",455
"2020-01-29 17:44:32",454
"2020-01-29 18:44:26",453
"2020-01-29 19:44:25",454
"2020-01-29 20:44:30",454
"2020-01-29 21:44:27",454
"2020-01-29 22:44:13",454
"2020-01-29 23:44:15",454
"2020-01-30 00:44:26",454
"2020-01-30 01:44:31",454
"2020-01-30 02:44:29",454
"2020-01-30 03:44:11",454
"2020-01-30 04:44:33",454
"2020-01-30 05:44:36",454
"2020-01-30 06:44:28",454
"2020-01-30 07:44:14",454
"2020-01-30 08:44:15",454
"2020-01-30 09:44:18",454
"2020-01-30 10:44:01",454
"2020-01-30 11:44:09",454
"2020-01-30 12:44:13",454
"2020-01-30 13:44:12",454
"2020-01-30 14:44:32",456
"2020-01-30 15:44:27",456
"2020-01-30 16:44:30",457
"2020-01-30 17:44:26",455
"2020-01-30 18:44:25",455
"2020-01-30 19:44:32",457
"2020-01-30 20:44:16",456
"2020-01-30 21:44:31",458
"2020-01-30 22:44:08",458
"2020-01-30 23:44:10",458
"2020-01-31 00:44:18",458
"2020-01-31 01:44:28",458
"2020-01-31 02:44:20",458
"2020-01-31 03:44:20",458
"2020-01-31 04:44:14",458
"2020-01-31 05:44:12",458
"2020-01-31 06:44:06",458
"2020-01-31 07:44:10",458
"2020-01-31 08:44:24",458
"2020-01-31 09:44:20",458
"2020-01-31 10:44:12",458
"2020-01-31 11:44:06",458
"2020-01-31 12:44:10",458
"2020-01-31 13:44:18",458
"2020-01-31 14:44:24",458
"2020-01-31 15:44:17",459
"2020-01-31 16:44:18",459
"2020-01-31 17:44:16",459
"2020-01-31 18:44:19",460
"2020-01-31 19:44:16",460
"2020-01-31 20:44:17",460
"2020-01-31 21:44:09",461
"2020-01-31 22:44:12",461
"2020-01-31 23:44:14",461
"2020-02-01 00:44:10",461
"2020-02-01 01:44:28",461
"2020-02-01 02:44:12",461
"2020-02-01 03:44:12",461
"2020-02-01 04:44:17",461
"2020-02-01 05:44:24",461
"2020-02-01 06:44:19",461
"2020-02-01 07:44:13",461
"2020-02-01 08:44:14",461
"2020-02-01 09:44:17",461
"2020-02-01 10:44:07",461
"2020-02-01 11:44:08",461
"2020-02-01 12:44:05",461
"2020-02-01 13:44:14",461
"2020-02-01 14:44:16",461
"2020-02-01 15:44:13",461
"2020-02-01 16:44:11",461
"2020-02-01 17:44:21",461
"2020-02-01 18:44:14",461
"2020-02-01 19:44:17",461
"2020-02-01 20:44:17",461
"2020-02-01 21:44:31",461
"2020-02-01 22:44:19",461
"2020-02-01 23:44:24",461
"2020-02-02 00:44:21",461
"2020-02-02 01:44:30",461
"2020-02-02 02:44:16",461
"2020-02-02 03:44:16",461
"2020-02-02 04:44:20",461
"2020-02-02 05:44:22",461
"2020-02-02 06:44:20",461
"2020-02-02 07:44:17",461
"2020-02-02 08:44:21",461
"2020-02-02 09:44:21",461
"2020-02-02 10:44:14",461
"2020-02-02 11:44:14",461
"2020-02-02 12:44:20",461
"2020-02-02 13:44:22",461
"2020-02-02 14:44:19",461
"2020-02-02 15:44:20",461
"2020-02-02 16:44:21",461
"2020-02-02 17:44:25",461
"2020-02-02 18:44:18",461
"2020-02-02 19:44:22",461
"2020-02-02 20:44:25",461
"2020-02-02 21:44:19",461
"2020-02-02 22:44:23",461
"2020-02-02 23:44:32",461
"2020-02-03 00:44:40",461
"2020-02-03 01:44:30",461
"2020-02-03 02:44:25",461
"2020-02-03 03:44:25",461
"2020-02-03 04:44:26",461
"2020-02-03 05:44:23",461
"2020-02-03 06:44:15",461
"2020-02-03 07:44:20",461
"2020-02-03 08:44:22",461
"2020-02-03 09:44:28",461
"2020-02-03 10:44:19",461
"2020-02-03 11:44:18",461
"2020-02-03 12:44:12",461
"2020-02-03 14:45:04",459
"2020-02-03 14:52:51",459
"2020-02-03 15:44:33",462
"2020-02-03 16:44:29",462
"2020-02-03 17:44:30",460
"2020-02-03 18:44:33",461
"2020-02-03 19:44:30",460
"2020-02-03 20:44:28",461
"2020-02-03 21:44:24",461
"2020-02-03 22:44:22",462
"2020-02-03 23:44:26",462
"2020-02-04 00:44:25",462
"2020-02-04 01:44:24",462
"2020-02-04 02:44:34",462
"2020-02-04 03:44:31",462
"2020-02-04 04:44:27",462
"2020-02-04 05:44:33",462
"2020-02-04 06:44:23",462
"2020-02-04 07:44:29",462
"2020-02-04 08:44:11",462
"2020-02-04 09:44:32",462
"2020-02-04 10:44:17",462
"2020-02-04 11:44:26",462
"2020-02-04 12:44:26",462
"2020-02-04 14:11:59",462
"2020-02-04 15:44:30",459
"2020-02-04 16:44:29",461
"2020-02-04 17:44:28",460
"2020-02-04 18:44:27",457
"2020-02-04 19:44:25",457
"2020-02-04 20:44:21",457
"2020-02-04 21:44:26",456
"2020-02-04 22:44:24",456
"2020-02-04 23:44:28",456
"2020-02-05 00:44:24",456
"2020-02-05 01:44:30",456
"2020-02-05 02:44:26",456
"2020-02-05 03:44:23",456
"2020-02-05 04:44:48",456
"2020-02-05 05:44:21",456
"2020-02-05 06:44:33",456
"2020-02-05 07:44:24",456
"2020-02-05 08:44:25",456
"2020-02-05 09:44:25",456
"2020-02-05 10:44:22",456
"2020-02-05 11:44:24",456
"2020-02-05 12:44:27",456
"2020-02-05 14:05:58",456
"2020-02-05 14:44:38",456
"2020-02-05 15:44:32",455
"2020-02-05 16:44:33",454
"2020-02-05 17:44:25",454
"2020-02-05 18:44:19",455
"2020-02-05 19:44:27",455
"2020-02-05 20:44:34",456
"2020-02-05 21:44:27",456
"2020-02-05 22:44:27",456
"2020-02-05 23:44:25",456
"2020-02-06 00:44:35",456
"2020-02-06 01:44:32",456
"2020-02-06 02:44:36",456
"2020-02-06 03:44:44",456
"2020-02-06 04:44:39",456
"2020-02-06 05:44:27",456
"2020-02-06 06:44:21",456
"2020-02-06 07:44:28",456
"2020-02-06 08:44:24",456
"2020-02-06 09:44:21",456
"2020-02-06 10:44:12",456
"2020-02-06 11:44:20",456
"2020-02-06 12:44:24",456
"2020-02-06 13:44:22",456
"2020-02-06 14:44:32",456
"2020-02-06 15:44:39",454
"2020-02-06 16:44:24",454
"2020-02-06 17:44:27",452
"2020-02-06 18:44:30",452
"2020-02-06 19:44:31",452
"2020-02-06 20:44:31",452
"2020-02-06 21:44:26",452
"2020-02-06 22:44:31",452
"2020-02-06 23:44:23",452
"2020-02-07 00:44:22",452
"2020-02-07 01:44:34",452
"2020-02-07 02:44:23",452
"2020-02-07 03:44:31",452
"2020-02-07 04:44:28",452
"2020-02-07 05:44:34",452
"2020-02-07 06:44:37",452
"2020-02-07 07:44:29",452
"2020-02-07 08:44:27",452
"2020-02-07 09:44:31",452
"2020-02-07 10:44:26",452
"2020-02-07 11:44:24",452
"2020-02-07 12:44:20",452
"2020-02-07 14:07:28",452
"2020-02-07 14:44:36",452
"2020-02-07 15:44:26",452
"2020-02-07 16:44:31",452
"2020-02-07 17:44:38",448
"2020-02-07 18:44:26",448
"2020-02-07 19:44:32",447
"2020-02-07 20:44:27",448
"2020-02-07 21:44:22",447
"2020-02-07 22:44:28",447
"2020-02-07 23:44:19",447
"2020-02-08 00:44:23",447
"2020-02-08 01:44:20",447
"2020-02-08 02:44:25",447
"2020-02-08 03:44:27",447
"2020-02-08 04:44:24",447
"2020-02-08 05:44:24",447
"2020-02-08 06:44:24",447
"2020-02-08 07:44:28",447
"2020-02-08 08:44:19",447
"2020-02-08 09:44:24",447
"2020-02-08 10:44:14",447
"2020-02-08 11:44:22",447
"2020-02-08 12:44:20",447
"2020-02-08 13:44:19",447
"2020-02-08 14:44:30",447
"2020-02-08 15:44:26",447
"2020-02-08 16:44:28",447
"2020-02-08 17:44:31",447
"2020-02-08 18:47:11",447
"2020-02-08 19:44:21",447
"2020-02-08 20:44:31",447
"2020-02-08 21:44:28",447
"2020-02-08 22:44:22",447
"2020-02-08 23:44:23",447
"2020-02-09 00:44:18",447
"2020-02-09 01:44:22",447
"2020-02-09 02:44:33",447
"2020-02-09 03:44:27",447
"2020-02-09 04:44:19",447
"2020-02-09 05:44:23",447
"2020-02-09 06:44:25",447
"2020-02-09 07:44:24",447
"2020-02-09 08:44:22",447
"2020-02-09 09:44:25",447
"2020-02-09 10:44:25",447
"2020-02-09 11:44:26",447
"2020-02-09 12:44:20",447
"2020-02-09 13:44:21",447
"2020-02-09 14:44:20",447
"2020-02-09 15:44:27",447
"2020-02-09 16:44:22",447
"2020-02-09 17:44:27",447
"2020-02-09 18:44:23",447
"2020-02-09 19:44:29",447
"2020-02-09 20:44:26",447
"2020-02-09 21:44:40",447
"2020-02-09 22:44:22",447
"2020-02-09 23:44:53",447
"2020-02-10 00:44:27",447
"2020-02-10 01:44:25",447
"2020-02-10 02:44:27",447
"2020-02-10 03:44:25",447
"2020-02-10 04:44:22",447
"2020-02-10 05:44:35",447
"2020-02-10 06:44:33",447
"2020-02-10 07:44:23",447
"2020-02-10 08:44:20",447
"2020-02-10 09:44:27",447
"2020-02-10 10:44:25",447
"2020-02-10 11:44:22",447
"2020-02-10 12:44:20",447
"2020-02-10 13:44:20",447
"2020-02-10 14:44:33",447
"2020-02-10 15:44:34",445
"2020-02-10 16:44:34",446
"2020-02-10 17:44:24",446
"2020-02-10 18:44:31",447
"2020-02-10 19:44:28",447
"2020-02-10 20:44:35",447
"2020-02-10 21:44:30",447
"2020-02-10 22:44:25",447
"2020-02-10 23:44:25",447
"2020-02-11 00:44:32",447
"2020-02-11 01:44:44",447
"2020-02-11 02:44:28",447
"2020-02-11 03:44:27",447
"2020-02-11 04:44:30",447
"2020-02-11 05:44:27",447
"2020-02-11 06:44:32",447
"2020-02-11 07:44:22",447
"2020-02-11 08:44:30",447
"2020-02-11 09:44:30",447
"2020-02-11 10:44:18",447
"2020-02-11 11:44:20",447
"2020-02-11 12:44:14",447
"2020-02-11 14:07:58",447
"2020-02-11 14:44:40",447
"2020-02-11 15:44:30",448
"2020-02-11 16:44:34",447
"2020-02-11 17:44:29",446
"2020-02-11 18:44:30",448
"2020-02-11 19:44:31",448
"2020-02-11 20:44:31",446
"2020-02-11 21:46:27",445
"2020-02-11 22:44:43",445
"2020-02-11 23:44:20",445
"2020-02-12 00:44:44",445
"2020-02-12 01:44:27",445
"2020-02-12 02:44:50",445
"2020-02-12 03:44:26",445
"2020-02-12 04:44:29",445
"2020-02-12 05:44:28",445
"2020-02-12 06:44:31",445
"2020-02-12 07:44:23",445
"2020-02-12 08:44:25",445
"2020-02-12 09:44:31",445
"2020-02-12 10:44:18",445
"2020-02-12 11:44:21",445
"2020-02-12 12:44:21",445
"2020-02-12 14:07:58",445
"2020-02-12 14:44:37",445
"2020-02-12 15:44:34",444
"2020-02-12 16:44:25",444
"2020-02-12 17:44:29",444
"2020-02-12 18:44:31",444
"2020-02-12 19:44:29",443
"2020-02-12 20:44:33",443
"2020-02-12 21:44:29",442
"2020-02-12 22:44:14",442
"2020-02-12 23:44:10",442
"2020-02-13 00:44:32",442
"2020-02-13 01:44:18",442
"2020-02-13 02:44:35",442
"2020-02-13 03:44:29",442
"2020-02-13 04:44:25",442
"2020-02-13 05:44:25",442
"2020-02-13 06:44:37",442
"2020-02-13 07:44:17",442
"2020-02-13 08:44:24",442
"2020-02-13 09:44:15",442
"2020-02-13 10:44:05",442
"2020-02-13 11:44:26",442
"2020-02-13 12:44:15",442
"2020-02-13 14:07:56",442
"2020-02-13 14:44:24",442
"2020-02-13 15:44:27",441
"2020-02-13 16:44:21",441
"2020-02-13 17:44:37",442
"2020-02-13 18:44:38",442
"2020-02-13 19:44:30",441
"2020-02-13 20:44:21",441
"2020-02-13 21:44:24",441
"2020-02-13 22:44:18",441
"2020-02-13 23:44:17",441
"2020-02-14 00:44:15",441
"2020-02-14 01:44:27",441
"2020-02-14 02:44:29",441
"2020-02-14 03:44:19",441
"2020-02-14 04:44:23",441
"2020-02-14 05:44:17",441
"2020-02-14 06:44:09",441
"2020-02-14 07:44:07",441
"2020-02-14 08:44:23",441
"2020-02-14 09:44:17",441
"2020-02-14 10:44:13",441
"2020-02-14 11:44:10",441
"2020-02-14 12:44:15",441
"2020-02-14 13:44:22",441
"2020-02-14 14:44:26",441
"2020-02-14 15:44:34",440
"2020-02-14 16:44:21",441
"2020-02-14 17:44:22",442
"2020-02-14 18:44:11",442
"2020-02-14 19:44:19",442
"2020-02-14 20:44:26",442
"2020-02-14 21:44:14",442
"2020-02-14 22:44:10",442
"2020-02-14 23:44:27",442
"2020-02-15 00:44:12",442
"2020-02-15 01:44:24",442
"2020-02-15 02:44:19",442
"2020-02-15 03:44:14",442
"2020-02-15 04:44:18",442
"2020-02-15 05:43:59",442
"2020-02-15 06:44:14",442
"2020-02-15 07:44:03",442
"2020-02-15 08:43:59",442
"2020-02-15 09:44:04",442
"2020-02-15 10:43:57",442
"2020-02-15 11:44:01",442
"2020-02-15 12:44:08",442
"2020-02-15 13:44:00",442
"2020-02-15 14:44:03",442
"2020-02-15 15:44:04",442
"2020-02-15 16:43:59",442
"2020-02-15 17:44:00",442
"2020-02-15 18:44:15",442
"2020-02-15 19:43:59",442
"2020-02-15 20:44:00",442
"2020-02-15 21:44:00",442
"2020-02-15 22:44:01",442
"2020-02-15 23:44:01",442
"2020-02-16 00:44:00",442
"2020-02-16 01:44:00",442
"2020-02-16 02:43:59",442
"2020-02-16 03:43:57",442
"2020-02-16 04:44:02",442
"2020-02-16 05:44:01",442
"2020-02-16 06:43:58",442
"2020-02-16 07:43:59",442
"2020-02-16 08:44:00",442
"2020-02-16 09:44:02",442
"2020-02-16 10:43:59",442
"2020-02-16 11:44:01",442
"2020-02-16 12:44:01",442
"2020-02-16 13:43:59",442
"2020-02-16 14:44:03",442
"2020-02-16 15:44:15",442
"2020-02-16 16:44:12",442
"2020-02-16 17:44:01",442
"2020-02-16 18:44:03",442
"2020-02-16 19:44:00",442
"2020-02-16 20:44:00",442
"2020-02-16 21:43:59",442
"2020-02-16 22:44:01",442
"2020-02-16 23:44:02",442
"2020-02-17 00:44:01",442
"2020-02-17 01:43:58",442
"2020-02-17 02:44:05",442
"2020-02-17 03:44:00",442
"2020-02-17 04:44:02",442
"2020-02-17 05:44:02",442
"2020-02-17 06:44:02",442
"2020-02-17 07:44:00",442
"2020-02-17 08:44:01",442
"2020-02-17 09:44:02",442
"2020-02-17 10:44:00",442
"2020-02-17 11:43:59",442
"2020-02-17 12:44:09",442
"2020-02-17 13:43:58",442
"2020-02-17 14:43:56",442
"2020-02-17 15:44:00",442
"2020-02-17 16:44:07",442
"2020-02-17 17:43:58",442
"2020-02-17 18:44:00",442
"2020-02-17 19:43:58",442
"2020-02-17 20:43:59",442
"2020-02-17 22:44:05",442
"2020-02-17 23:44:11",442
"2020-02-18 00:43:58",442
"2020-02-18 01:43:59",442
"2020-02-18 02:44:05",442
"2020-02-18 03:44:01",442
"2020-02-18 04:44:01",442
"2020-02-18 05:44:21",442
"2020-02-18 06:44:06",442
"2020-02-18 07:44:08",442
"2020-02-18 08:44:15",442
"2020-02-18 09:44:15",442
"2020-02-18 10:44:09",442
"2020-02-18 11:44:08",442
"2020-02-18 12:44:26",442
"2020-02-18 14:08:26",442
"2020-02-18 14:44:27",442
"2020-02-18 15:44:23",443
"2020-02-18 16:44:24",443
"2020-02-18 17:44:17",443
"2020-02-18 18:44:15",444
"2020-02-18 19:44:18",444
"2020-02-18 20:44:19",443
"2020-02-18 21:44:12",443
"2020-02-18 22:44:10",443
"2020-02-18 23:44:16",443
"2020-02-19 01:44:16",443
"2020-02-19 02:44:19",443
"2020-02-19 03:44:21",443
"2020-02-19 04:44:14",443
"2020-02-19 05:44:11",443
"2020-02-19 06:44:20",443
"2020-02-19 07:44:10",443
"2020-02-19 08:44:10",443
"2020-02-19 09:44:20",443
"2020-02-19 10:44:05",443
"2020-02-19 11:44:05",443
"2020-02-19 12:44:13",443
"2020-02-19 14:09:57",443
"2020-02-19 14:44:29",443
"2020-02-19 15:44:29",444
"2020-02-19 16:44:14",443
"2020-02-19 17:44:20",444
"2020-02-19 18:44:18",444
"2020-02-19 19:44:10",444
"2020-02-19 20:44:12",444
"2020-02-19 21:44:32",445
"2020-02-19 22:44:18",444
"2020-02-19 23:44:13",444
"2020-02-20 00:44:14",444
"2020-02-20 01:44:21",444
"2020-02-20 02:44:25",444
"2020-02-20 03:44:18",444
"2020-02-20 04:44:20",444
"2020-02-20 05:44:14",444
"2020-02-20 06:44:30",444
"2020-02-20 07:44:20",444
"2020-02-20 08:44:25",444
"2020-02-20 09:44:16",444
"2020-02-20 10:44:21",444
"2020-02-20 11:44:19",444
"2020-02-20 12:44:23",444
"2020-02-20 13:44:27",444
"2020-02-20 14:44:11",444
"2020-02-20 15:44:15",445
"2020-02-20 16:44:10",445
"2020-02-20 17:44:19",444
"2020-02-20 18:44:29",443
"2020-02-20 19:44:40",443
"2020-02-20 20:44:35",443
"2020-02-20 21:44:31",443
"2020-02-20 22:44:34",443
"2020-02-20 23:44:28",443
"2020-02-21 00:44:30",443
"2020-02-21 01:44:29",443
"2020-02-21 02:44:38",443
"2020-02-21 03:44:57",443
"2020-02-21 04:45:00",443
"2020-02-21 05:44:36",443
"2020-02-21 06:44:38",443
"2020-02-21 07:44:40",443
"2020-02-21 08:44:34",443
"2020-02-21 09:44:58",443
"2020-02-21 10:45:21",443
"2020-02-21 11:44:52",443
"2020-02-21 12:44:51",443
"2020-02-21 13:44:56",443
"2020-02-21 14:44:53",443
"2020-02-21 15:45:08",444
"2020-02-21 16:45:21",445
"2020-02-21 17:45:16",445
"2020-02-21 18:44:58",444
"2020-02-21 19:44:40",443
"2020-02-21 20:44:36",443
"2020-02-21 21:44:58",441
"2020-02-21 22:44:41",441
"2020-02-21 23:46:02",441
"2020-02-22 00:45:11",441
"2020-02-22 01:44:44",441
"2020-02-22 02:44:46",441
"2020-02-22 03:45:09",441
"2020-02-22 04:44:55",441
"2020-02-22 05:44:39",441
"2020-02-22 06:44:18",441
"2020-02-22 07:44:37",441
"2020-02-22 08:44:57",441
"2020-02-22 09:44:17",441
"2020-02-22 10:44:31",441
"2020-02-22 11:44:17",441
"2020-02-22 12:44:43",441
"2020-02-22 13:45:48",441
"2020-02-22 14:44:17",441
"2020-02-22 15:44:24",441
"2020-02-22 16:45:10",441
"2020-02-22 17:44:50",441
"2020-02-22 18:44:23",441
"2020-02-22 19:44:22",441
"2020-02-22 20:44:42",441
"2020-02-22 21:45:29",441
"2020-02-22 22:44:56",441
"2020-02-22 23:44:17",441
"2020-02-23 00:44:22",441
"2020-02-23 01:44:30",441
"2020-02-23 02:44:38",441
"2020-02-23 03:44:25",441
"2020-02-23 04:44:45",441
"2020-02-23 05:44:43",441
"2020-02-23 06:44:24",441
"2020-02-23 07:44:29",441
"2020-02-23 08:44:57",441
"2020-02-23 09:44:24",441
"2020-02-23 10:44:25",441
"2020-02-23 11:44:25",441
"2020-02-23 12:44:25",441
"2020-02-23 13:44:26",441
"2020-02-23 14:44:44",441
"2020-02-23 15:44:24",441
"2020-02-23 16:44:28",441
"2020-02-23 17:44:19",441
"2020-02-23 18:44:26",441
"2020-02-23 19:44:27",441
"2020-02-23 20:44:26",441
"2020-02-23 21:44:45",441
"2020-02-23 22:44:14",441
"2020-02-23 23:44:27",441
"2020-02-24 00:44:53",441
"2020-02-24 01:44:18",441
"2020-02-24 02:44:49",441
"2020-02-24 03:44:25",441
"2020-02-24 04:44:32",441
"2020-02-24 05:45:07",441
"2020-02-24 06:44:39",441
"2020-02-24 07:44:35",441
"2020-02-24 08:44:43",441
"2020-02-24 09:56:22",441
"2020-02-24 10:44:28",441
"2020-02-24 11:45:01",441
"2020-02-24 12:44:30",441
"2020-02-24 13:44:51",441
"2020-02-24 14:45:20",441
"2020-02-24 15:44:41",447
"2020-02-24 16:45:04",447
"2020-02-24 17:44:41",447
"2020-02-24 18:44:48",448
"2020-02-24 19:45:07",448
"2020-02-24 20:45:04",448
"2020-02-24 21:45:01",449
"2020-02-24 22:45:01",449
"2020-02-24 23:44:34",449
"2020-02-25 00:44:39",449
"2020-02-25 01:44:33",449
"2020-02-25 02:44:49",449
"2020-02-25 03:44:44",449
"2020-02-25 04:44:42",449
"2020-02-25 05:45:20",449
"2020-02-25 06:44:45",449
"2020-02-25 07:44:49",449
"2020-02-25 08:44:59",449
"2020-02-25 09:57:06",449
"2020-02-25 10:44:53",449
"2020-02-25 11:44:42",449
"2020-02-25 12:44:45",449
"2020-02-25 14:09:23",449
"2020-02-25 14:44:49",449
"2020-02-25 15:44:48",448
"2020-02-25 16:44:47",447
"2020-02-25 17:44:46",447
"2020-02-25 18:44:59",446
"2020-02-25 19:44:39",445
"2020-02-25 20:45:08",445
"2020-02-25 21:45:03",445
"2020-02-25 22:44:38",445
"2020-02-25 23:44:42",445
"2020-02-26 00:44:40",445
"2020-02-26 01:44:46",445
"2020-02-26 02:44:41",445
"2020-02-26 03:44:37",445
"2020-02-26 04:45:08",445
"2020-02-26 05:45:01",445
"2020-02-26 06:45:03",445
"2020-02-26 07:45:19",445
"2020-02-26 08:44:55",445
"2020-02-26 09:44:44",445
"2020-02-26 10:44:40",445
"2020-02-26 11:44:53",445
"2020-02-26 12:44:31",445
"2020-02-26 13:45:06",445
"2020-02-26 14:45:22",445
"2020-02-26 15:45:06",444
"2020-02-26 16:44:44",444
"2020-02-26 17:44:50",444
"2020-02-26 18:44:47",443
"2020-02-26 19:45:04",444
"2020-02-26 20:45:00",445
"2020-02-26 21:44:56",445
"2020-02-26 22:45:04",445
"2020-02-26 23:45:02",445
"2020-02-27 00:44:39",445
"2020-02-27 01:44:43",445
"2020-02-27 02:44:35",445
"2020-02-27 03:45:11",445
"2020-02-27 04:44:42",445
"2020-02-27 05:44:40",445
"2020-02-27 06:44:39",445
"2020-02-27 07:44:33",445
"2020-02-27 08:45:01",445
"2020-02-27 09:44:48",445
"2020-02-27 10:45:01",445
"2020-02-27 11:44:46",445
"2020-02-27 12:45:01",445
"2020-02-27 14:07:55",445
"2020-02-27 14:45:21",445
"2020-02-27 15:45:02",442
"2020-02-27 16:45:04",441
"2020-02-27 17:44:50",440
"2020-02-27 18:45:00",442
"2020-02-27 19:44:36",443
"2020-02-27 20:44:49",443
"2020-02-27 21:44:43",443
"2020-02-27 22:45:05",443
"2020-02-27 23:44:45",443
"2020-02-28 00:45:11",443
"2020-02-28 01:44:39",443
"2020-02-28 02:44:35",443
"2020-02-28 03:45:05",443
"2020-02-28 04:45:15",443
"2020-02-28 05:45:04",443
"2020-02-28 06:44:57",443
"2020-02-28 07:45:02",443
"2020-02-28 08:45:08",443
"2020-02-28 09:45:11",443
"2020-02-28 10:44:39",443
"2020-02-28 11:44:50",443
"2020-02-28 12:44:57",443
"2020-02-28 14:08:29",443
"2020-02-28 14:44:48",443
"2020-02-28 15:44:44",440
"2020-02-28 16:44:49",440
"2020-02-28 17:44:43",439
"2020-02-28 18:44:46",439
"2020-02-28 19:45:13",440
"2020-02-28 20:44:40",440
"2020-02-28 21:44:39",439
"2020-02-28 22:45:01",439
"2020-02-28 23:44:39",439
"2020-02-29 00:44:44",439
"2020-02-29 01:44:41",439
"2020-02-29 02:44:44",439
"2020-02-29 03:44:33",439
"2020-02-29 04:44:51",439
"2020-02-29 05:44:55",439
"2020-02-29 06:44:42",439
"2020-02-29 07:45:31",439
"2020-02-29 08:45:51",439
"2020-02-29 09:45:29",439
"2020-02-29 10:44:23",439
"2020-02-29 11:44:20",439
"2020-02-29 12:45:33",439
"2020-02-29 13:45:30",439
"2020-02-29 14:44:28",439
"2020-02-29 15:44:26",439
"2020-02-29 16:44:51",439
"2020-02-29 17:44:46",439
"2020-02-29 18:44:28",439
"2020-02-29 19:44:27",439
"2020-02-29 20:44:21",439
"2020-02-29 21:44:36",439
"2020-02-29 22:45:54",439
"2020-02-29 23:45:25",439
"2020-03-01 00:45:28",439
"2020-03-01 01:45:29",439
"2020-03-01 02:44:29",439
"2020-03-01 03:45:27",439
"2020-03-01 04:44:24",439
"2020-03-01 05:44:45",439
"2020-03-01 06:44:26",439
"2020-03-01 07:44:41",439
"2020-03-01 08:44:20",439
"2020-03-01 09:45:29",439
"2020-03-01 10:45:25",439
"2020-03-01 11:44:39",439
"2020-03-01 12:44:46",439
"2020-03-01 13:44:23",439
"2020-03-01 14:44:18",439
"2020-03-01 15:45:29",439
"2020-03-01 16:44:50",439
"2020-03-01 17:45:26",439
"2020-03-01 18:45:32",439
"2020-03-01 19:45:34",439
"2020-03-01 20:45:33",439
"2020-03-01 21:44:23",439
"2020-03-01 22:44:25",439
"2020-03-01 23:45:31",439
"2020-03-02 00:44:18",439
"2020-03-02 01:44:48",439
"2020-03-02 02:45:28",439
"2020-03-02 03:45:54",439
"2020-03-02 04:44:52",439
"2020-03-02 05:45:49",439
"2020-03-02 07:44:40",439
"2020-03-02 08:46:00",439
"2020-03-02 09:45:39",439
"2020-03-02 10:44:52",439
"2020-03-02 11:44:41",439
"2020-03-02 12:44:59",439
"2020-03-02 13:45:52",439
"2020-03-02 18:45:53",439
"2020-03-03 00:44:59",439
"2020-03-03 01:45:16",439
"2020-03-03 02:45:03",439
"2020-03-03 03:45:26",439
"2020-03-03 04:45:51",439
"2020-03-03 05:46:57",439
"2020-03-03 06:46:06",439
"2020-03-03 07:44:59",439
"2020-03-03 08:46:16",439
"2020-03-03 09:46:22",439
"2020-03-03 10:45:03",439
"2020-03-03 11:46:35",439
"2020-03-03 12:44:59",439
"2020-03-03 13:46:21",439
"2020-03-03 14:46:08",439
"2020-03-03 16:46:47",436
"2020-03-03 17:46:23",439
"2020-03-03 18:44:43",438
"2020-03-03 19:44:37",439
"2020-03-03 20:45:11",440
"2020-03-03 21:45:02",439
"2020-03-03 22:46:51",439
"2020-03-03 23:45:47",439
"2020-03-04 00:46:13",439
"2020-03-04 01:45:53",439
"2020-03-04 02:44:48",439
"2020-03-04 03:44:58",439
"2020-03-04 04:46:16",439
"2020-03-04 05:44:49",439
"2020-03-04 06:46:08",439
"2020-03-04 07:45:04",439
"2020-03-04 08:45:53",439
"2020-03-04 09:45:05",439
"2020-03-04 10:44:37",439
"2020-03-04 11:46:11",439
"2020-03-04 12:46:09",439
"2020-03-04 13:45:42",439
"2020-03-04 14:44:42",439
"2020-03-04 15:46:20",439
"2020-03-04 16:44:48",439
"2020-03-04 17:45:00",438
"2020-03-04 18:45:49",439
"2020-03-04 19:45:57",439
"2020-03-04 20:45:52",439
"2020-03-04 21:44:35",439
"2020-03-04 22:45:49",439
"2020-03-04 23:44:48",439
"2020-03-05 00:44:55",439
"2020-03-05 01:45:04",439
"2020-03-05 02:44:46",439
"2020-03-05 03:44:49",439
"2020-03-05 04:45:07",439
"2020-03-05 05:45:07",439
"2020-03-05 06:44:49",439
"2020-03-05 07:44:43",439
"2020-03-05 08:46:12",439
"2020-03-05 09:45:10",439
"2020-03-05 10:44:40",439
"2020-03-05 11:45:30",439
"2020-03-05 12:45:00",439
"2020-03-05 13:45:07",439
"2020-03-05 14:45:52",439
"2020-03-05 15:45:06",439
"2020-03-05 16:45:49",438
"2020-03-05 17:44:44",436
"2020-03-05 18:44:51",436
"2020-03-05 19:44:43",436
"2020-03-05 20:44:44",436
"2020-03-05 21:44:40",436
"2020-03-05 22:45:53",436
"2020-03-05 23:45:50",436
"2020-03-06 00:44:40",436
"2020-03-06 01:44:47",436
"2020-03-06 02:45:57",436
"2020-03-06 03:45:53",436
"2020-03-06 04:45:50",436
"2020-03-06 05:45:55",436
"2020-03-06 06:46:11",436
"2020-03-06 07:45:47",436
"2020-03-06 08:44:58",436
"2020-03-06 09:45:59",436
"2020-03-06 10:44:45",436
"2020-03-06 11:46:09",436
"2020-03-06 12:44:50",436
"2020-03-06 13:44:36",436
"2020-03-06 14:46:27",436
"2020-03-06 15:45:06",436
"2020-03-06 16:45:06",436
"2020-03-06 17:44:51",436
"2020-03-06 18:44:38",437
"2020-03-06 19:44:57",438
"2020-03-06 20:44:47",438
"2020-03-06 21:44:38",438
"2020-03-06 22:44:40",438
"2020-03-06 23:45:04",438
"2020-03-07 00:44:39",438
"2020-03-07 01:45:03",438
"2020-03-07 02:44:42",438
"2020-03-07 03:46:14",438
"2020-03-07 04:46:19",438
"2020-03-07 05:45:55",438
"2020-03-07 06:45:52",438
"2020-03-07 07:45:07",438
"2020-03-07 08:45:49",438
"2020-03-07 09:44:57",438
"2020-03-07 10:45:03",438
"2020-03-07 11:45:49",438
"2020-03-07 12:44:57",438
"2020-03-07 13:44:37",438
"2020-03-07 14:44:48",438
"2020-03-07 15:44:45",438
"2020-03-07 16:44:44",438
"2020-03-07 17:45:04",438
"2020-03-07 18:44:46",438
"2020-03-07 19:44:47",438
"2020-03-07 20:45:54",438
"2020-03-07 21:46:16",438
"2020-03-07 22:45:54",438
"2020-03-07 23:45:58",438
"2020-03-08 00:44:46",438
"2020-03-08 01:45:04",438
"2020-03-08 02:45:00",438
"2020-03-08 03:45:57",438
"2020-03-08 04:45:53",438
"2020-03-08 05:45:58",438
"2020-03-08 06:45:23",438
"2020-03-08 07:45:49",438
"2020-03-08 08:45:58",438
"2020-03-08 09:45:09",438
"2020-03-08 10:46:02",438
"2020-03-08 11:45:05",438
"2020-03-08 12:46:15",438
"2020-03-08 13:46:16",438
"2020-03-08 14:44:43",438
"2020-03-08 15:45:57",438
"2020-03-08 16:44:41",438
"2020-03-08 17:44:48",438
"2020-03-08 18:46:20",438
"2020-03-08 19:45:24",438
"2020-03-08 20:45:11",438
"2020-03-08 21:44:36",438
"2020-03-08 22:45:52",438
"2020-03-08 23:44:48",438
"2020-03-09 00:46:05",438
"2020-03-09 01:44:51",438
"2020-03-09 02:46:03",438
"2020-03-09 03:46:00",438
"2020-03-09 04:45:55",438
"2020-03-09 05:44:37",438
"2020-03-09 06:44:41",438
"2020-03-09 07:44:45",438
"2020-03-09 08:44:44",438
"2020-03-09 09:45:02",438
"2020-03-09 10:45:44",438
"2020-03-09 11:45:50",438
"2020-03-09 12:45:20",438
"2020-03-09 13:44:36",438
"2020-03-09 14:45:58",438
"2020-03-09 15:45:08",434
"2020-03-09 16:44:51",434
"2020-03-09 17:44:27",433
"2020-03-09 18:44:33",433
"2020-03-09 19:44:39",433
"2020-03-09 20:44:49",432
"2020-03-09 21:45:46",432
"2020-03-09 22:45:48",432
"2020-03-09 23:46:16",432
"2020-03-10 00:44:36",432
"2020-03-10 01:45:48",432
"2020-03-10 02:45:05",432
"2020-03-10 03:46:12",432
"2020-03-10 04:44:59",432
"2020-03-10 06:46:08",432
"2020-03-10 07:46:09",432
"2020-03-10 08:44:47",432
"2020-03-10 09:45:44",432
"2020-03-10 10:45:35",432
"2020-03-10 11:45:50",432
"2020-03-10 12:45:00",432
"2020-03-10 13:45:17",432
"2020-03-10 14:46:13",430
"2020-03-10 15:46:14",430
"2020-03-10 16:44:36",429
"2020-03-10 17:45:54",429
"2020-03-10 18:45:53",429
"2020-03-10 19:45:58",429
"2020-03-10 20:47:17",430
"2020-03-10 21:46:09",430
"2020-03-10 22:45:50",430
"2020-03-10 23:44:59",430
"2020-03-11 00:46:00",430
"2020-03-11 01:46:06",430
"2020-03-11 02:46:14",430
"2020-03-11 03:45:06",430
"2020-03-11 04:45:07",430
"2020-03-11 05:46:12",430
"2020-03-11 06:45:54",430
"2020-03-11 07:44:41",430
"2020-03-11 08:45:09",430
"2020-03-11 09:44:33",430
"2020-03-11 10:44:42",430
"2020-03-11 11:45:56",430
"2020-03-11 12:46:07",430
"2020-03-11 13:45:54",430
"2020-03-11 14:45:05",431
"2020-03-11 15:44:46",431
"2020-03-11 16:46:11",431
"2020-03-11 17:45:01",433
"2020-03-11 18:44:42",433
"2020-03-11 19:46:11",433
"2020-03-11 20:46:16",433
"2020-03-11 21:45:07",433
"2020-03-11 22:45:05",433
"2020-03-11 23:45:20",433
"2020-03-12 00:44:35",433
"2020-03-12 01:45:54",433
"2020-03-12 02:44:56",433
"2020-03-12 03:45:55",433
"2020-03-12 04:46:09",433
"2020-03-12 05:45:08",433
"2020-03-12 06:44:53",433
"2020-03-12 07:45:01",433
"2020-03-12 08:46:04",433
"2020-03-12 09:45:24",433
"2020-03-12 10:45:55",433
"2020-03-12 11:45:51",433
"2020-03-12 12:45:48",433
"2020-03-12 13:46:19",433
"2020-03-12 14:44:40",433
"2020-03-12 15:44:37",434
"2020-03-12 16:44:51",436
"2020-03-12 17:44:44",435
"2020-03-12 18:46:07",437
"2020-03-12 19:45:07",438
"2020-03-12 20:44:48",438
"2020-03-12 21:46:21",438
"2020-03-12 22:44:36",438
"2020-03-12 23:46:14",438
"2020-03-13 00:46:16",438
"2020-03-13 01:44:39",438
"2020-03-13 02:45:55",438
"2020-03-13 03:46:00",438
"2020-03-13 04:45:04",438
"2020-03-13 05:45:11",438
"2020-03-13 06:46:34",438
"2020-03-13 07:46:23",438
"2020-03-13 08:46:33",438
"2020-03-13 09:46:37",438
"2020-03-13 10:45:06",438
"2020-03-13 11:45:46",438
"2020-03-13 13:08:00",438
"2020-03-13 13:45:17",438
"2020-03-13 14:45:14",438
"2020-03-13 15:45:11",438
"2020-03-13 16:45:56",440
"2020-03-13 17:45:51",442
"2020-03-13 18:46:16",442
"2020-03-13 19:45:55",442
"2020-03-13 20:44:49",444
"2020-03-13 21:45:05",444
"2020-03-13 22:44:46",444
"2020-03-13 23:45:51",444
"2020-03-14 00:45:04",444
"2020-03-14 01:46:13",444
"2020-03-14 02:46:00",444
"2020-03-14 03:45:05",444
"2020-03-14 04:46:16",444
"2020-03-14 05:45:58",444
"2020-03-14 06:45:07",444
"2020-03-14 07:46:12",444
"2020-03-14 08:45:55",444
"2020-03-14 09:45:56",444
"2020-03-14 10:44:56",444
"2020-03-14 11:44:54",444
"2020-03-14 12:44:58",444
"2020-03-14 13:44:46",444
"2020-03-14 14:45:57",444
"2020-03-14 15:44:48",444
"2020-03-14 16:45:50",444
"2020-03-14 17:45:05",444
"2020-03-14 18:45:55",444
"2020-03-14 19:45:07",444
"2020-03-14 20:45:58",444
"2020-03-14 21:45:54",444
"2020-03-14 22:46:18",444
"2020-03-14 23:45:46",444
"2020-03-15 00:45:00",444
"2020-03-15 01:44:59",444
"2020-03-15 02:46:10",444
"2020-03-15 03:46:13",444
"2020-03-15 04:44:51",444
"2020-03-15 05:46:14",444
"2020-03-15 06:45:11",444
"2020-03-15 07:46:21",444
"2020-03-15 09:00:49",444
"2020-03-15 09:45:22",444
"2020-03-15 10:45:49",444
"2020-03-15 11:46:15",444
"2020-03-15 12:45:50",444
"2020-03-15 13:44:47",444
"2020-03-15 14:45:22",444
"2020-03-15 15:45:02",444
"2020-03-15 16:45:49",444
"2020-03-15 17:45:09",444
"2020-03-15 18:46:12",444
"2020-03-15 19:45:55",444
"2020-03-15 20:45:07",444
"2020-03-15 21:45:11",444
"2020-03-15 22:45:52",444
"2020-03-15 23:45:49",444
"2020-03-16 00:44:46",444
"2020-03-16 01:44:44",444
"2020-03-16 02:44:44",444
"2020-03-16 03:45:39",444
"2020-03-16 04:45:54",444
"2020-03-16 05:46:17",444
"2020-03-16 06:45:01",444
"2020-03-16 07:46:10",444
"2020-03-16 08:59:25",444
"2020-03-16 09:45:47",444
"2020-03-16 10:45:05",444
"2020-03-16 11:45:51",444
"2020-03-16 13:09:34",444
"2020-03-16 13:46:04",444
"2020-03-16 14:44:54",448
"2020-03-16 15:45:45",449
"2020-03-16 16:44:52",450
"2020-03-16 17:45:10",451
"2020-03-16 18:44:50",451
"2020-03-16 19:46:10",452
"2020-03-16 20:44:38",454
"2020-03-16 21:45:08",454
"2020-03-16 22:44:52",454
"2020-03-16 23:46:01",454
"2020-03-17 00:45:57",454
"2020-03-17 01:44:54",454
"2020-03-17 02:45:56",454
"2020-03-17 20:11:25",460
"2020-03-17 20:19:12",460
"2020-03-17 20:45:09",460
"2020-03-17 21:44:53",460
"2020-03-17 22:44:50",460
"2020-03-17 23:44:57",460
"2020-03-18 00:45:07",460
"2020-03-18 01:45:13",460
"2020-03-18 02:45:12",460
"2020-03-18 03:45:15",460
"2020-03-18 04:45:09",460
"2020-03-18 05:45:11",460
"2020-03-18 06:44:53",460
"2020-03-18 07:45:14",460
"2020-03-18 08:44:42",460
"2020-03-18 09:45:06",460
"2020-03-18 10:44:47",460
"2020-03-18 11:44:44",460
"2020-03-18 13:09:32",460
"2020-03-18 13:45:18",460
"2020-03-18 14:44:59",461
"2020-03-18 15:45:04",460
"2020-03-18 16:44:57",460
"2020-03-18 17:45:18",460
"2020-03-18 18:44:53",460
"2020-03-18 19:45:06",458
"2020-03-18 20:44:55",459
"2020-03-18 21:44:55",458
"2020-03-18 22:44:48",458
"2020-03-18 23:45:07",458
"2020-03-19 00:44:59",458
"2020-03-19 01:45:04",458
"2020-03-19 02:44:48",458
"2020-03-19 03:44:41",458
"2020-03-19 04:44:51",458
"2020-03-19 05:46:17",458
"2020-03-19 06:44:56",458
"2020-03-19 07:44:58",458
"2020-03-19 08:44:52",458
"2020-03-19 09:45:04",458
"2020-03-19 10:44:40",458
"2020-03-19 11:44:48",458
"2020-03-19 12:44:48",458
"2020-03-19 13:44:53",458
"2020-03-19 14:44:56",459
"2020-03-19 15:44:58",459
"2020-03-19 16:44:56",459
"2020-03-19 17:44:55",460
"2020-03-19 18:44:44",459
"2020-03-19 19:45:00",459
"2020-03-19 20:45:16",459
"2020-03-19 21:45:06",459
"2020-03-19 22:44:49",459
"2020-03-19 23:45:30",459
"2020-03-20 00:44:50",459
"2020-03-20 01:44:50",459
"2020-03-20 02:45:33",459
"2020-03-20 03:45:01",459
"2020-03-20 04:44:57",459
"2020-03-20 06:45:13",459
"2020-03-20 07:44:57",459
"2020-03-20 08:45:34",459
"2020-03-20 09:45:08",459
"2020-03-20 10:44:53",459
"2020-03-20 11:44:53",459
"2020-03-20 13:08:27",459
"2020-03-20 13:45:20",459
"2020-03-20 14:44:54",459
"2020-03-20 15:44:49",464
"2020-03-20 16:44:56",464
"2020-03-20 17:44:54",464
"2020-03-20 18:44:46",465
"2020-03-20 19:44:57",465
"2020-03-20 20:44:51",464
"2020-03-20 21:44:46",464
"2020-03-20 22:45:14",464
"2020-03-20 23:45:17",464
"2020-03-21 00:44:56",464
"2020-03-21 01:44:54",464
"2020-03-21 02:45:09",464
"2020-03-21 03:45:17",464
"2020-03-21 04:44:49",464
"2020-03-21 05:44:47",464
"2020-03-21 06:44:51",464
"2020-03-21 07:45:09",464
"2020-03-21 08:45:13",464
"2020-03-21 09:44:51",464
"2020-03-21 10:44:55",464
"2020-03-21 11:45:02",464
"2020-03-21 12:44:43",464
"2020-03-21 13:44:51",464
"2020-03-21 14:45:25",464
"2020-03-21 15:45:07",464
"2020-03-21 16:45:04",464
"2020-03-21 17:45:14",464
"2020-03-21 18:44:57",464
"2020-03-21 19:44:59",464
"2020-03-21 20:44:44",464
"2020-03-21 21:44:59",464
"2020-03-21 22:44:45",464
"2020-03-21 23:44:51",464
"2020-03-22 00:44:45",464
"2020-03-22 01:45:09",464
"2020-03-22 02:44:46",464
"2020-03-22 03:45:26",464
"2020-03-22 04:44:58",464
"2020-03-22 05:45:01",464
"2020-03-22 06:45:15",464
"2020-03-22 07:45:12",464
"2020-03-22 09:15:09",464
"2020-03-22 09:44:59",464
"2020-03-22 10:45:09",464
"2020-03-22 11:44:45",464
"2020-03-22 12:45:07",464
"2020-03-22 21:54:53",464
"2020-03-22 22:45:07",464
"2020-03-22 23:44:52",464
"2020-03-23 00:45:23",464
"2020-03-23 01:45:08",464
"2020-03-23 02:44:46",464
"2020-03-23 03:44:53",464
"2020-03-23 04:45:23",464
"2020-03-23 05:45:08",464
"2020-03-23 06:45:05",464
"2020-03-23 07:44:53",464
"2020-03-23 08:44:57",464
"2020-03-23 09:45:12",464
"2020-03-23 10:44:53",464
"2020-03-23 11:45:11",464
"2020-03-23 13:07:57",464
"2020-03-23 13:45:04",464
"2020-03-23 14:45:12",465
"2020-03-23 15:45:03",469
"2020-03-23 16:45:16",470
"2020-03-23 17:44:55",470
"2020-03-23 18:44:46",469
"2020-03-23 19:45:06",469
"2020-03-23 20:45:14",470
"2020-03-23 21:44:56",470
"2020-03-23 22:44:51",470
"2020-03-23 23:44:47",470
"2020-03-24 00:44:50",470
"2020-03-24 01:44:48",470
"2020-03-24 02:44:50",470
"2020-03-24 03:44:54",470
"2020-03-24 04:45:14",470
"2020-03-24 05:46:15",470
"2020-03-24 06:45:16",470
"2020-03-24 07:45:22",470
"2020-03-24 09:09:28",470
"2020-03-24 09:44:42",470
"2020-03-24 10:44:42",470
"2020-03-24 11:44:52",470
"2020-03-24 12:44:35",470
"2020-03-24 13:45:36",470
"2020-03-24 14:45:46",481
"2020-03-24 15:45:27",482
"2020-03-24 16:45:46",484
"2020-03-24 17:45:10",485
"2020-03-24 18:45:09",485
"2020-03-24 19:44:58",484
"2020-03-24 20:44:44",484
"2020-03-24 21:44:40",484
"2020-03-24 22:45:14",484
"2020-03-24 23:45:10",484
"2020-03-25 00:44:49",484
"2020-03-25 01:44:52",484
"2020-03-25 02:44:46",484
"2020-03-25 03:44:45",484
"2020-03-25 04:44:40",484
"2020-03-25 06:45:19",484
"2020-03-25 07:44:50",484
"2020-03-25 09:44:51",484
"2020-03-25 10:44:52",484
"2020-03-25 11:45:05",484
"2020-03-25 12:45:12",484
"2020-03-25 13:45:19",484
"2020-03-25 14:45:19",480
"2020-03-25 15:45:32",483
"2020-03-25 16:45:16",482
"2020-03-25 17:44:58",484
"2020-03-25 18:44:48",484
"2020-03-25 19:44:50",485
"2020-03-25 20:44:59",485
"2020-03-25 21:44:43",485
"2020-03-25 22:44:47",485
"2020-03-25 23:44:53",485
"2020-03-26 02:06:18",485
"2020-03-26 02:44:55",485
"2020-03-26 03:45:03",485
"2020-03-26 04:45:35",485
"2020-03-26 05:45:00",485
"2020-03-26 06:44:57",485
"2020-03-26 07:45:01",485
"2020-03-26 08:44:48",485
"2020-03-26 09:45:07",485
"2020-03-26 10:44:42",485
"2020-03-26 11:44:54",485
"2020-03-26 12:44:53",485
"2020-03-26 13:44:56",485
"2020-03-26 14:45:05",487
"2020-03-26 15:45:00",491
"2020-03-26 16:44:56",497
"2020-03-26 17:45:08",498
"2020-03-26 18:44:51",499
"2020-03-26 19:44:52",501
"2020-03-26 20:44:53",501
"2020-03-26 21:45:02",501
"2020-03-26 22:44:44",501
"2020-03-26 23:45:10",501
"2020-03-27 00:44:57",501
"2020-03-27 01:45:03",501
"2020-03-27 02:45:15",501
"2020-03-27 03:44:53",501
"2020-03-27 04:45:00",501
"2020-03-27 05:44:53",501
"2020-03-27 06:45:10",501
"2020-03-27 07:45:14",501
"2020-03-27 08:46:26",501
"2020-03-27 09:45:30",501
"2020-03-27 10:45:02",501
"2020-03-27 11:44:49",501
"2020-03-27 12:44:48",501
"2020-03-27 13:45:08",501
"2020-03-27 14:44:54",508
"2020-03-27 15:44:57",508
"2020-03-27 16:45:05",512
"2020-03-27 17:44:54",517
"2020-03-27 18:45:16",519
"2020-03-27 19:44:57",521
"2020-03-27 20:44:49",523
"2020-03-27 21:45:16",523
"2020-03-27 22:44:57",523
"2020-03-27 23:45:04",523
"2020-03-28 00:45:06",523
"2020-03-28 01:44:40",523
"2020-03-28 02:44:44",523
"2020-03-28 03:44:56",523
"2020-03-28 04:44:50",523
"2020-03-28 05:45:29",523
"2020-03-28 06:44:56",523
"2020-03-28 07:44:44",523
"2020-03-28 08:44:55",523
"2020-03-28 09:45:08",523
"2020-03-28 10:45:16",523
"2020-03-28 11:44:49",523
"2020-03-28 12:45:08",523
"2020-03-28 13:45:06",523
"2020-03-28 14:44:53",523
"2020-03-28 15:44:50",523
"2020-03-28 16:44:46",523
"2020-03-28 17:44:55",523
"2020-03-28 18:44:57",523
"2020-03-28 19:44:45",523
"2020-03-28 20:44:54",523
"2020-03-28 21:44:45",523
"2020-03-28 22:45:28",523
"2020-03-28 23:44:55",523
"2020-03-29 00:45:01",523
"2020-03-29 01:45:13",523
"2020-03-29 02:45:28",523
"2020-03-29 03:45:36",523
"2020-03-29 04:45:12",523
"2020-03-29 05:45:07",523
"2020-03-29 06:45:38",523
"2020-03-29 07:45:08",523
"2020-03-29 08:44:56",523
"2020-03-29 09:44:54",523
"2020-03-29 10:45:27",523
"2020-03-29 11:44:57",523
"2020-03-29 12:44:50",523
"2020-03-29 13:44:48",523
"2020-03-29 14:44:47",523
"2020-03-29 15:44:54",523
"2020-03-29 16:44:54",523
"2020-03-29 17:45:12",523
"2020-03-29 18:44:48",523
"2020-03-29 19:44:50",523
"2020-03-29 20:44:47",523
"2020-03-29 21:45:26",523
"2020-03-29 22:44:56",523
"2020-03-29 23:44:57",523
"2020-03-30 00:44:57",523
"2020-03-30 01:44:51",523
"2020-03-30 02:45:17",523
"2020-03-30 03:44:58",523
"2020-03-30 04:45:16",523
"2020-03-30 05:44:47",523
"2020-03-30 06:45:00",523
"2020-03-30 07:45:16",523
"2020-03-30 08:44:55",523
"2020-03-30 09:44:48",523
"2020-03-30 10:44:50",523
"2020-03-30 11:44:40",523
"2020-03-30 12:44:45",523
"2020-03-30 13:45:15",523
"2020-03-30 14:44:49",531
"2020-03-30 15:45:11",535
"2020-03-30 16:44:56",534
"2020-03-30 17:45:08",540
"2020-03-30 18:44:57",543
"2020-03-30 19:45:09",545
"2020-03-30 20:44:52",547
"2020-03-30 21:45:05",547
"2020-03-30 22:44:46",547
"2020-03-30 23:44:46",547
"2020-03-31 00:44:38",547
"2020-03-31 01:44:52",547
"2020-03-31 02:44:51",547
"2020-03-31 03:45:01",547
"2020-03-31 04:44:48",547
"2020-03-31 05:44:50",547
"2020-03-31 06:44:47",547
"2020-03-31 07:44:58",547
"2020-03-31 08:44:52",547
"2020-03-31 09:44:53",547
"2020-03-31 10:44:46",547
"2020-03-31 11:45:19",547
"2020-03-31 13:06:59",547
"2020-03-31 13:44:50",547
"2020-03-31 14:45:22",551
"2020-03-31 15:44:56",549
"2020-03-31 16:45:21",548
"2020-03-31 17:44:55",549
"2020-03-31 18:45:09",551
"2020-03-31 19:44:50",551
"2020-03-31 20:45:09",552
"2020-03-31 21:44:48",552
"2020-03-31 22:44:56",552
"2020-03-31 23:44:49",552
"2020-04-01 00:44:34",552
"2020-04-01 01:44:35",552
"2020-04-01 02:44:37",552
"2020-04-01 03:44:38",552
"2020-04-01 04:44:49",552
"2020-04-01 05:45:04",552
"2020-04-01 06:44:40",552
"2020-04-01 07:44:55",552
"2020-04-01 08:44:31",552
"2020-04-01 09:44:43",552
"2020-04-01 10:44:26",552
"2020-04-01 11:45:07",552
"2020-04-01 13:10:00",552
"2020-04-01 13:44:38",552
"2020-04-01 14:45:10",553
"2020-04-01 15:44:53",552
"2020-04-01 16:44:29",551
"2020-04-01 17:44:27",552
"2020-04-01 18:44:30",552
"2020-04-01 19:44:34",551
"2020-04-01 20:44:36",552
"2020-04-01 21:44:28",552
"2020-04-01 22:44:28",552
"2020-04-01 23:44:54",552
"2020-04-02 00:44:33",552
"2020-04-02 01:44:55",552
"2020-04-02 02:44:33",552
"2020-04-02 03:44:52",552
"2020-04-02 04:44:35",552
"2020-04-02 05:44:41",552
"2020-04-02 06:44:23",552
"2020-04-02 07:44:54",552
"2020-04-02 08:45:18",552
"2020-04-02 09:44:53",552
"2020-04-02 10:44:34",552
"2020-04-02 11:44:32",552
"2020-04-02 13:11:01",552
"2020-04-02 13:44:59",552
"2020-04-02 14:44:27",551
"2020-04-02 15:44:41",551
"2020-04-02 16:44:24",553
"2020-04-02 17:44:29",559
"2020-04-02 18:45:03",562
"2020-04-02 19:44:30",563
"2020-04-02 20:44:49",564
"2020-04-02 21:45:13",564
"2020-04-02 22:44:59",564
"2020-04-02 23:44:28",564
"2020-04-03 00:44:39",564
"2020-04-03 01:44:52",564
"2020-04-03 02:44:35",564
"2020-04-03 03:44:29",564
"2020-04-03 04:44:46",564
"2020-04-03 05:44:54",564
"2020-04-03 06:44:35",564
"2020-04-03 08:44:36",564
"2020-04-03 09:44:34",564
"2020-04-03 10:44:52",564
"2020-04-03 11:44:30",564
"2020-04-03 13:12:01",564
"2020-04-03 13:44:42",564
"2020-04-03 14:44:43",563
"2020-04-03 15:44:56",562
"2020-04-03 16:44:53",563
"2020-04-03 17:44:55",563
"2020-04-03 18:44:55",563
"2020-04-03 19:44:32",563
"2020-04-03 20:44:30",561
"2020-04-03 21:44:38",561
"2020-04-03 22:45:09",561
"2020-04-03 23:44:35",561
"2020-04-04 00:44:28",561
"2020-04-04 01:44:51",561
"2020-04-04 02:44:36",561
"2020-04-04 03:44:40",561
"2020-04-04 04:44:44",561
"2020-04-04 05:44:50",561
"2020-04-04 06:44:28",561
"2020-04-04 07:44:56",561
"2020-04-04 08:44:48",561
"2020-04-04 09:44:46",561
"2020-04-04 10:44:32",561
"2020-04-04 11:44:33",561
"2020-04-04 12:44:32",561
"2020-04-04 13:44:30",561
"2020-04-04 14:44:44",561
"2020-04-04 15:44:26",561
"2020-04-04 16:44:32",561
"2020-04-04 17:44:33",561
"2020-04-04 18:44:30",561
"2020-04-04 19:44:33",561
"2020-04-04 20:44:27",561
"2020-04-04 21:44:28",561
"2020-04-04 22:44:56",561
"2020-04-04 23:44:29",561
"2020-04-05 00:45:06",561
"2020-04-05 01:44:50",561
"2020-04-05 02:44:28",561
"2020-04-05 03:44:33",561
"2020-04-05 04:44:50",561
"2020-04-05 05:44:46",561
"2020-04-05 06:44:49",561
"2020-04-05 07:44:34",561
"2020-04-05 08:44:38",561
"2020-04-05 09:44:30",561
"2020-04-05 10:44:56",561
"2020-04-05 11:44:50",561
"2020-04-05 12:44:28",561
"2020-04-05 13:44:53",561
"2020-04-05 14:44:32",561
"2020-04-05 15:44:26",561
"2020-04-05 16:44:52",561
"2020-04-05 17:44:23",561
"2020-04-05 18:44:34",561
"2020-04-05 19:44:28",561
"2020-04-05 20:44:33",561
"2020-04-05 21:44:36",561
"2020-04-05 22:44:47",561
"2020-04-05 23:44:27",561
"2020-04-06 00:44:26",561
"2020-04-06 01:44:34",561
"2020-04-06 02:44:47",561
"2020-04-06 03:45:13",561
"2020-04-06 04:44:23",561
"2020-04-06 05:44:41",561
"2020-04-06 06:44:42",561
"2020-04-06 07:44:33",561
"2020-04-06 08:44:50",561
"2020-04-06 09:44:32",561
"2020-04-06 10:44:41",561
"2020-04-06 11:44:24",561
"2020-04-06 12:44:40",561
"2020-04-06 13:44:37",560
"2020-04-06 14:44:32",562
"2020-04-06 15:44:33",558
"2020-04-06 16:44:29",561
"2020-04-06 17:44:28",564
"2020-04-06 18:46:26",565
"2020-04-06 19:44:50",564
"2020-04-06 20:44:30",564
"2020-04-06 21:44:25",564
"2020-04-06 22:44:34",564
"2020-04-06 23:44:43",564
"2020-04-07 00:44:35",564
"2020-04-07 01:44:41",564
"2020-04-07 02:44:34",564
"2020-04-07 03:44:30",564
"2020-04-07 04:44:28",564
"2020-04-07 05:44:24",564
"2020-04-07 06:44:39",564
"2020-04-07 07:44:34",564
"2020-04-07 08:44:47",564
"2020-04-07 09:44:29",564
"2020-04-07 10:44:21",564
"2020-04-07 11:44:27",564
"2020-04-07 12:44:29",564
"2020-04-07 13:44:32",564
"2020-04-07 14:44:20",564
"2020-04-07 15:44:25",563
"2020-04-07 16:44:36",563
"2020-04-07 17:44:22",563
"2020-04-07 18:44:24",563
"2020-04-07 19:44:20",562
"2020-04-07 20:44:31",562
"2020-04-07 21:44:36",562
"2020-04-07 22:44:25",562
"2020-04-07 23:44:30",562
"2020-04-08 00:44:35",562
"2020-04-08 01:44:25",562
"2020-04-08 02:44:17",562
"2020-04-08 03:44:36",562
"2020-04-08 04:44:21",562
"2020-04-08 06:44:31",562
"2020-04-08 07:44:38",562
"2020-04-08 08:44:42",562
"2020-04-08 09:44:32",562
"2020-04-08 10:44:26",562
"2020-04-08 11:44:24",562
"2020-04-08 12:44:24",562
"2020-04-08 13:44:28",562
"2020-04-08 14:44:20",562
"2020-04-08 15:44:32",560
"2020-04-08 16:44:24",561
"2020-04-08 17:44:39",560
"2020-04-08 18:44:23",559
"2020-04-08 19:44:37",559
"2020-04-08 20:44:30",557
"2020-04-08 21:44:26",557
"2020-04-08 22:44:19",557
"2020-04-08 23:44:27",557
"2020-04-09 00:44:23",557
"2020-04-09 02:44:26",557
"2020-04-09 03:44:24",557
"2020-04-09 04:44:42",557
"2020-04-09 05:44:32",557
"2020-04-09 06:44:43",557
"2020-04-09 07:44:19",557
"2020-04-09 08:44:21",557
"2020-04-09 09:44:19",557
"2020-04-09 10:44:26",557
"2020-04-09 11:44:24",557
"2020-04-09 12:44:22",557
"2020-04-09 13:44:33",557
"2020-04-09 14:44:31",558
"2020-04-09 15:44:15",555
"2020-04-09 16:44:25",556
"2020-04-09 17:44:24",557
"2020-04-09 18:44:15",558
"2020-04-09 19:44:36",557
"2020-04-09 20:44:23",554
"2020-04-09 21:44:23",554
"2020-04-09 22:44:21",554
"2020-04-09 23:44:20",554
"2020-04-10 00:44:24",554
"2020-04-10 01:44:19",554
"2020-04-10 02:44:29",554
"2020-04-10 03:44:28",554
"2020-04-10 04:44:21",554
"2020-04-10 05:44:30",554
"2020-04-10 06:44:21",554
"2020-04-10 07:44:24",554
"2020-04-10 08:44:29",554
"2020-04-10 09:44:23",554
"2020-04-10 10:44:27",554
"2020-04-10 11:44:25",554
"2020-04-10 12:44:23",554
"2020-04-10 13:44:26",554
"2020-04-10 14:44:34",554
"2020-04-10 15:44:25",554
"2020-04-10 16:44:19",554
"2020-04-10 17:44:25",554
"2020-04-10 18:44:24",554
"2020-04-10 19:44:23",554
"2020-04-10 20:44:38",554
"2020-04-10 21:44:11",554
"2020-04-10 22:44:09",554
"2020-04-10 23:44:09",554
"2020-04-11 00:44:14",554
"2020-04-11 01:44:06",554
"2020-04-11 02:44:10",554
"2020-04-11 03:44:10",554
"2020-04-11 04:44:13",554
"2020-04-11 05:44:08",554
"2020-04-11 06:44:10",554
"2020-04-11 07:44:09",554
"2020-04-11 08:44:04",554
"2020-04-11 09:44:05",554
"2020-04-11 10:44:14",554
"2020-04-11 11:44:05",554
"2020-04-11 12:44:08",554
"2020-04-11 13:44:14",554
"2020-04-11 14:44:05",554
"2020-04-11 15:44:14",554
"2020-04-11 16:44:12",554
"2020-04-11 17:44:12",554
"2020-04-11 18:44:12",554
"2020-04-11 19:44:08",554
"2020-04-11 20:44:04",554
"2020-04-11 21:44:09",554
"2020-04-11 22:44:09",554
"2020-04-11 23:44:09",554
"2020-04-12 00:44:17",554
"2020-04-12 01:44:08",554
"2020-04-12 02:44:08",554
"2020-04-12 03:44:06",554
"2020-04-12 04:44:17",554
"2020-04-12 05:44:12",554
"2020-04-12 06:44:11",554
"2020-04-12 07:44:07",554
"2020-04-12 08:44:08",554
"2020-04-12 09:44:11",554
"2020-04-12 10:44:10",554
"2020-04-12 11:44:06",554
"2020-04-12 12:44:09",554
"2020-04-12 13:44:14",554
"2020-04-12 14:44:12",554
"2020-04-12 15:44:10",554
"2020-04-12 16:44:08",554
"2020-04-12 17:44:05",554
"2020-04-12 18:44:11",554
"2020-04-12 19:44:09",554
"2020-04-12 20:44:20",554
"2020-04-12 21:44:12",554
"2020-04-12 22:44:16",554
"2020-04-12 23:44:20",554
"2020-04-13 00:44:26",554
"2020-04-13 01:44:17",554
"2020-04-13 02:44:19",554
"2020-04-13 03:44:31",554
"2020-04-13 04:44:21",554
"2020-04-13 05:44:23",554
"2020-04-13 06:44:10",554
"2020-04-13 07:44:05",554
"2020-04-13 08:44:13",554
"2020-04-13 09:44:08",554
"2020-04-13 10:44:08",554
"2020-04-13 11:44:14",554
"2020-04-13 13:08:56",554
"2020-04-13 13:44:07",554
"2020-04-13 14:44:06",571
"2020-04-13 15:44:11",573
"2020-04-13 16:44:12",575
"2020-04-13 17:44:18",576
"2020-04-13 18:44:05",581
"2020-04-13 19:44:07",583
"2020-04-13 20:44:12",585
"2020-04-13 21:44:17",637
"2020-04-13 22:44:07",655
"2020-04-13 23:44:11",655
"2020-04-14 00:44:31",655
"2020-04-14 01:44:25",655
"2020-04-14 02:44:22",655
"2020-04-14 03:44:21",655
"2020-04-14 04:44:22",655
"2020-04-14 05:44:26",655
"2020-04-14 06:44:15",655
"2020-04-14 07:44:10",655
"2020-04-14 08:44:12",655
"2020-04-14 09:44:12",655
"2020-04-14 10:44:12",655
"2020-04-14 11:44:12",655
"2020-04-14 12:44:09",655
"2020-04-14 13:44:13",660
"2020-04-14 14:44:18",653
"2020-04-14 15:44:20",654
"2020-04-14 16:44:27",655
"2020-04-14 17:44:05",654
"2020-04-14 18:44:23",648
"2020-04-14 19:44:10",645
"2020-04-14 20:44:09",644
"2020-04-14 21:44:11",646
"2020-04-14 22:44:10",645
"2020-04-14 23:44:23",645
"2020-04-15 00:44:18",645
"2020-04-15 01:44:19",645
"2020-04-15 02:44:15",645
"2020-04-15 03:44:19",645
"2020-04-15 04:44:23",645
"2020-04-15 05:44:08",645
"2020-04-15 06:44:07",645
"2020-04-15 07:44:11",645
"2020-04-15 08:44:13",645
"2020-04-15 09:44:10",645
"2020-04-15 10:44:07",645
"2020-04-15 11:44:05",645
"2020-04-15 13:12:00",646
"2020-04-15 14:44:11",640
"2020-04-15 15:44:08",637
"2020-04-15 16:44:19",635
"2020-04-15 17:44:09",638
"2020-04-15 18:44:09",638
"2020-04-15 19:44:16",638
"2020-04-15 20:44:10",639
"2020-04-15 21:44:15",639
"2020-04-15 22:44:15",641
"2020-04-15 23:44:13",641
"2020-04-16 00:44:20",641
"2020-04-16 01:44:24",641
"2020-04-16 02:44:26",641
"2020-04-16 03:44:25",641
"2020-04-16 04:44:27",641
"2020-04-16 05:44:15",641
"2020-04-16 06:44:24",641
"2020-04-16 07:44:12",641
"2020-04-16 08:44:12",641
"2020-04-16 09:44:09",641
"2020-04-16 10:44:12",641
"2020-04-16 11:44:13",641
"2020-04-16 12:44:13",641
"2020-04-16 13:44:15",641
"2020-04-16 14:44:10",641
"2020-04-16 15:44:26",642
"2020-04-16 16:44:25",642
"2020-04-16 17:44:14",640
"2020-04-16 18:44:23",640
"2020-04-16 19:44:11",640
"2020-04-16 20:44:12",639
"2020-04-16 21:44:26",639
"2020-04-16 22:44:13",640
"2020-04-16 23:44:26",640
"2020-04-17 00:44:23",640
"2020-04-17 01:44:17",640
"2020-04-17 02:44:25",640
"2020-04-17 03:44:16",640
"2020-04-17 04:44:13",640
"2020-04-17 05:44:16",640
"2020-04-17 06:44:18",640
"2020-04-17 07:44:31",640
"2020-04-17 08:44:16",640
"2020-04-17 09:44:13",640
"2020-04-17 10:44:13",640
"2020-04-17 11:44:08",640
"2020-04-17 13:08:59",640
"2020-04-17 13:44:23",640
"2020-04-17 14:44:16",640
"2020-04-17 15:44:18",640
"2020-04-17 16:44:10",641
"2020-04-17 17:44:13",640
"2020-04-17 18:44:26",640
"2020-04-17 19:44:22",639
"2020-04-17 20:44:25",639
"2020-04-17 21:44:23",639
"2020-04-17 22:44:19",639
"2020-04-17 23:44:24",639
"2020-04-18 00:44:23",639
"2020-04-18 01:44:20",639
"2020-04-18 02:44:19",639
"2020-04-18 03:44:18",639
"2020-04-18 04:44:25",639
"2020-04-18 05:44:25",639
"2020-04-18 06:44:16",639
"2020-04-18 07:44:11",639
"2020-04-18 08:44:24",639
"2020-04-18 09:44:07",639
"2020-04-18 10:44:13",639
"2020-04-18 11:44:15",639
"2020-04-18 12:44:07",639
"2020-04-18 13:44:20",639
"2020-04-18 14:44:16",639
"2020-04-18 15:44:12",639
"2020-04-18 16:44:08",639
"2020-04-18 17:44:20",639
"2020-04-18 18:44:16",639
"2020-04-18 19:44:08",639
"2020-04-18 20:44:20",639
"2020-04-18 21:44:12",639
"2020-04-18 22:44:19",639
"2020-04-18 23:44:31",639
"2020-04-19 00:44:27",639
"2020-04-19 01:44:37",639
"2020-04-19 02:44:25",639
"2020-04-19 03:44:25",639
"2020-04-19 04:44:36",639
"2020-04-19 05:44:23",639
"2020-04-19 06:44:24",639
"2020-04-19 07:44:21",639
"2020-04-19 08:44:14",639
"2020-04-19 09:44:14",639
"2020-04-19 10:44:13",639
"2020-04-19 11:44:08",639
"2020-04-19 12:44:10",639
"2020-04-19 13:44:24",639
"2020-04-19 14:44:08",639
"2020-04-19 15:44:16",639
"2020-04-19 16:44:17",639
"2020-04-19 17:44:32",639
"2020-04-19 18:44:16",639
"2020-04-19 19:44:12",639
"2020-04-19 20:44:09",639
"2020-04-19 21:44:34",639
"2020-04-19 22:44:28",639
"2020-04-19 23:44:22",639
"2020-04-20 00:44:33",639
"2020-04-20 01:44:28",639
"2020-04-20 02:44:35",639
"2020-04-20 03:44:36",639
"2020-04-20 04:44:29",639
"2020-04-20 05:44:37",639
"2020-04-20 06:44:25",639
"2020-04-20 07:44:13",639
"2020-04-20 08:44:13",639
"2020-04-20 09:44:13",639
"2020-04-20 10:44:12",639
"2020-04-20 11:44:12",639
"2020-04-20 12:44:13",639
"2020-04-20 13:44:13",639
"2020-04-20 14:44:29",646
"2020-04-20 15:44:16",645
"2020-04-20 16:44:20",645
"2020-04-20 17:44:15",648
"2020-04-20 18:44:25",649
"2020-04-20 20:44:49",648
"2020-04-20 21:44:43",647
"2020-04-20 22:44:56",647
"2020-04-20 23:44:28",647
"2020-04-21 00:44:31",647
"2020-04-21 01:44:27",647
"2020-04-21 02:44:26",647
"2020-04-21 03:45:31",647
"2020-04-21 04:45:43",647
"2020-04-21 05:45:47",647
"2020-04-21 06:44:27",647
"2020-04-21 07:44:21",647
"2020-04-21 08:44:18",647
"2020-04-21 09:44:16",647
"2020-04-21 10:44:14",647
"2020-04-21 11:44:14",647
"2020-04-21 12:44:14",647
"2020-04-21 13:44:28",647
"2020-04-21 14:44:28",650
"2020-04-21 15:44:08",651
"2020-04-21 16:44:08",653
"2020-04-21 17:44:25",653
"2020-04-21 18:44:09",656
"2020-04-21 19:44:13",658
"2020-04-21 20:44:29",659
"2020-04-21 21:44:32",660
"2020-04-21 22:44:31",660
"2020-04-21 23:44:11",660
"2020-04-22 00:44:22",660
"2020-04-22 01:44:29",660
"2020-04-22 02:44:29",660
"2020-04-22 03:44:20",660
"2020-04-22 04:44:12",660
"2020-04-22 05:44:13",660
"2020-04-22 06:44:20",660
"2020-04-22 07:44:19",660
"2020-04-22 08:44:10",660
"2020-04-22 09:44:16",660
"2020-04-22 10:44:33",660
"2020-04-22 11:44:10",660
"2020-04-22 12:44:13",660
"2020-04-22 13:44:08",661
"2020-04-22 14:44:16",670
"2020-04-22 15:44:11",671
"2020-04-22 16:44:28",672
"2020-04-22 17:44:34",672
"2020-04-22 18:44:23",672
"2020-04-22 19:44:12",672
"2020-04-22 20:44:13",671
"2020-04-22 21:44:25",671
"2020-04-22 22:44:18",671
"2020-04-22 23:44:24",671
"2020-04-23 00:44:12",671
"2020-04-23 01:44:22",671
"2020-04-23 02:44:27",671
"2020-04-23 03:44:26",671
"2020-04-23 04:44:26",671
"2020-04-23 05:44:09",671
"2020-04-23 06:44:12",671
"2020-04-23 07:44:17",671
"2020-04-23 08:44:14",671
"2020-04-23 09:44:07",671
"2020-04-23 10:44:11",671
"2020-04-23 11:44:22",671
"2020-04-23 12:44:06",671
"2020-04-23 13:44:07",671
"2020-04-23 14:44:09",669
"2020-04-23 15:44:12",668
"2020-04-23 16:44:25",670
"2020-04-23 17:44:08",669
"2020-04-23 18:44:14",666
"2020-04-23 19:44:07",665
"2020-04-23 20:44:26",663
"2020-04-23 21:44:15",663
"2020-04-23 22:44:09",663
"2020-04-23 23:44:13",663
"2020-04-24 00:44:21",663
"2020-04-24 01:44:46",663
"2020-04-24 02:44:06",663
"2020-04-24 03:44:26",663
"2020-04-24 04:44:10",663
"2020-04-24 05:44:08",663
"2020-04-24 06:44:09",663
"2020-04-24 07:44:05",663
"2020-04-24 08:44:19",663
"2020-04-24 09:44:10",663
"2020-04-24 10:44:09",663
"2020-04-24 11:44:06",663
"2020-04-24 13:10:01",664
"2020-04-24 13:44:33",664
"2020-04-24 14:44:18",700
"2020-04-24 15:44:13",700
"2020-04-24 16:44:12",704
"2020-04-24 17:44:16",705
"2020-04-24 18:44:20",713
"2020-04-24 19:44:13",712
"2020-04-24 20:44:19",712
"2020-04-24 21:44:26",712
"2020-04-24 22:44:35",712
"2020-04-24 23:44:17",712
"2020-04-25 00:44:36",712
"2020-04-25 01:44:31",712
"2020-04-25 02:44:27",712
"2020-04-25 03:44:25",712
"2020-04-25 04:44:29",712
"2020-04-25 05:44:33",712
"2020-04-25 06:44:19",712
"2020-04-25 07:44:14",712
"2020-04-25 08:44:18",712
"2020-04-25 09:44:16",712
"2020-04-25 10:44:11",712
"2020-04-25 11:44:15",712
"2020-04-25 12:44:12",712
"2020-04-25 13:44:24",712
"2020-04-25 14:44:16",712
"2020-04-25 15:44:19",712
"2020-04-25 16:44:20",712
"2020-04-25 17:44:18",712
"2020-04-25 18:44:13",712
"2020-04-25 19:44:20",712
"2020-04-25 20:44:15",712
"2020-04-25 21:44:14",712
"2020-04-25 22:44:18",712
"2020-04-25 23:44:25",712
"2020-04-26 00:44:14",712
"2020-04-26 01:44:25",712
"2020-04-26 02:44:25",712
"2020-04-26 03:44:30",712
"2020-04-26 04:44:12",712
"2020-04-26 05:44:36",712
"2020-04-26 06:44:20",712
"2020-04-26 07:44:17",712
"2020-04-26 08:44:14",712
"2020-04-26 09:44:15",712
"2020-04-26 10:44:11",712
"2020-04-26 11:44:19",712
"2020-04-26 12:44:14",712
"2020-04-26 13:44:09",712
"2020-04-26 14:44:13",712
"2020-04-26 15:44:18",712
"2020-04-26 16:44:15",712
"2020-04-26 17:44:15",712
"2020-04-26 18:44:15",712
"2020-04-26 19:44:13",712
"2020-04-26 20:44:13",712
"2020-04-26 21:44:14",712
"2020-04-26 22:44:24",712
"2020-04-26 23:44:35",712
"2020-04-27 00:44:35",712
"2020-04-27 01:44:33",712
"2020-04-27 02:44:28",712
"2020-04-27 03:44:29",712
"2020-04-27 04:44:32",712
"2020-04-27 05:44:20",712
"2020-04-27 06:44:17",712
"2020-04-27 07:44:12",712
"2020-04-27 08:44:19",712
"2020-04-27 09:44:17",712
"2020-04-27 10:44:18",712
"2020-04-27 11:44:08",712
"2020-04-27 12:44:14",712
"2020-04-27 13:44:35",712
"2020-04-27 14:44:20",722
"2020-04-27 15:44:16",722
"2020-04-27 16:44:09",722
"2020-04-27 17:44:15",719
"2020-04-27 18:44:13",718
"2020-04-27 19:44:12",715
"2020-04-27 20:44:13",716
"2020-04-27 21:44:27",716
"2020-04-27 22:44:16",717
"2020-04-27 23:44:26",717
"2020-04-28 00:44:48",717
"2020-04-28 01:44:18",717
"2020-04-28 02:44:37",717
"2020-04-28 03:44:34",717
"2020-04-28 04:44:31",717
"2020-04-28 05:44:14",717
"2020-04-28 06:44:13",717
"2020-04-28 07:44:34",717
"2020-04-28 08:44:27",717
"2020-04-28 09:44:17",717
"2020-04-28 10:44:08",717
"2020-04-28 11:44:17",717
"2020-04-28 12:44:18",717
"2020-04-28 13:44:15",717
"2020-04-28 14:44:35",708
"2020-04-28 15:44:29",708
"2020-04-28 16:44:11",710
"2020-04-28 17:44:19",720
"2020-04-28 18:44:17",723
"2020-04-28 19:44:13",725
"2020-04-28 20:44:15",722
"2020-04-28 21:44:18",723
"2020-04-28 22:44:10",724
"2020-04-28 23:44:12",724
"2020-04-29 00:44:37",724
"2020-04-29 01:44:41",724
"2020-04-29 02:44:31",724
"2020-04-29 03:44:13",724
"2020-04-29 04:44:22",724
"2020-04-29 05:44:11",724
"2020-04-29 06:44:19",724
"2020-04-29 07:44:19",724
"2020-04-29 08:44:13",724
"2020-04-29 09:44:26",724
"2020-04-29 10:44:19",724
"2020-04-29 11:44:08",724
"2020-04-29 13:07:57",724
"2020-04-29 13:44:18",724
"2020-04-29 14:44:12",730
"2020-04-29 15:44:09",725
"2020-04-29 16:44:19",725
"2020-04-29 17:44:14",725
"2020-04-29 18:44:36",725
"2020-04-29 19:44:34",722
"2020-04-29 20:44:15",724
"2020-04-29 21:44:35",724
"2020-04-29 22:44:35",724
"2020-04-29 23:44:24",724
"2020-04-30 00:44:35",724
"2020-04-30 01:44:33",724
"2020-04-30 02:44:54",724
"2020-04-30 03:44:47",724
"2020-04-30 04:44:29",724
"2020-04-30 05:44:23",724
"2020-04-30 06:44:17",724
"2020-04-30 07:44:16",724
"2020-04-30 08:44:18",724
"2020-04-30 09:44:14",724
"2020-04-30 10:44:09",724
"2020-04-30 11:44:27",724
"2020-04-30 12:44:12",724
"2020-04-30 13:44:15",725
"2020-04-30 14:44:27",725
"2020-04-30 15:44:13",726
"2020-04-30 16:44:12",723
"2020-04-30 17:46:17",725
"2020-04-30 18:44:22",709
"2020-04-30 20:44:16",700
"2020-04-30 21:44:18",700
"2020-04-30 22:44:20",700
"2020-04-30 23:44:16",700
"2020-05-01 00:44:34",700
"2020-05-01 01:44:32",700
"2020-05-01 02:44:15",700
"2020-05-01 03:44:12",700
"2020-05-01 04:44:19",700
"2020-05-01 05:44:23",700
"2020-05-01 06:44:18",700
"2020-05-01 07:44:20",700
"2020-05-01 08:44:15",700
"2020-05-01 09:44:15",700
"2020-05-01 10:44:13",700
"2020-05-01 11:44:14",700
"2020-05-01 13:08:59",700
"2020-05-01 13:44:39",700
"2020-05-01 14:44:12",704
"2020-05-01 15:44:13",705
"2020-05-01 16:44:15",759
"2020-05-01 17:44:16",781
"2020-05-01 18:44:11",793
"2020-05-01 19:44:19",796
"2020-05-01 20:44:09",802
"2020-05-01 21:44:33",804
"2020-05-01 22:44:13",804
"2020-05-01 23:44:13",804
"2020-05-02 00:44:14",804
"2020-05-02 01:44:31",804
"2020-05-02 02:44:28",804
"2020-05-02 03:44:23",804
"2020-05-02 04:44:15",804
"2020-05-02 05:44:25",804
"2020-05-02 06:44:17",804
"2020-05-02 07:44:24",804
"2020-05-02 08:44:18",804
"2020-05-02 09:44:16",804
"2020-05-02 10:44:11",804
"2020-05-02 11:44:16",804
"2020-05-02 12:44:11",804
"2020-05-02 13:44:17",804
"2020-05-02 14:44:19",804
"2020-05-02 15:44:20",804
"2020-05-02 16:44:19",804
"2020-05-02 17:44:16",804
"2020-05-02 18:44:27",804
"2020-05-02 19:44:17",804
"2020-05-02 20:44:15",804
"2020-05-02 21:44:16",804
"2020-05-02 22:44:10",804
"2020-05-02 23:44:29",804
"2020-05-03 00:44:16",804
"2020-05-03 01:44:32",804
"2020-05-03 02:44:29",804
"2020-05-03 03:44:27",804
"2020-05-03 04:44:23",804
"2020-05-03 05:44:15",804
"2020-05-03 06:44:15",804
"2020-05-03 07:44:19",804
"2020-05-03 08:44:17",804
"2020-05-03 09:44:37",804
"2020-05-03 10:44:18",804
"2020-05-03 11:44:16",804
"2020-05-03 12:44:15",804
"2020-05-03 13:44:16",804
"2020-05-03 14:44:21",804
"2020-05-03 15:44:19",804
"2020-05-03 16:44:30",804
"2020-05-03 17:44:34",804
"2020-05-03 18:44:12",804
"2020-05-03 19:44:47",804
"2020-05-03 20:44:33",804
"2020-05-03 21:44:27",804
"2020-05-03 22:44:32",804
"2020-05-03 23:44:33",804
"2020-05-04 00:44:30",804
"2020-05-04 01:44:33",804
"2020-05-04 02:44:30",804
"2020-05-04 03:44:32",804
"2020-05-04 04:44:15",804
"2020-05-04 05:44:18",804
"2020-05-04 06:44:20",804
"2020-05-04 09:30:17",804
"2020-05-04 10:49:03",804
"2020-05-04 10:56:50",804
"2020-05-04 11:04:25",804
"2020-05-04 11:44:24",804
"2020-05-04 13:08:02",805
"2020-05-04 13:44:17",805
"2020-05-04 14:44:21",805
"2020-05-04 15:44:17",795
"2020-05-04 16:44:18",796
"2020-05-04 17:44:15",794
"2020-05-04 18:44:32",796
"2020-05-04 19:44:31",801
"2020-05-04 20:44:29",809
"2020-05-04 21:44:31",810
"2020-05-04 22:44:12",813
"2020-05-04 23:44:15",813
"2020-05-05 00:44:12",813
"2020-05-05 01:44:27",813
"2020-05-05 02:44:11",813
"2020-05-05 03:44:32",813
"2020-05-05 04:44:15",813
"2020-05-05 05:44:16",813
"2020-05-05 06:44:18",813
"2020-05-05 07:44:23",813
"2020-05-05 08:44:35",813
"2020-05-05 09:44:11",813
"2020-05-05 10:44:12",813
"2020-05-05 11:44:34",813
"2020-05-05 12:44:18",813
"2020-05-05 13:44:18",812
"2020-05-05 14:44:16",805
"2020-05-05 15:44:14",808
"2020-05-05 16:44:20",807
"2020-05-05 17:44:15",808
"2020-05-05 18:44:12",810
"2020-05-05 19:44:34",814
"2020-05-05 20:44:20",815
"2020-05-05 21:44:09",815
"2020-05-05 22:44:10",814
"2020-05-05 23:44:32",814
"2020-05-06 00:44:18",814
"2020-05-06 01:44:19",814
"2020-05-06 02:44:14",814
"2020-05-06 03:44:09",814
"2020-05-06 04:44:18",814
"2020-05-06 05:44:17",814
"2020-05-06 06:44:10",814
"2020-05-06 17:44:30",810
"2020-05-06 18:44:41",808
"2020-05-06 19:44:13",809
"2020-05-06 20:44:26",810
"2020-05-06 21:44:32",810
"2020-05-06 22:44:33",810
"2020-05-06 23:44:35",810
"2020-05-07 00:44:22",810
"2020-05-07 01:44:20",810
"2020-05-07 02:44:08",810
"2020-05-07 03:44:18",810
"2020-05-07 04:44:21",810
"2020-05-07 05:44:13",810
"2020-05-07 06:44:17",810
"2020-05-07 08:44:20",810
"2020-05-07 09:44:16",810
"2020-05-07 10:44:28",810
"2020-05-07 11:44:19",810
"2020-05-07 12:44:18",810
"2020-05-07 13:44:24",809
"2020-05-07 14:44:29",810
"2020-05-07 15:44:15",804
"2020-05-07 16:44:20",808
"2020-05-07 17:44:13",805
"2020-05-07 18:44:10",801
"2020-05-07 19:44:39",799
"2020-05-07 20:44:11",793
"2020-05-07 21:44:10",793
"2020-05-07 22:44:10",793
"2020-05-07 23:44:19",793
"2020-05-08 00:44:15",793
"2020-05-08 01:44:09",793
"2020-05-08 02:44:13",793
"2020-05-08 03:44:18",793
"2020-05-08 04:44:11",793
"2020-05-08 05:44:12",793
"2020-05-08 06:44:11",793
"2020-05-08 07:44:17",793
"2020-05-08 08:44:22",793
"2020-05-08 09:44:18",793
"2020-05-08 10:44:15",793
"2020-05-08 11:44:18",793
"2020-05-08 13:08:01",793
"2020-05-08 13:44:22",793
"2020-05-08 14:44:17",789
"2020-05-08 15:44:17",785
"2020-05-08 16:44:33",780
"2020-05-08 17:44:28",780
"2020-05-08 18:44:21",780
"2020-05-08 19:44:13",780
"2020-05-08 20:44:20",777
"2020-05-08 21:44:16",777
"2020-05-08 22:44:21",777
"2020-05-08 23:44:18",777
"2020-05-09 00:44:14",777
"2020-05-09 01:44:27",777
"2020-05-09 02:44:17",777
"2020-05-09 03:44:37",777
"2020-05-09 04:44:15",777
"2020-05-09 05:44:19",777
"2020-05-09 06:44:24",777
"2020-05-09 07:44:12",777
"2020-05-09 08:44:23",777
"2020-05-09 09:44:17",777
"2020-05-09 10:44:17",777
"2020-05-09 11:44:11",777
"2020-05-09 12:44:14",777
"2020-05-09 13:44:15",777
"2020-05-09 14:44:13",777
"2020-05-09 15:44:16",777
"2020-05-09 16:44:11",777
"2020-05-09 17:44:18",777
"2020-05-09 18:44:18",777
"2020-05-09 19:44:16",777
"2020-05-09 20:44:13",777
"2020-05-09 21:44:21",777
"2020-05-09 22:44:18",777
"2020-05-09 23:44:15",777
"2020-05-10 00:44:30",777
"2020-05-10 01:44:16",777
"2020-05-10 02:44:36",777
"2020-05-10 03:44:21",777
"2020-05-10 04:44:21",777
"2020-05-10 05:44:26",777
"2020-05-10 06:44:17",777
"2020-05-10 07:44:23",777
"2020-05-10 08:44:19",777
"2020-05-10 09:44:21",777
"2020-05-10 10:44:20",777
"2020-05-10 11:44:22",777
"2020-05-10 12:44:17",777
"2020-05-10 13:44:20",777
"2020-05-10 14:44:13",777
"2020-05-10 15:44:18",777
"2020-05-10 16:44:17",777
"2020-05-10 17:44:15",777
"2020-05-10 18:44:19",777
"2020-05-10 19:44:16",777
"2020-05-10 20:44:22",777
"2020-05-10 21:44:17",777
"2020-05-10 22:44:17",777
"2020-05-10 23:44:19",777
"2020-05-11 00:44:19",777
"2020-05-11 01:44:13",777
"2020-05-11 02:44:18",777
"2020-05-11 03:44:37",777
"2020-05-11 04:44:20",777
"2020-05-11 05:44:19",777
"2020-05-11 06:44:18",777
"2020-05-11 07:44:23",777
"2020-05-11 08:44:28",777
"2020-05-11 09:45:28",777
"2020-05-11 10:44:19",777
"2020-05-11 11:44:14",777
"2020-05-11 13:07:00",777
"2020-05-11 13:44:25",777
"2020-05-11 14:44:21",785
"2020-05-11 15:44:34",785
"2020-05-11 16:44:19",784
"2020-05-11 17:44:21",784
"2020-05-11 18:44:19",785
"2020-05-11 19:44:15",784
"2020-05-11 20:44:15",783
"2020-05-11 21:44:17",783
"2020-05-11 22:44:09",783
"2020-05-11 23:44:22",783
"2020-05-12 00:44:18",783
"2020-05-12 01:44:18",783
"2020-05-12 02:44:15",783
"2020-05-12 03:44:11",783
"2020-05-12 04:44:15",783
"2020-05-12 05:44:14",783
"2020-05-12 06:44:23",783
"2020-05-12 07:44:15",783
"2020-05-12 08:44:16",783
"2020-05-12 09:44:18",783
"2020-05-12 10:44:20",783
"2020-05-12 11:44:13",783
"2020-05-12 13:13:00",783
"2020-05-12 17:44:12",786
"2020-05-12 18:44:12",782
"2020-05-12 19:44:27",782
"2020-05-12 20:44:33",783
"2020-05-12 21:44:29",783
"2020-05-12 22:44:10",783
"2020-05-12 23:44:11",783
"2020-05-13 00:44:28",783
"2020-05-13 01:44:18",783
"2020-05-13 02:44:30",783
"2020-05-13 03:44:33",783
"2020-05-13 06:44:15",783
"2020-05-13 07:44:31",783
"2020-05-13 08:44:25",783
"2020-05-13 09:44:11",783
"2020-05-13 10:44:13",783
"2020-05-13 11:44:12",783
"2020-05-13 12:44:11",783
"2020-05-13 13:44:12",783
"2020-05-13 14:44:12",777
"2020-05-13 15:44:16",776
"2020-05-13 16:44:30",778
"2020-05-13 17:44:14",777
"2020-05-13 18:44:25",780
"2020-05-13 19:44:15",780
"2020-05-13 20:44:14",779
"2020-05-13 21:44:11",779
"2020-05-13 22:44:16",779
"2020-05-13 23:44:19",779
"2020-05-14 00:44:11",779
"2020-05-14 01:44:19",779
"2020-05-14 02:44:13",779
"2020-05-14 03:44:17",779
"2020-05-14 04:44:14",779
"2020-05-14 05:44:18",779
"2020-05-14 06:44:21",779
"2020-05-14 07:44:16",779
"2020-05-14 08:44:22",779
"2020-05-14 09:44:12",779
"2020-05-14 10:44:17",779
"2020-05-14 11:44:20",779
"2020-05-14 12:44:17",779
"2020-05-14 13:44:20",779
"2020-05-14 14:44:18",780
"2020-05-14 15:44:15",778
"2020-05-14 16:44:10",779
"2020-05-14 17:44:12",777
"2020-05-14 18:44:24",776
"2020-05-14 19:44:23",775
"2020-05-14 20:44:13",774
"2020-05-14 21:44:15",774
"2020-05-14 22:44:27",774
"2020-05-14 23:44:19",774
"2020-05-15 00:44:44",774
"2020-05-15 01:44:39",774
"2020-05-15 02:44:31",774
"2020-05-15 03:44:30",774
"2020-05-15 04:44:31",774
"2020-05-15 05:44:17",774
"2020-05-15 06:44:28",774
"2020-05-15 07:44:12",774
"2020-05-15 08:44:20",774
"2020-05-15 09:44:27",774
"2020-05-15 10:44:12",774
"2020-05-15 11:44:15",774
"2020-05-15 12:44:14",774
"2020-05-15 13:44:18",774
"2020-05-15 14:44:11",777
"2020-05-15 15:44:16",776
"2020-05-15 16:44:11",776
"2020-05-15 17:44:30",778
"2020-05-15 18:44:12",778
"2020-05-15 19:44:20",778
"2020-05-15 20:44:16",778
"2020-05-15 21:44:16",778
"2020-05-15 22:44:11",778
"2020-05-15 23:44:09",778
"2020-05-16 00:44:26",778
"2020-05-16 01:44:33",778
"2020-05-16 02:44:34",778
"2020-05-16 03:44:21",778
"2020-05-16 04:44:15",778
"2020-05-16 05:44:15",778
"2020-05-16 06:44:33",778
"2020-05-16 07:44:31",778
"2020-05-16 08:44:14",778
"2020-05-16 09:44:21",778
"2020-05-16 10:44:13",778
"2020-05-16 11:44:11",778
"2020-05-16 12:44:18",778
"2020-05-16 13:44:15",778
"2020-05-16 14:44:11",778
"2020-05-16 15:44:19",778
"2020-05-16 16:44:15",778
"2020-05-16 17:44:12",778
"2020-05-16 18:44:15",778
"2020-05-16 19:44:11",778
"2020-05-16 20:44:17",778
"2020-05-16 21:44:15",778
"2020-05-16 22:44:18",778
"2020-05-16 23:44:17",778
"2020-05-17 00:44:16",778
"2020-05-17 01:44:20",778
"2020-05-18 08:50:04",778
"2020-05-18 08:54:29",778
"2020-05-18 08:54:53",778
"2020-05-18 08:54:54",778
"2020-05-18 08:55:12",778
"2020-05-18 08:57:08",778
"2020-05-18 08:57:37",778
"2020-05-18 08:57:51",778
"2020-05-18 08:59:00",778
"2020-05-18 09:00:13",778
"2020-05-18 09:01:54",778
"2020-05-18 09:02:47",778
"2020-05-18 09:03:18",778
"2020-05-18 09:03:19",778
"2020-05-18 09:03:34",778
"2020-05-18 09:04:01",778
"2020-05-18 09:04:39",778
"2020-05-18 09:51:16",778
"2020-05-18 09:51:38",778
"2020-05-18 09:53:15",778
"2020-05-18 10:28:04",778
"2020-05-18 10:32:19",778
"2020-05-18 10:38:01",778
"2020-05-18 10:38:47",778
"2020-05-18 10:46:57",778
"2020-05-18 10:48:09",778
"2020-05-18 10:51:13",778
"2020-05-18 10:51:20",778
"2020-05-18 10:54:50",778
"2020-05-18 11:14:09",778
"2020-05-18 11:44:41",778
"2020-05-18 11:52:18",778
"2020-05-18 11:59:54",778
"2020-05-18 12:07:31",778
"2020-05-18 13:07:29",778
"2020-05-18 13:44:23",778
"2020-05-18 14:44:15",773
"2020-05-18 15:44:37",773
"2020-05-18 16:44:43",773
"2020-05-18 17:44:14",774
"2020-05-18 18:44:30",776
"2020-05-18 19:44:25",776
"2020-05-18 20:44:19",778
"2020-05-18 21:44:33",778
"2020-05-18 22:44:34",778
"2020-05-18 23:44:37",778
"2020-05-19 00:45:48",778
"2020-05-19 01:44:13",778
"2020-05-19 02:44:21",778
"2020-05-19 03:44:20",778
"2020-05-19 04:44:21",778
"2020-05-19 05:44:21",778
"2020-05-19 06:44:20",778
"2020-05-19 07:44:22",778
"2020-05-19 08:44:28",778
"2020-05-19 09:44:43",778
"2020-05-19 10:44:20",778
"2020-05-19 11:44:32",778
"2020-05-19 13:08:03",778
"2020-05-19 13:44:22",778
"2020-05-19 14:44:17",785
"2020-05-19 15:44:17",789
"2020-05-19 16:44:24",789
"2020-05-19 17:44:16",788
"2020-05-19 18:44:21",787
"2020-05-19 19:44:20",786
"2020-05-19 20:44:23",795
"2020-05-19 21:44:24",834
"2020-05-19 22:44:38",860
"2020-05-19 23:44:19",860
"2020-05-20 00:44:38",860
"2020-05-20 01:44:44",860
"2020-05-20 02:44:36",860
"2020-05-20 03:44:36",860
"2020-05-20 04:44:23",860
"2020-05-20 05:44:19",860
"2020-05-20 06:44:15",860
"2020-05-20 07:44:24",860
"2020-05-20 08:44:15",860
"2020-05-20 09:44:21",860
"2020-05-20 10:44:14",860
"2020-05-20 11:44:17",860
"2020-05-20 12:44:16",860
"2020-05-20 13:44:22",867
"2020-05-20 14:44:19",1110
"2020-05-20 15:44:31",1208
"2020-05-20 16:44:17",1218
"2020-05-20 17:44:36",1231
"2020-05-20 18:44:21",1247
"2020-05-20 19:44:21",1252
"2020-05-20 20:44:15",1273
"2020-05-20 21:44:22",1276
"2020-05-20 22:44:13",1278
"2020-05-20 23:44:19",1278
"2020-05-21 00:44:34",1278
"2020-05-21 01:44:16",1278
"2020-05-21 02:44:21",1278
"2020-05-21 03:44:22",1278
"2020-05-21 04:44:17",1278
"2020-05-21 05:44:19",1278
"2020-05-21 06:44:26",1278
"2020-05-21 07:44:16",1278
"2020-05-21 08:44:23",1278
"2020-05-21 09:44:17",1278
"2020-05-21 10:44:19",1278
"2020-05-21 11:44:23",1278
"2020-05-21 12:44:18",1278
"2020-05-21 13:44:22",1269
"2020-05-21 14:44:14",1195
"2020-05-21 15:44:16",1161
"2020-05-21 16:44:29",1156
"2020-05-21 17:44:23",1148
"2020-05-21 18:44:20",1138
"2020-05-21 19:44:17",1135
"2020-05-21 20:44:20",1120
"2020-05-21 21:44:22",1120
"2020-05-21 22:44:24",1119
"2020-05-21 23:44:37",1119
"2020-05-22 00:45:20",1119
"2020-05-22 01:44:21",1119
"2020-05-22 02:44:25",1119
"2020-05-22 03:44:37",1119
"2020-05-22 04:44:24",1119
"2020-05-22 05:44:26",1119
"2020-05-22 06:44:16",1119
"2020-05-22 07:44:21",1119
"2020-05-22 08:44:28",1119
"2020-05-22 09:44:24",1119
"2020-05-22 10:44:19",1119
"2020-05-22 11:44:17",1119
"2020-05-22 12:44:22",1119
"2020-05-22 13:44:27",1118
"2020-05-22 14:44:18",1106
"2020-05-22 15:44:18",1099
"2020-05-22 16:44:19",1098
"2020-05-22 17:44:20",1090
"2020-05-22 18:44:35",1086
"2020-05-22 19:44:19",1082
"2020-05-22 20:44:15",1071
"2020-05-22 21:44:16",1072
"2020-05-22 22:44:19",1072
"2020-05-22 23:44:17",1072
"2020-05-23 00:44:20",1072
"2020-05-23 01:44:18",1072
"2020-05-23 02:44:27",1072
"2020-05-23 03:44:22",1072
"2020-05-23 04:44:36",1072
"2020-05-23 05:44:19",1072
"2020-05-23 06:44:28",1072
"2020-05-23 07:44:27",1072
"2020-05-23 08:44:26",1072
"2020-05-23 09:44:22",1072
"2020-05-23 10:44:18",1072
"2020-05-23 11:44:28",1072
"2020-05-23 12:44:21",1072
"2020-05-23 13:44:24",1072
"2020-05-23 14:44:21",1072
"2020-05-23 15:44:17",1072
"2020-05-23 16:44:26",1072
"2020-05-23 17:44:22",1072
"2020-05-23 18:44:29",1072
"2020-05-23 19:44:19",1072
"2020-05-23 20:44:16",1072
"2020-05-23 21:44:16",1072
"2020-05-23 22:44:21",1072
"2020-05-23 23:44:21",1072
"2020-05-24 00:44:31",1072
"2020-05-24 01:44:19",1072
"2020-05-24 02:44:18",1072
"2020-05-24 03:44:22",1072
"2020-05-24 04:44:20",1072
"2020-05-24 05:44:18",1072
"2020-05-24 06:44:19",1072
"2020-05-24 07:44:19",1072
"2020-05-24 08:44:25",1072
"2020-05-24 09:44:17",1072
"2020-05-24 10:44:26",1072
"2020-05-24 11:44:23",1072
"2020-05-24 12:44:21",1072
"2020-05-24 13:44:24",1072
"2020-05-24 14:44:23",1072
"2020-05-24 15:44:16",1072
"2020-05-24 16:44:25",1072
"2020-05-24 17:44:24",1072
"2020-05-24 18:44:24",1072
"2020-05-24 19:44:23",1072
"2020-05-24 20:44:23",1072
"2020-05-24 21:44:27",1072
"2020-05-24 22:44:25",1072
"2020-05-24 23:44:16",1072
"2020-05-25 00:44:18",1072
"2020-05-25 01:44:29",1072
"2020-05-25 02:44:22",1072
"2020-05-25 03:44:38",1072
"2020-05-25 04:44:19",1072
"2020-05-25 05:45:50",1072
"2020-05-25 06:45:03",1072
"2020-05-25 07:44:23",1072
"2020-05-25 08:44:29",1072
"2020-05-25 09:44:22",1072
"2020-05-25 10:44:20",1072
"2020-05-25 11:44:36",1072
"2020-05-25 12:44:20",1072
"2020-05-25 13:44:16",1072
"2020-05-25 14:44:26",1072
"2020-05-25 15:44:19",1072
"2020-05-25 16:44:14",1072
"2020-05-25 17:44:20",1072
"2020-05-25 18:44:20",1072
"2020-05-25 19:44:23",1072
"2020-05-25 20:44:24",1072
"2020-05-25 21:44:15",1072
"2020-05-25 22:44:16",1072
"2020-05-25 23:44:16",1072
"2020-05-26 00:44:22",1072
"2020-05-26 01:44:17",1072
"2020-05-26 02:44:15",1072
"2020-05-26 03:44:23",1072
"2020-05-26 04:44:27",1072
"2020-05-26 05:44:20",1072
"2020-05-26 06:44:23",1072
"2020-05-26 07:44:25",1072
"2020-05-26 08:44:27",1072
"2020-05-26 09:44:22",1072
"2020-05-26 10:44:21",1072
"2020-05-26 11:44:26",1072
"2020-05-26 12:44:20",1072
"2020-05-26 13:44:24",1072
"2020-05-26 14:44:22",1073
"2020-05-26 15:44:19",1073
"2020-05-26 16:44:18",1053
"2020-05-26 17:44:21",1054
"2020-05-26 18:44:15",1052
"2020-05-26 19:44:19",1053
"2020-05-26 20:44:20",1047
"2020-05-26 21:44:31",1047
"2020-05-26 22:44:17",1047
"2020-05-26 23:44:19",1047
"2020-05-27 00:44:43",1047
"2020-05-27 01:44:16",1047
"2020-05-27 02:44:19",1047
"2020-05-27 03:44:20",1047
"2020-05-27 04:44:21",1047
"2020-05-27 05:44:18",1047
"2020-05-27 06:44:24",1047
"2020-05-27 07:44:22",1047
"2020-05-27 08:44:17",1047
"2020-05-27 09:44:16",1047
"2020-05-27 10:44:16",1047
"2020-05-27 11:44:15",1047
"2020-05-27 13:08:32",1047
"2020-05-27 13:44:28",1047
"2020-05-27 14:44:21",1043
"2020-05-27 15:44:16",1039
"2020-05-27 16:44:18",1032
"2020-05-27 17:44:16",1035
"2020-05-27 18:44:15",1021
"2020-05-27 19:44:23",1023
"2020-05-27 20:44:20",1021
"2020-05-27 21:44:19",1021
"2020-05-27 22:44:18",1021
"2020-05-27 23:44:16",1021
"2020-05-28 00:44:21",1021
"2020-05-28 01:44:25",1021
"2020-05-28 02:44:18",1021
"2020-05-28 03:44:18",1021
"2020-05-28 04:44:18",1021
"2020-05-28 05:44:16",1021
"2020-05-28 06:44:19",1021
"2020-05-28 07:44:28",1021
"2020-05-28 08:44:22",1021
"2020-05-28 09:44:16",1021
"2020-05-28 10:44:26",1021
"2020-05-28 11:44:27",1021
"2020-05-28 13:09:04",1021
"2020-05-28 13:44:23",1021
"2020-05-28 14:44:24",1013
"2020-05-28 15:44:22",1008
"2020-05-28 16:44:23",1008
"2020-05-28 17:44:21",1003
"2020-05-28 18:44:21",1000
"2020-05-28 19:44:19",997
"2020-05-28 20:44:29",995
"2020-05-28 21:44:32",995
"2020-05-28 22:44:21",994
"2020-05-28 23:44:30",994
"2020-05-29 00:44:25",994
"2020-05-29 01:44:23",994
"2020-05-29 02:44:38",994
"2020-05-29 03:44:20",994
"2020-05-29 04:44:22",994
"2020-05-29 05:44:37",994
"2020-05-29 06:44:32",994
"2020-05-29 07:44:31",994
"2020-05-29 08:44:29",994
"2020-05-29 09:51:30",994
"2020-05-29 10:44:26",994
"2020-05-29 11:44:22",994
"2020-05-29 12:44:32",994
"2020-05-29 13:44:29",994
"2020-05-29 14:44:28",992
"2020-05-29 15:44:21",986
"2020-05-29 16:44:17",986
"2020-05-29 17:44:25",981
"2020-05-29 18:44:24",980
"2020-05-29 19:44:22",980
"2020-05-29 20:44:29",981
"2020-05-29 21:44:20",981
"2020-05-29 22:44:20",981
"2020-05-29 23:44:32",981
"2020-05-30 00:44:17",981
"2020-05-30 01:44:17",981
"2020-05-30 02:44:20",981
"2020-05-30 03:44:21",981
"2020-05-30 04:44:20",981
"2020-05-30 05:44:24",981
"2020-05-30 06:44:26",981
"2020-05-30 07:44:40",981
"2020-05-30 08:44:25",981
"2020-05-30 09:44:19",981
"2020-05-30 10:44:25",981
"2020-05-30 11:44:22",981
"2020-05-30 12:44:21",981
"2020-05-30 13:44:22",981
"2020-05-30 14:44:17",981
"2020-05-30 15:44:20",981
"2020-05-30 16:44:33",981
"2020-05-30 17:44:22",981
"2020-05-30 18:44:22",981
"2020-05-30 19:44:26",981
"2020-05-30 20:44:21",981
"2020-05-30 21:44:26",981
"2020-05-30 22:44:21",981
"2020-05-30 23:44:26",981
"2020-05-31 00:44:26",981
"2020-05-31 01:44:26",981
"2020-05-31 02:44:24",981
"2020-05-31 03:44:24",981
"2020-05-31 04:44:22",981
"2020-05-31 05:44:26",981
"2020-05-31 06:44:26",981
"2020-05-31 07:44:27",981
"2020-05-31 09:29:30",981
"2020-05-31 09:44:23",981
"2020-05-31 13:06:57",981
"2020-05-31 13:10:55",981
"2020-05-31 13:18:58",981
"2020-06-01 05:01:15",981
"2020-06-01 05:17:13",981
"2020-06-01 05:17:32",981
"2020-06-01 05:20:17",981
"2020-06-01 05:23:18",981
"2020-06-01 05:28:45",981
"2020-06-01 05:28:51",981
"2020-06-01 05:30:54",981
"2020-06-01 05:33:07",981
"2020-06-01 05:34:37",981
"2020-06-01 05:36:48",981
"2020-06-01 05:38:18",981
"2020-06-01 05:40:22",981
"2020-06-01 05:40:43",981
"2020-06-01 05:58:29",981
"2020-06-01 06:38:10",981
"2020-06-01 06:45:45",981
"2020-06-01 06:53:21",981
"2020-06-01 07:44:22",981
"2020-06-01 08:44:28",981
"2020-06-01 09:44:30",981
"2020-06-01 10:44:21",981
"2020-06-01 11:44:22",981
"2020-06-01 13:07:05",982
"2020-06-01 13:44:47",982
"2020-06-01 14:44:25",976
"2020-06-01 15:44:22",968
"2020-06-01 16:44:41",966
"2020-06-01 17:44:38",965
"2020-06-01 18:44:37",965
"2020-06-01 19:44:25",962
"2020-06-01 20:44:24",959
"2020-06-01 21:44:21",959
"2020-06-01 22:44:18",959
"2020-06-01 23:44:26",959
"2020-06-02 00:44:26",959
"2020-06-02 01:44:18",959
"2020-06-02 02:44:18",959
"2020-06-02 03:44:22",959
"2020-06-02 04:44:20",959
"2020-06-02 05:44:22",959
"2020-06-02 06:44:20",959
"2020-06-02 07:44:25",959
"2020-06-02 08:44:27",959
"2020-06-02 09:44:21",959
"2020-06-02 10:44:26",959
"2020-06-02 11:44:21",959
"2020-06-02 12:44:30",959
"2020-06-02 13:44:26",959
"2020-06-02 14:44:42",959
"2020-06-02 15:44:43",953
"2020-06-02 16:44:20",950
"2020-06-02 17:44:40",950
"2020-06-02 18:44:21",944
"2020-06-02 19:44:38",945
"2020-06-02 20:44:42",944
"2020-06-02 21:44:16",943
"2020-06-02 22:44:24",943
"2020-06-02 23:44:17",943
"2020-06-03 00:44:28",943
"2020-06-03 01:44:42",943
"2020-06-03 02:44:15",943
"2020-06-03 03:44:34",943
"2020-06-03 04:44:33",943
"2020-06-03 05:44:18",943
"2020-06-03 06:44:22",943
"2020-06-03 07:44:38",943
"2020-06-03 08:44:21",943
"2020-06-03 09:44:23",943
"2020-06-03 10:44:22",943
"2020-06-03 11:44:22",943
"2020-06-03 13:10:36",943
"2020-06-03 13:44:24",943
"2020-06-03 14:44:18",935
"2020-06-03 15:44:41",924
"2020-06-03 16:44:37",925
"2020-06-03 17:44:41",924
"2020-06-03 18:44:46",921
"2020-06-03 19:44:43",918
"2020-06-03 20:44:21",918
"2020-06-03 21:44:22",921
"2020-06-03 22:44:20",922
"2020-06-03 23:44:16",922
"2020-06-04 00:44:38",922
"2020-06-04 01:44:27",922
"2020-06-04 02:44:21",922
"2020-06-04 03:44:25",922
"2020-06-04 04:44:27",922
"2020-06-04 05:44:22",922
"2020-06-04 06:44:22",922
"2020-06-04 07:44:32",922
"2020-06-04 08:44:30",922
"2020-06-04 09:44:27",922
"2020-06-04 10:44:20",922
"2020-06-04 11:44:20",922
"2020-06-04 12:44:23",922
"2020-06-04 13:44:36",922
"2020-06-04 14:44:56",930
"2020-06-04 15:44:43",924
"2020-06-04 17:09:09",922
"2020-06-04 17:44:25",922
"2020-06-04 18:44:38",916
"2020-06-04 19:44:18",916
"2020-06-04 20:44:40",918
"2020-06-04 21:44:41",918
"2020-06-04 22:44:23",918
"2020-06-04 23:44:26",918
"2020-06-05 00:44:27",918
"2020-06-05 01:44:21",918
"2020-06-05 02:44:20",918
"2020-06-05 03:44:22",918
"2020-06-05 04:44:26",918
"2020-06-05 05:44:29",918
"2020-06-05 06:44:27",918
"2020-06-05 07:44:26",918
"2020-06-05 08:44:25",918
"2020-06-05 09:44:20",918
"2020-06-05 10:44:21",918
"2020-06-05 11:44:22",918
"2020-06-05 13:11:37",918
"2020-06-05 13:44:43",918
"2020-06-05 14:44:29",914
"2020-06-05 15:44:27",916
"2020-06-05 16:44:46",909
"2020-06-05 17:44:26",910
"2020-06-05 18:44:27",909
"2020-06-05 19:44:26",904
"2020-06-05 20:44:45",898
"2020-06-05 21:44:27",898
"2020-06-05 22:44:26",899
"2020-06-05 23:44:27",899
"2020-06-06 00:44:32",899
"2020-06-06 01:44:21",899
"2020-06-06 02:44:24",899
"2020-06-06 03:44:29",899
"2020-06-06 04:44:33",899
"2020-06-06 05:44:32",899
"2020-06-06 06:44:27",899
"2020-06-06 07:44:51",899
"2020-06-06 08:44:29",899
"2020-06-06 09:54:53",899
"2020-06-06 10:44:22",899
"2020-06-06 11:44:27",898
"2020-06-06 12:44:29",898
"2020-06-06 13:44:25",898
"2020-06-06 14:44:45",898
"2020-06-06 15:44:25",898
"2020-06-06 16:44:41",898
"2020-06-06 18:44:28",898
"2020-06-06 19:44:22",898
"2020-06-06 20:44:26",898
"2020-06-06 21:44:24",898
"2020-06-06 22:44:26",898
"2020-06-06 23:44:31",898
"2020-06-07 00:44:32",898
"2020-06-07 01:44:24",898
"2020-06-07 02:44:25",898
"2020-06-07 03:44:26",898
"2020-06-07 04:44:26",898
"2020-06-07 05:44:25",898
"2020-06-07 06:44:25",898
"2020-06-07 07:44:29",898
"2020-06-07 08:44:29",898
"2020-06-08 04:44:21",898
"2020-06-08 05:44:19",898
"2020-06-08 06:44:42",898
"2020-06-08 07:44:18",898
"2020-06-08 08:44:28",898
"2020-06-08 09:44:22",898
"2020-06-08 10:44:21",898
"2020-06-08 11:44:25",898
"2020-06-08 12:44:43",898
"2020-06-08 13:44:26",899
"2020-06-08 14:44:56",931
"2020-06-08 15:44:22",957
"2020-06-08 16:44:33",957
"2020-06-08 17:44:30",964
"2020-06-08 18:44:51",966
"2020-06-08 19:44:44",969
"2020-06-08 20:44:35",967
"2020-06-08 21:44:29",967
"2020-06-08 22:44:26",967
"2020-06-08 23:44:26",967
"2020-06-09 00:44:28",967
"2020-06-09 01:44:35",967
"2020-06-09 02:44:33",967
"2020-06-09 03:44:23",967
"2020-06-09 04:44:45",967
"2020-06-09 05:44:56",967
"2020-06-09 06:44:50",967
"2020-06-09 07:44:33",967
"2020-06-09 08:44:31",967
"2020-06-09 09:44:41",967
"2020-06-09 10:44:28",967
"2020-06-09 11:44:33",967
"2020-06-09 12:44:55",967
"2020-06-09 13:44:40",968
"2020-06-09 14:44:40",967
"2020-06-09 15:44:45",967
"2020-06-09 16:44:52",958
"2020-06-09 17:44:29",958
"2020-06-09 18:44:45",963
"2020-06-09 19:45:01",1145
"2020-06-09 20:45:00",1145
"2020-06-09 21:44:44",1381
"2020-06-09 22:44:47",1402
"2020-06-09 23:44:48",1402
"2020-06-10 00:44:54",1402
"2020-06-10 01:44:43",1402
"2020-06-10 02:44:46",1402
"2020-06-10 03:44:51",1402
"2020-06-10 04:44:42",1402
"2020-06-10 05:44:50",1402
"2020-06-10 06:44:33",1402
"2020-06-10 07:44:24",1402
"2020-06-10 08:44:31",1402
"2020-06-10 09:44:21",1402
"2020-06-10 10:44:23",1402
"2020-06-10 11:44:30",1402
"2020-06-10 12:44:35",1402
"2020-06-10 13:44:51",1402
"2020-06-10 15:44:30",1386
"2020-06-10 16:44:39",1386
"2020-06-10 17:44:36",1383
"2020-06-10 18:44:36",1383
"2020-06-10 19:44:32",1377
"2020-06-10 20:44:28",1386
"2020-06-10 21:44:36",1397
"2020-06-10 22:44:25",1396
"2020-06-10 23:44:44",1396
"2020-06-11 00:45:53",1396
"2020-06-11 01:44:26",1396
"2020-06-11 02:45:01",1396
"2020-06-11 03:45:01",1396
"2020-06-11 04:44:30",1396
"2020-06-11 05:44:58",1396
"2020-06-11 06:44:37",1396
"2020-06-11 07:44:48",1396
"2020-06-11 08:44:30",1396
"2020-06-11 09:44:32",1396
"2020-06-11 10:44:32",1396
"2020-06-11 11:44:24",1396
"2020-06-11 12:44:32",1396
"2020-06-11 13:44:50",1393
"2020-06-11 14:44:38",1371
"2020-06-11 15:44:49",1352
"2020-06-11 16:45:06",1344
"2020-06-11 17:44:43",1331
"2020-06-11 18:44:47",1323
"2020-06-11 19:44:41",1327
"2020-06-11 20:44:25",1325
"2020-06-11 21:44:25",1329
"2020-06-11 22:44:21",1330
"2020-06-11 23:44:20",1330
"2020-06-12 00:44:28",1330
"2020-06-12 01:44:27",1330
"2020-06-12 02:44:25",1330
"2020-06-12 03:44:27",1330
"2020-06-12 04:44:26",1330
"2020-06-12 05:44:24",1330
"2020-06-12 06:44:32",1330
"2020-06-12 07:44:32",1330
"2020-06-12 08:44:21",1330
"2020-06-12 09:44:32",1330
"2020-06-12 10:44:33",1330
"2020-06-12 11:44:26",1330
"2020-06-12 14:11:15",1330
"2020-06-12 14:19:13",1330
"2020-06-12 14:44:55",1330
"2020-06-12 15:44:31",1332
"2020-06-12 16:44:35",1324
"2020-06-12 17:44:29",1326
"2020-06-12 18:44:32",1326
"2020-06-12 19:44:44",1323
"2020-06-12 20:44:43",1319
"2020-06-12 21:44:37",1319
"2020-06-12 22:44:25",1318
"2020-06-12 23:44:25",1318
"2020-06-13 00:44:21",1318
"2020-06-13 01:44:25",1318
"2020-06-13 02:44:26",1318
"2020-06-13 03:44:25",1318
"2020-06-13 04:44:24",1318
"2020-06-13 05:44:23",1318
"2020-06-13 06:44:27",1318
"2020-06-13 07:44:27",1318
"2020-06-13 08:44:23",1318
"2020-06-13 09:44:25",1318
"2020-06-13 10:44:24",1318
"2020-06-13 11:44:22",1318
"2020-06-13 12:44:22",1318
"2020-06-13 13:44:21",1318
"2020-06-13 14:44:24",1318
"2020-06-13 15:44:24",1318
"2020-06-13 16:44:32",1318
"2020-06-13 17:44:25",1318
"2020-06-13 18:44:27",1318
"2020-06-13 19:44:24",1318
"2020-06-13 20:44:27",1318
"2020-06-13 21:44:29",1318
"2020-06-13 22:44:29",1318
"2020-06-13 23:44:29",1318
"2020-06-14 00:44:28",1318
"2020-06-14 01:44:22",1318
"2020-06-14 02:44:27",1318
"2020-06-14 03:44:30",1318
"2020-06-14 04:44:19",1318
"2020-06-14 05:44:40",1318
"2020-06-14 06:44:24",1318
"2020-06-14 07:44:28",1318
"2020-06-14 08:44:24",1318
"2020-06-14 09:44:25",1318
"2020-06-14 10:44:26",1318
"2020-06-14 11:44:23",1318
"2020-06-14 12:44:23",1318
"2020-06-14 13:44:25",1318
"2020-06-14 14:44:27",1318
"2020-06-14 15:44:23",1318
"2020-06-14 16:44:23",1318
"2020-06-14 17:44:27",1318
"2020-06-14 18:44:30",1318
"2020-06-14 19:44:23",1318
"2020-06-14 20:44:26",1318
"2020-06-14 21:44:37",1318
"2020-06-14 22:44:22",1318
"2020-06-14 23:44:25",1318
"2020-06-15 00:44:37",1318
"2020-06-15 01:44:32",1318
"2020-06-15 02:44:30",1318
"2020-06-15 03:44:24",1318
"2020-06-15 04:44:30",1318
"2020-06-15 05:44:45",1318
"2020-06-15 06:44:24",1318
"2020-06-15 07:44:25",1318
"2020-06-15 08:44:32",1318
"2020-06-15 09:44:29",1318
"2020-06-15 10:44:22",1318
"2020-06-15 11:44:23",1318
"2020-06-15 12:44:31",1318
"2020-06-15 13:44:57",1318
"2020-06-15 14:44:48",1313
"2020-06-15 15:44:31",1311
"2020-06-15 16:44:38",1303
"2020-06-15 17:44:31",1298
"2020-06-15 18:42:11",1296
"2020-06-15 18:49:51",1296
"2020-06-15 18:57:30",1296
"2020-06-15 19:05:12",1288
"2020-06-15 19:12:58",1288
"2020-06-15 19:20:46",1288
"2020-06-15 19:28:28",1288
"2020-06-15 19:36:08",1288
"2020-06-15 19:43:47",1288
"2020-06-15 19:51:27",1288
"2020-06-15 19:59:12",1288
"2020-06-15 20:06:57",1286
"2020-06-15 20:11:59",1286
"2020-06-15 20:19:38",1286
"2020-06-15 20:27:16",1286
"2020-06-15 20:34:55",1286
"2020-06-15 20:42:33",1286
"2020-06-15 20:50:10",1286
"2020-06-15 20:57:51",1286
"2020-06-15 21:05:33",1285
"2020-06-15 21:13:15",1285
"2020-06-15 21:20:52",1285
"2020-06-15 21:28:29",1285
"2020-06-15 21:36:07",1285
"2020-06-15 21:43:44",1285
"2020-06-15 21:51:23",1285
"2020-06-15 22:44:26",1285
"2020-06-15 23:44:23",1285
"2020-06-16 00:44:26",1285
"2020-06-16 01:44:22",1285
"2020-06-16 02:44:58",1285
"2020-06-16 03:44:25",1285
"2020-06-16 04:44:21",1285
"2020-06-16 05:44:24",1285
"2020-06-16 06:44:46",1284
"2020-06-16 07:44:42",1284
"2020-06-16 08:44:23",1284
"2020-06-16 09:44:22",1284
"2020-06-16 10:44:26",1284
"2020-06-16 11:44:22",1284
"2020-06-16 12:44:29",1284
"2020-06-16 13:44:28",1284
"2020-06-16 14:44:42",1279
"2020-06-16 15:44:29",1294
"2020-06-16 16:44:28",1298
"2020-06-16 17:44:55",1293
"2020-06-16 18:44:27",1291
"2020-06-16 19:44:28",1292
"2020-06-16 20:44:27",1289
"2020-06-16 21:44:25",1287
"2020-06-16 22:44:18",1287
"2020-06-16 23:44:20",1287
"2020-06-17 00:44:24",1287
"2020-06-17 01:44:38",1287
"2020-06-17 02:44:28",1287
"2020-06-17 03:44:47",1287
"2020-06-17 04:44:29",1287
"2020-06-17 05:44:26",1287
"2020-06-17 06:44:40",1286
"2020-06-17 07:44:26",1286
"2020-06-17 08:44:23",1286
"2020-06-17 09:44:21",1286
"2020-06-17 10:44:20",1286
"2020-06-17 11:44:27",1286
"2020-06-17 12:44:26",1286
"2020-06-17 13:44:32",1286
"2020-06-17 14:44:27",1275
"2020-06-17 15:44:30",1265
"2020-06-17 16:44:33",1265
"2020-06-17 17:44:30",1262
"2020-06-17 18:44:35",1259
"2020-06-17 19:44:45",1257
"2020-06-17 20:44:44",1264
"2020-06-17 21:44:38",1264
"2020-06-17 22:44:24",1264
"2020-06-17 23:44:27",1265
"2020-06-18 00:44:24",1265
"2020-06-18 01:44:28",1265
"2020-06-18 02:44:22",1265
"2020-06-18 03:44:40",1265
"2020-06-18 04:44:26",1265
"2020-06-18 05:44:22",1265
"2020-06-18 06:44:28",1265
"2020-06-18 07:44:38",1265
"2020-06-18 08:44:22",1265
"2020-06-18 09:44:25",1265
"2020-06-18 10:44:19",1265
"2020-06-18 11:44:30",1265
"2020-06-18 12:44:27",1265
"2020-06-18 13:44:39",1265
"2020-06-18 14:44:38",1258
"2020-06-18 17:06:26",1258
"2020-06-18 17:44:27",1258
"2020-06-18 18:44:37",1258
"2020-06-18 19:44:33",1258
"2020-06-18 20:44:28",1249
"2020-06-18 21:44:45",1249
"2020-06-18 22:44:25",1247
"2020-06-18 23:44:31",1247
"2020-06-19 00:44:44",1247
"2020-06-19 01:44:26",1247
"2020-06-19 02:44:24",1247
"2020-06-19 03:44:43",1247
"2020-06-19 04:46:59",1247
"2020-06-19 05:44:26",1247
"2020-06-19 06:44:22",1247
"2020-06-19 07:44:43",1247
"2020-06-19 08:44:46",1247
"2020-06-19 09:44:41",1247
"2020-06-19 10:44:25",1247
"2020-06-19 11:44:18",1247
"2020-06-19 13:09:07",1247
"2020-06-19 13:44:37",1247
"2020-06-19 14:44:27",1250
"2020-06-19 15:44:31",1252
"2020-06-19 16:44:28",1250
"2020-06-19 17:44:38",1247
"2020-06-19 18:44:22",1251
"2020-06-19 19:44:31",1251
"2020-06-19 20:44:27",1250
"2020-06-19 21:44:18",1250
"2020-06-19 22:44:36",1250
"2020-06-19 23:44:40",1250
"2020-06-20 00:44:30",1250
"2020-06-20 01:44:35",1250
"2020-06-20 02:44:35",1250
"2020-06-20 03:44:22",1250
"2020-06-20 04:44:18",1250
"2020-06-20 05:44:28",1250
"2020-06-20 06:44:23",1250
"2020-06-20 07:44:26",1250
"2020-06-20 08:44:26",1249
"2020-06-20 09:44:26",1249
"2020-06-20 10:44:25",1249
"2020-06-20 11:44:27",1249
"2020-06-20 12:44:29",1249
"2020-06-20 13:44:29",1249
"2020-06-20 14:44:28",1249
"2020-06-20 15:44:20",1249
"2020-06-20 16:44:42",1249
"2020-06-20 17:44:23",1249
"2020-06-20 18:44:24",1249
"2020-06-20 19:44:37",1249
"2020-06-20 20:44:27",1249
"2020-06-20 21:44:28",1249
"2020-06-20 22:44:30",1249
"2020-06-20 23:44:31",1249
"2020-06-21 00:44:32",1249
"2020-06-21 01:44:26",1249
"2020-06-21 02:44:27",1249
"2020-06-21 03:44:47",1249
"2020-06-21 04:44:26",1249
"2020-06-21 05:44:45",1249
"2020-06-21 06:44:25",1249
"2020-06-21 07:44:27",1249
"2020-06-21 08:44:22",1249
"2020-06-21 09:44:23",1249
"2020-06-21 10:44:20",1249
"2020-06-21 11:44:27",1249
"2020-06-21 12:44:32",1249
"2020-06-21 13:44:30",1249
"2020-06-21 14:44:49",1249
"2020-06-21 15:44:28",1249
"2020-06-21 16:44:22",1249
"2020-06-21 17:44:25",1249
"2020-06-21 18:44:28",1249
"2020-06-21 19:44:29",1249
"2020-06-21 20:44:27",1249
"2020-06-21 21:44:29",1249
"2020-06-21 22:44:42",1249
"2020-06-21 23:44:34",1249
"2020-06-22 00:44:25",1249
"2020-06-22 01:44:35",1249
"2020-06-22 02:44:31",1249
"2020-06-22 03:44:27",1249
"2020-06-22 04:44:29",1249
"2020-06-22 05:44:44",1249
"2020-06-22 06:44:27",1249
"2020-06-22 07:44:21",1249
"2020-06-22 08:44:28",1249
"2020-06-22 09:44:31",1249
"2020-06-22 10:44:47",1249
"2020-06-22 11:44:23",1249
"2020-06-22 12:44:29",1249
"2020-06-22 13:44:31",1249
"2020-06-22 14:44:32",1250
"2020-06-22 15:44:43",1330
"2020-06-22 16:44:31",1325
"2020-06-22 17:44:46",1321
"2020-06-22 18:44:27",1347
"2020-06-22 19:44:34",1358
"2020-06-22 20:44:24",1351
"2020-06-22 21:44:23",1354
"2020-06-22 22:44:21",1360
"2020-06-22 23:44:25",1360
"2020-06-23 00:44:24",1360
"2020-06-23 01:44:28",1360
"2020-06-23 02:44:32",1360
"2020-06-23 03:44:32",1360
"2020-06-23 04:44:40",1360
"2020-06-23 05:44:43",1360
"2020-06-23 06:44:25",1360
"2020-06-23 07:44:32",1360
"2020-06-23 08:44:56",1360
"2020-06-23 09:44:27",1360
"2020-06-23 10:44:32",1360
"2020-06-23 11:44:28",1360
"2020-06-23 12:44:33",1360
"2020-06-23 13:44:30",1360
"2020-06-23 14:44:34",1338
"2020-06-23 15:44:43",1315
"2020-06-23 16:44:29",1301
"2020-06-23 17:44:34",1297
"2020-06-23 18:44:45",1294
"2020-06-23 19:44:25",1287
"2020-06-23 20:44:32",1281
"2020-06-23 21:44:24",1281
"2020-06-23 22:44:41",1281
"2020-06-23 23:44:45",1281
"2020-06-24 00:44:44",1281
"2020-06-24 01:44:46",1281
"2020-06-24 02:44:44",1281
"2020-06-24 03:44:26",1281
"2020-06-24 04:44:39",1281
"2020-06-24 05:44:48",1281
"2020-06-24 06:44:33",1281
"2020-06-24 07:44:29",1281
"2020-06-24 08:44:37",1281
"2020-06-24 09:44:32",1281
"2020-06-24 10:44:38",1281
"2020-06-24 11:44:23",1281
"2020-06-24 12:44:29",1281
"2020-06-24 13:44:35",1281
"2020-06-24 14:44:33",1275
"2020-06-24 15:44:24",1270
"2020-06-24 16:44:29",1270
"2020-06-24 17:44:44",1271
"2020-06-24 18:44:39",1269
"2020-06-24 19:44:44",1271
"2020-06-24 20:44:31",1270
"2020-06-24 21:44:27",1270
"2020-06-24 22:44:26",1270
"2020-06-24 23:44:29",1270
"2020-06-25 00:44:31",1270
"2020-06-25 01:44:28",1270
"2020-06-25 02:44:22",1270
"2020-06-25 03:44:27",1270
"2020-06-25 04:44:29",1270
"2020-06-25 05:44:28",1270
"2020-06-25 06:44:34",1270
"2020-06-25 07:44:35",1270
"2020-06-25 08:44:29",1270
"2020-06-25 09:44:43",1270
"2020-06-25 10:44:24",1270
"2020-06-25 11:44:54",1270
"2020-06-25 13:08:08",1269
"2020-06-25 13:44:46",1269
"2020-06-25 14:45:05",1262
"2020-06-25 15:44:47",1259
"2020-06-25 16:44:47",1257
"2020-06-25 17:44:48",1251
"2020-06-25 18:44:29",1250
"2020-06-25 19:44:39",1253
"2020-06-25 20:44:27",1253
"2020-06-25 21:44:42",1253
"2020-06-25 22:44:50",1254
"2020-06-25 23:44:26",1254
"2020-06-26 00:44:49",1254
"2020-06-26 01:44:38",1254
"2020-06-26 02:44:34",1254
"2020-06-26 03:44:42",1254
"2020-06-26 04:44:26",1254
"2020-06-26 05:44:31",1254
"2020-06-26 06:44:35",1254
"2020-06-26 07:44:35",1254
"2020-06-26 08:44:34",1254
"2020-06-26 09:44:27",1254
"2020-06-26 10:44:26",1254
"2020-06-26 11:44:31",1254
"2020-06-26 12:44:35",1254
"2020-06-26 13:44:57",1254
"2020-06-26 14:44:33",1252
"2020-06-26 15:44:30",1253
"2020-06-26 16:44:34",1257
"2020-06-26 17:44:31",1256
"2020-06-26 18:44:33",1255
"2020-06-26 19:44:36",1255
"2020-06-26 20:44:29",1252
"2020-06-26 21:44:33",1252
"2020-06-26 22:44:46",1252
"2020-06-26 23:44:26",1252
"2020-06-27 00:44:54",1252
"2020-06-27 01:44:45",1252
"2020-06-27 02:44:44",1252
"2020-06-27 03:44:44",1252
"2020-06-27 04:44:48",1252
"2020-06-27 05:44:26",1252
"2020-06-27 06:44:32",1252
"2020-06-27 07:44:33",1252
"2020-06-27 08:44:26",1252
"2020-06-27 09:44:30",1252
"2020-06-27 10:44:31",1252
"2020-06-27 11:44:25",1252
"2020-06-27 12:44:36",1252
"2020-06-27 13:44:32",1252
"2020-06-27 14:44:23",1252
"2020-06-27 15:44:50",1252
"2020-06-27 16:44:31",1252
"2020-06-27 17:44:28",1252
"2020-06-27 18:44:30",1252
"2020-06-27 19:44:31",1252
"2020-06-27 20:44:26",1252
"2020-06-27 21:44:28",1252
"2020-06-27 22:44:29",1252
"2020-06-27 23:44:26",1252
"2020-06-28 00:44:38",1252
"2020-06-28 01:44:26",1252
"2020-06-28 02:44:33",1252
"2020-06-28 03:44:28",1252
"2020-06-28 04:44:25",1252
"2020-06-28 05:44:29",1252
"2020-06-28 06:44:27",1252
"2020-06-28 07:44:39",1252
"2020-06-28 08:44:33",1252
"2020-06-28 09:44:28",1252
"2020-06-28 10:44:29",1252
"2020-06-28 11:44:25",1252
"2020-06-28 12:44:31",1252
"2020-06-28 13:44:31",1252
"2020-06-28 14:44:26",1252
"2020-06-28 15:44:34",1252
"2020-06-28 16:44:31",1252
"2020-06-28 17:44:29",1252
"2020-06-28 18:44:33",1252
"2020-06-28 19:44:32",1252
"2020-06-28 20:44:25",1252
"2020-06-28 21:44:34",1252
"2020-06-28 22:44:45",1252
"2020-06-28 23:44:34",1252
"2020-06-29 00:44:43",1252
"2020-06-29 01:44:25",1252
"2020-06-29 02:44:33",1252
"2020-06-29 03:44:31",1252
"2020-06-29 04:44:34",1252
"2020-06-29 05:44:27",1252
"2020-06-29 06:44:36",1252
"2020-06-29 07:44:38",1252
"2020-06-29 08:44:33",1252
"2020-06-29 09:44:35",1252
"2020-06-29 10:44:32",1252
"2020-06-29 11:44:30",1252
"2020-06-29 12:44:37",1252
"2020-06-29 13:44:44",1252
"2020-06-29 14:44:56",1250
"2020-06-29 15:44:34",1246
"2020-06-29 16:44:31",1245
"2020-06-29 17:44:30",1245
"2020-06-29 18:44:31",1250
"2020-06-29 19:44:33",1244
"2020-06-29 20:44:33",1245
"2020-06-29 21:44:32",1244
"2020-06-29 22:44:29",1243
"2020-06-29 23:44:36",1243
"2020-06-30 00:44:53",1243
"2020-06-30 01:44:38",1243
"2020-06-30 02:44:54",1243
"2020-06-30 03:44:30",1243
"2020-06-30 04:44:50",1243
"2020-06-30 05:44:36",1243
"2020-06-30 06:44:47",1243
"2020-06-30 07:44:30",1243
"2020-06-30 08:44:30",1243
"2020-06-30 09:44:36",1243
"2020-06-30 10:46:35",1243
"2020-06-30 11:44:30",1243
"2020-06-30 12:44:30",1243
"2020-06-30 13:45:05",1243
"2020-06-30 14:44:41",1238
"2020-06-30 15:44:44",1239
"2020-06-30 16:45:02",1235
"2020-06-30 17:44:33",1237
"2020-06-30 18:44:41",1237
"2020-06-30 19:44:34",1232
"2020-06-30 20:44:39",1233
"2020-06-30 21:44:50",1232
"2020-06-30 22:44:25",1232
"2020-06-30 23:44:31",1232
"2020-07-01 00:45:27",1232
"2020-07-01 01:44:33",1232
"2020-07-01 02:44:49",1232
"2020-07-01 03:44:36",1232
"2020-07-01 04:44:40",1232
"2020-07-01 05:44:40",1232
"2020-07-01 06:44:34",1232
"2020-07-01 07:44:37",1232
"2020-07-01 08:44:50",1232
"2020-07-01 09:45:05",1232
"2020-07-01 10:44:58",1232
"2020-07-01 11:44:33",1232
"2020-07-01 13:07:45",1232
"2020-07-01 13:44:59",1232
"2020-07-01 14:45:04",1233
"2020-07-01 15:45:00",1230
"2020-07-01 16:44:56",1228
"2020-07-01 17:44:49",1228
"2020-07-01 18:44:52",1227
"2020-07-01 19:45:00",1224
"2020-07-01 20:44:52",1223
"2020-07-01 21:44:35",1222
"2020-07-01 22:44:53",1222
"2020-07-01 23:44:37",1222
"2020-07-02 00:45:31",1222
"2020-07-02 01:44:39",1222
"2020-07-02 02:44:41",1222
"2020-07-02 03:44:42",1222
"2020-07-02 04:44:39",1222
"2020-07-02 05:44:39",1222
"2020-07-02 06:44:38",1222
"2020-07-02 07:44:32",1222
"2020-07-02 08:44:35",1222
"2020-07-02 09:46:03",1222
"2020-07-02 10:44:36",1222
"2020-07-02 11:44:38",1222
"2020-07-02 13:10:44",1222
"2020-07-02 13:45:01",1222
"2020-07-02 14:44:36",1214
"2020-07-02 15:44:40",1213
"2020-07-02 16:44:49",1213
"2020-07-02 17:44:45",1211
"2020-07-02 18:44:53",1212
"2020-07-02 19:44:39",1212
"2020-07-02 20:44:29",1208
"2020-07-02 21:44:38",1208
"2020-07-02 22:44:30",1208
"2020-07-02 23:44:28",1208
"2020-07-03 00:44:55",1208
"2020-07-03 01:44:35",1208
"2020-07-03 02:44:47",1208
"2020-07-03 03:44:33",1208
"2020-07-03 04:44:51",1208
"2020-07-03 05:44:34",1208
"2020-07-03 06:44:34",1208
"2020-07-03 07:44:35",1208
"2020-07-03 08:44:33",1208
"2020-07-03 09:44:53",1208
"2020-07-03 10:44:36",1208
"2020-07-03 11:44:31",1208
"2020-07-03 12:44:30",1208
"2020-07-03 13:44:33",1208
"2020-07-03 14:44:40",1208
"2020-07-03 15:44:32",1208
"2020-07-03 16:44:33",1208
"2020-07-03 17:44:33",1208
"2020-07-03 18:44:40",1208
"2020-07-03 19:44:35",1208
"2020-07-03 20:44:37",1208
"2020-07-03 21:44:34",1208
"2020-07-03 22:44:32",1208
"2020-07-03 23:44:30",1208
"2020-07-04 00:44:32",1208
"2020-07-04 01:44:41",1208
"2020-07-04 02:44:47",1208
"2020-07-04 03:44:32",1208
"2020-07-04 04:44:29",1208
"2020-07-04 05:44:36",1208
"2020-07-04 06:44:39",1208
"2020-07-04 07:44:34",1208
"2020-07-04 08:44:36",1208
"2020-07-04 09:44:36",1208
"2020-07-04 11:37:46",1208
"2020-07-04 11:45:33",1208
"2020-07-04 12:44:38",1208
"2020-07-04 13:44:32",1208
"2020-07-04 14:44:37",1208
"2020-07-04 15:44:27",1208
"2020-07-04 16:44:56",1208
"2020-07-04 17:44:32",1208
"2020-07-04 18:44:33",1208
"2020-07-04 19:44:29",1208
"2020-07-04 20:44:35",1208
"2020-07-04 21:44:35",1208
"2020-07-04 22:44:29",1208
"2020-07-04 23:44:39",1208
"2020-07-05 00:44:38",1208
"2020-07-05 01:44:36",1208
"2020-07-05 02:44:28",1208
"2020-07-05 03:44:33",1208
"2020-07-05 04:44:29",1208
"2020-07-05 05:44:37",1208
"2020-07-05 06:44:36",1208
"2020-07-05 07:44:39",1208
"2020-07-05 08:44:35",1208
"2020-07-05 11:31:52",1208
"2020-07-05 11:37:31",1208
"2020-07-05 11:47:01",1208
"2020-07-05 12:44:32",1208
"2020-07-05 13:44:36",1208
"2020-07-05 14:44:29",1208
"2020-07-05 15:44:43",1208
"2020-07-05 16:44:37",1208
"2020-07-05 17:44:30",1208
"2020-07-05 18:44:29",1208
"2020-07-05 19:44:35",1208
"2020-07-05 20:44:31",1208
"2020-07-05 21:44:36",1208
"2020-07-05 22:44:27",1208
"2020-07-05 23:44:30",1208
"2020-07-06 00:44:35",1208
"2020-07-06 01:44:38",1208
"2020-07-06 02:44:34",1208
"2020-07-06 03:44:33",1208
"2020-07-06 04:44:32",1208
"2020-07-06 05:44:24",1208
"2020-07-06 06:44:39",1208
"2020-07-06 07:44:47",1208
"2020-07-06 08:44:39",1208
"2020-07-06 09:44:34",1208
"2020-07-06 11:41:01",1208
"2020-07-06 11:51:31",1208
"2020-07-06 14:09:20",1201
"2020-07-06 14:17:23",1201
"2020-07-06 14:44:49",1201
"2020-07-06 15:44:39",1201
"2020-07-06 16:44:57",1201
"2020-07-06 17:44:38",1201
"2020-07-06 18:44:32",1197
"2020-07-06 19:44:29",1195
"2020-07-06 20:44:39",1196
"2020-07-06 21:44:30",1196
"2020-07-06 22:44:47",1196
"2020-07-06 23:44:30",1196
"2020-07-07 00:44:35",1196
"2020-07-07 01:44:27",1196
"2020-07-07 02:44:34",1196
"2020-07-07 03:44:50",1196
"2020-07-07 04:44:31",1196
"2020-07-07 05:44:27",1196
"2020-07-07 06:44:27",1196
"2020-07-07 07:44:25",1196
"2020-07-07 08:44:26",1196
"2020-07-07 11:24:26",1196
"2020-07-07 11:31:01",1196
"2020-07-07 11:44:32",1196
"2020-07-07 12:44:37",1196
"2020-07-07 13:44:38",1197
"2020-07-07 14:44:32",1194
"2020-07-07 15:44:58",1189
"2020-07-07 16:45:42",1186
"2020-07-07 17:44:46",1185
"2020-07-07 18:44:28",1186
"2020-07-07 19:44:57",1183
"2020-07-07 20:44:36",1181
"2020-07-07 21:44:58",1181
"2020-07-07 22:44:38",1180
"2020-07-07 23:44:36",1180
"2020-07-08 00:45:27",1180
"2020-07-08 01:44:48",1180
"2020-07-08 02:44:36",1180
"2020-07-08 03:44:41",1180
"2020-07-08 04:44:35",1180
"2020-07-08 05:44:51",1180
"2020-07-08 06:44:40",1180
"2020-07-08 07:44:37",1180
"2020-07-08 08:44:38",1180
"2020-07-08 11:50:37",1180
"2020-07-08 11:55:22",1180
"2020-07-08 11:58:03",1180
"2020-07-08 13:11:47",1181
"2020-07-08 13:44:52",1181
"2020-07-08 14:44:36",1176
"2020-07-08 15:44:35",1176
"2020-07-08 16:44:35",1177
"2020-07-08 17:44:39",1177
"2020-07-08 18:44:47",1177
"2020-07-08 19:44:52",1174
"2020-07-08 20:44:37",1174
"2020-07-08 21:44:37",1174
"2020-07-08 22:44:36",1172
"2020-07-08 23:44:41",1172
"2020-07-09 00:45:33",1172
"2020-07-09 01:44:36",1172
"2020-07-09 18:44:51",1162
"2020-07-09 18:49:15",1162
"2020-07-09 18:59:06",1162
"2020-07-09 19:46:23",1160
"2020-07-09 20:44:41",1160
"2020-07-09 21:44:43",1161
"2020-07-09 22:44:47",1161
"2020-07-09 23:44:35",1161
"2020-07-10 00:45:21",1161
"2020-07-10 01:44:34",1161
"2020-07-10 02:44:47",1161
"2020-07-10 03:44:36",1161
"2020-07-10 04:44:26",1161
"2020-07-10 05:44:31",1161
"2020-07-10 06:44:38",1161
"2020-07-10 07:44:35",1161
"2020-07-10 08:44:35",1161
"2020-07-10 11:43:21",1161
"2020-07-10 11:51:08",1161
"2020-07-10 11:58:44",1161
"2020-07-10 13:11:44",1161
"2020-07-10 13:44:40",1161
"2020-07-10 14:44:30",1161
"2020-07-10 15:44:39",1162
"2020-07-10 16:44:41",1163
"2020-07-10 17:44:33",1161
"2020-07-10 18:44:41",1162
"2020-07-10 19:44:38",1162
"2020-07-10 20:44:32",1161
"2020-07-10 21:44:51",1161
"2020-07-10 22:44:30",1161
"2020-07-10 23:44:43",1161
"2020-07-11 00:44:33",1161
"2020-07-11 01:44:37",1161
"2020-07-11 02:44:28",1161
"2020-07-11 03:44:41",1161
"2020-07-11 04:44:38",1161
"2020-07-11 05:44:32",1161
"2020-07-11 06:44:32",1161
"2020-07-11 07:44:41",1161
"2020-07-11 08:44:39",1161
"2020-07-11 11:48:07",1161
"2020-07-11 11:54:36",1161
"2020-07-11 11:57:32",1161
"2020-07-11 12:44:37",1161
"2020-07-11 13:44:38",1161
"2020-07-11 14:44:39",1161
"2020-07-11 15:44:39",1161
"2020-07-11 16:44:29",1161
"2020-07-11 17:44:36",1161
"2020-07-11 18:44:36",1161
"2020-07-11 19:44:35",1161
"2020-07-11 20:44:27",1161
"2020-07-11 21:44:41",1161
"2020-07-11 22:44:37",1161
"2020-07-11 23:44:33",1161
"2020-07-12 00:44:34",1161
"2020-07-12 01:44:54",1161
"2020-07-12 02:44:34",1161
"2020-07-12 03:44:40",1161
"2020-07-12 04:44:30",1161
"2020-07-12 05:44:36",1161
"2020-07-12 06:44:43",1161
"2020-07-12 07:44:35",1161
"2020-07-12 08:44:28",1161
"2020-07-12 11:34:17",1161
"2020-07-12 11:36:43",1161
"2020-07-12 11:53:03",1161
"2020-07-12 12:44:30",1161
"2020-07-12 13:44:37",1161
"2020-07-12 14:44:28",1161
"2020-07-12 15:44:35",1161
"2020-07-12 16:44:39",1161
"2020-07-12 17:44:28",1161
"2020-07-12 18:44:31",1161
"2020-07-12 19:44:35",1161
"2020-07-12 20:44:38",1161
"2020-07-12 21:44:29",1161
"2020-07-12 22:44:43",1161
"2020-07-12 23:44:33",1161
"2020-07-13 00:44:46",1161
"2020-07-13 01:44:52",1161
"2020-07-13 02:44:58",1161
"2020-07-13 03:44:40",1161
"2020-07-13 04:44:39",1161
"2020-07-13 05:44:31",1161
"2020-07-13 06:44:48",1161
"2020-07-13 07:44:34",1161
"2020-07-13 08:44:36",1161
"2020-07-13 12:01:17",1161
"2020-07-13 12:02:23",1161
"2020-07-13 12:05:43",1161
"2020-07-13 12:45:05",1161
"2020-07-13 13:44:38",1161
"2020-07-13 14:44:33",1157
"2020-07-13 15:44:47",1157
"2020-07-13 16:44:54",1158
"2020-07-13 17:44:37",1156
"2020-07-13 18:44:38",1156
"2020-07-13 19:44:45",1154
"2020-07-13 20:44:43",1153
"2020-07-13 21:44:44",1153
"2020-07-13 22:44:52",1153
"2020-07-13 23:44:46",1153
"2020-07-14 00:44:58",1153
"2020-07-14 01:44:52",1153
"2020-07-14 02:44:51",1153
"2020-07-14 03:44:39",1153
"2020-07-14 04:44:35",1153
"2020-07-14 05:44:35",1153
"2020-07-14 06:44:38",1153
"2020-07-14 07:44:43",1153
"2020-07-14 08:44:42",1153
"2020-07-14 12:07:11",1153
"2020-07-14 12:12:45",1153
"2020-07-14 12:18:03",1153
"2020-07-14 12:44:48",1153
"2020-07-14 13:44:55",1154
"2020-07-14 14:44:52",1158
"2020-07-14 15:45:03",1155
"2020-07-14 16:45:18",1155
"2020-07-14 17:45:17",1154
"2020-07-14 18:44:52",1152
"2020-07-14 19:44:47",1152
"2020-07-14 20:44:45",1149
"2020-07-14 21:44:48",1149
"2020-07-14 22:44:52",1149
"2020-07-14 23:44:56",1149
"2020-07-15 00:45:06",1149
"2020-07-15 01:44:56",1149
"2020-07-15 02:30:11",1149
"2020-07-15 02:37:56",1149
"2020-07-15 02:45:36",1149
"2020-07-15 02:53:22",1149
"2020-07-15 03:14:56",1149
"2020-07-15 03:22:46",1149
"2020-07-15 03:30:37",1149
"2020-07-15 03:38:23",1149
"2020-07-15 03:46:07",1149
"2020-07-15 03:53:51",1149
"2020-07-15 04:01:38",1149
"2020-07-15 04:09:26",1149
"2020-07-15 04:17:11",1149
"2020-07-15 04:24:56",1149
"2020-07-15 04:32:49",1149
"2020-07-15 04:40:34",1149
"2020-07-15 04:48:16",1149
"2020-07-15 04:56:08",1149
"2020-07-15 05:04:17",1149
"2020-07-15 05:12:03",1149
"2020-07-15 12:18:27",1149
"2020-07-15 12:26:51",1149
"2020-07-15 12:34:47",1149
"2020-07-15 12:42:38",1149
"2020-07-15 12:50:34",1149
"2020-07-15 12:58:27",1149
"2020-07-15 13:06:25",1148
"2020-07-15 13:14:41",1148
"2020-07-15 13:22:46",1148
"2020-07-15 13:30:57",1148
"2020-07-15 13:38:55",1148
"2020-07-15 13:47:00",1148
"2020-07-15 13:54:55",1148
"2020-07-15 14:02:56",1148
"2020-07-15 14:11:00",1148
"2020-07-15 14:19:02",1148
"2020-07-15 14:27:04",1148
"2020-07-15 14:35:07",1148
"2020-07-15 14:45:00",1148
"2020-07-15 14:54:55",1148
"2020-07-15 15:05:01",1148
"2020-07-15 15:15:02",1145
"2020-07-15 15:24:57",1145
"2020-07-15 15:34:54",1145
"2020-07-15 15:44:57",1145
"2020-07-15 15:55:11",1145
"2020-07-15 16:05:11",1141
"2020-07-15 16:15:16",1141
"2020-07-15 16:25:19",1141
"2020-07-15 16:35:32",1141
"2020-07-15 16:45:43",1141
"2020-07-15 16:55:51",1141
"2020-07-15 17:05:59",1141
"2020-07-15 17:13:12",1141
"2020-07-15 17:21:06",1141
"2020-07-15 17:28:49",1141
"2020-07-15 17:36:37",1141
"2020-07-15 17:44:22",1141
"2020-07-15 17:52:09",1141
"2020-07-15 18:00:07",1141
"2020-07-15 18:08:05",1136
"2020-07-15 18:16:00",1136
"2020-07-15 18:23:54",1136
"2020-07-15 18:31:48",1136
"2020-07-15 18:39:47",1136
"2020-07-15 18:47:56",1136
"2020-07-15 18:55:55",1136
"2020-07-15 19:04:08",1136
"2020-07-15 19:12:11",1134
"2020-07-15 19:19:59",1134
"2020-07-15 19:27:53",1134
"2020-07-15 19:37:58",1134
"2020-07-15 19:47:52",1134
"2020-07-15 19:57:42",1134
"2020-07-15 20:07:39",1134
"2020-07-15 20:17:43",1132
"2020-07-15 20:27:40",1132
"2020-07-15 20:37:28",1132
"2020-07-15 20:47:15",1132
"2020-07-15 20:56:59",1132
"2020-07-15 21:06:50",1132
"2020-07-15 21:16:39",1132
"2020-07-15 21:26:24",1132
"2020-07-15 21:36:52",1132
"2020-07-15 21:46:51",1132
"2020-07-15 21:57:02",1132
"2020-07-15 22:07:01",1132
"2020-07-15 22:16:54",1132
"2020-07-15 22:26:46",1132
"2020-07-15 22:36:32",1132
"2020-07-15 22:46:15",1132
"2020-07-15 22:56:01",1132
"2020-07-15 23:02:44",1132
"2020-07-15 23:05:47",1132
"2020-07-15 23:25:42",1132
"2020-07-15 23:35:30",1132
"2020-07-15 23:45:17",1132
"2020-07-15 23:55:02",1132
"2020-07-16 00:05:38",1132
"2020-07-16 00:15:55",1132
"2020-07-16 00:26:25",1132
"2020-07-16 00:36:45",1132
"2020-07-16 00:46:42",1132
"2020-07-16 00:56:30",1132
"2020-07-16 01:06:21",1132
"2020-07-16 01:16:16",1132
"2020-07-16 01:26:12",1132
"2020-07-16 01:35:56",1132
"2020-07-16 01:45:42",1132
"2020-07-16 01:55:33",1132
"2020-07-16 02:05:26",1132
"2020-07-16 02:15:29",1132
"2020-07-16 02:25:53",1132
"2020-07-16 02:35:54",1132
"2020-07-16 02:46:02",1132
"2020-07-16 02:56:54",1132
"2020-07-16 02:59:27",1132
"2020-07-16 03:16:38",1132
"2020-07-16 03:26:52",1132
"2020-07-16 03:36:54",1132
"2020-07-16 03:46:55",1132
"2020-07-16 03:57:05",1132
"2020-07-16 04:07:31",1132
"2020-07-16 04:17:30",1132
"2020-07-16 04:27:25",1132
"2020-07-16 04:37:23",1132
"2020-07-16 04:47:16",1132
"2020-07-16 04:57:10",1132
"2020-07-16 05:07:07",1132
"2020-07-16 05:16:59",1132
"2020-07-16 05:26:52",1132
"2020-07-16 05:39:21",1132
"2020-07-16 05:49:13",1132
"2020-07-16 06:00:41",1132
"2020-07-16 06:10:35",1132
"2020-07-16 06:18:33",1132
"2020-07-16 06:27:25",1132
"2020-07-16 06:36:35",1132
"2020-07-16 06:45:58",1132
"2020-07-16 07:01:23",1132
"2020-07-16 07:02:59",1132
"2020-07-16 07:07:35",1132
"2020-07-16 07:28:03",1132
"2020-07-16 07:42:54",1132
"2020-07-16 07:52:36",1132
"2020-07-16 07:59:01",1132
"2020-07-16 08:10:20",1132
"2020-07-16 08:20:01",1132
"2020-07-16 08:29:19",1132
"2020-07-16 08:39:01",1132
"2020-07-16 08:48:06",1132
"2020-07-16 08:57:17",1132
"2020-07-16 09:06:53",1132
"2020-07-16 09:16:50",1132
"2020-07-16 09:26:56",1132
"2020-07-16 09:36:38",1132
"2020-07-16 09:45:36",1132
"2020-07-16 09:54:15",1132
"2020-07-16 10:03:16",1132
"2020-07-16 10:12:14",1132
"2020-07-16 10:20:51",1132
"2020-07-16 10:29:07",1132
"2020-07-16 10:37:39",1132
"2020-07-16 10:48:06",1132
"2020-07-16 10:58:35",1132
"2020-07-16 11:09:45",1132
"2020-07-16 11:20:33",1132
"2020-07-16 11:31:05",1132
"2020-07-16 11:41:31",1132
"2020-07-16 11:52:22",1132
"2020-07-16 12:03:55",1132
"2020-07-16 12:15:35",1132
"2020-07-16 12:26:34",1132
"2020-07-16 12:37:48",1132
"2020-07-16 12:48:56",1132
"2020-07-16 12:59:52",1132
"2020-07-16 13:11:36",1131
"2020-07-16 13:23:24",1131
"2020-07-16 13:35:25",1131
"2020-07-16 13:46:48",1131
"2020-07-16 13:57:26",1131
"2020-07-16 14:08:42",1136
"2020-07-16 14:19:49",1136
"2020-07-16 14:31:07",1136
"2020-07-16 14:38:24",1136
"2020-07-16 14:41:44",1136
"2020-07-16 15:03:23",1136
"2020-07-16 15:14:28",1136
"2020-07-16 16:57:59",1172
"2020-07-16 17:06:18",1172
"2020-07-16 17:14:34",1172
"2020-07-16 17:22:42",1170
"2020-07-16 17:30:50",1170
"2020-07-16 17:39:04",1170
"2020-07-16 17:47:13",1170
"2020-07-16 17:55:16",1170
"2020-07-16 18:03:29",1170
"2020-07-16 18:11:45",1170
"2020-07-16 18:19:57",1170
"2020-07-16 18:28:06",1169
"2020-07-16 18:36:15",1169
"2020-07-16 18:44:21",1169
"2020-07-16 18:52:40",1169
"2020-07-16 19:00:52",1169
"2020-07-16 19:08:56",1169
"2020-07-16 19:17:08",1169
"2020-07-16 19:27:13",1169
"2020-07-16 19:37:21",1169
"2020-07-16 19:47:27",1169
"2020-07-16 19:57:29",1169
"2020-07-16 20:07:35",1172
"2020-07-16 20:17:37",1172
"2020-07-16 20:27:37",1172
"2020-07-16 20:37:38",1172
"2020-07-16 20:47:44",1172
"2020-07-16 20:57:46",1172
"2020-07-16 21:07:54",1173
"2020-07-16 21:17:57",1173
"2020-07-16 21:28:21",1173
"2020-07-16 21:38:30",1173
"2020-07-16 21:48:32",1173
"2020-07-16 21:58:34",1173
"2020-07-16 22:08:44",1173
"2020-07-16 22:18:45",1173
"2020-07-16 22:28:46",1172
"2020-07-16 22:38:49",1172
"2020-07-16 22:48:50",1172
"2020-07-16 22:55:35",1172
"2020-07-16 22:58:37",1172
"2020-07-16 23:18:55",1172
"2020-07-16 23:28:55",1172
"2020-07-16 23:38:53",1172
"2020-07-16 23:48:51",1172
"2020-07-16 23:58:58",1172
"2020-07-17 00:09:53",1172
"2020-07-17 00:20:29",1172
"2020-07-17 00:30:58",1172
"2020-07-17 00:41:33",1172
"2020-07-17 00:51:39",1172
"2020-07-17 01:01:58",1172
"2020-07-17 01:12:07",1172
"2020-07-17 01:22:11",1172
"2020-07-17 01:32:11",1172
"2020-07-17 01:42:14",1172
"2020-07-17 01:52:16",1172
"2020-07-17 02:02:23",1172
"2020-07-17 02:12:26",1172
"2020-07-17 02:22:32",1172
"2020-07-17 02:32:31",1172
"2020-07-17 02:42:27",1172
"2020-07-17 02:53:08",1172
"2020-07-17 02:55:42",1172
"2020-07-17 03:12:34",1172
"2020-07-17 03:22:36",1172
"2020-07-17 03:32:43",1172
"2020-07-17 03:42:47",1172
"2020-07-17 03:52:53",1172
"2020-07-17 04:03:05",1172
"2020-07-17 04:13:15",1172
"2020-07-17 04:23:21",1172
"2020-07-17 04:33:26",1172
"2020-07-17 04:43:29",1172
"2020-07-17 04:53:32",1172
"2020-07-17 05:03:41",1172
"2020-07-17 05:13:45",1172
"2020-07-17 05:23:50",1172
"2020-07-17 05:33:49",1172
"2020-07-17 05:43:51",1172
"2020-07-17 05:53:50",1172
"2020-07-17 06:03:58",1172
"2020-07-17 06:12:10",1172
"2020-07-17 06:20:18",1172
"2020-07-17 06:28:33",1172
"2020-07-17 06:36:45",1172
"2020-07-17 06:49:57",1172
"2020-07-17 06:51:07",1172
"2020-07-17 06:54:35",1172
"2020-07-17 07:10:00",1172
"2020-07-17 07:18:10",1172
"2020-07-17 07:26:19",1172
"2020-07-17 07:34:26",1172
"2020-07-17 07:42:31",1172
"2020-07-17 07:50:37",1172
"2020-07-17 07:58:41",1172
"2020-07-17 08:07:07",1172
"2020-07-17 08:15:36",1172
"2020-07-17 08:24:06",1172
"2020-07-17 08:32:40",1172
"2020-07-17 08:41:10",1172
"2020-07-17 08:49:23",1172
"2020-07-17 08:57:34",1172
"2020-07-17 09:05:52",1172
"2020-07-17 09:14:02",1172
"2020-07-17 09:22:07",1172
"2020-07-17 09:30:15",1172
"2020-07-17 09:38:17",1172
"2020-07-17 09:46:19",1172
"2020-07-17 09:54:27",1172
"2020-07-17 10:03:35",1172
"2020-07-17 10:09:20",1172
"2020-07-17 10:14:46",1172
"2020-07-17 10:26:54",1172
"2020-07-17 10:36:56",1172
"2020-07-17 10:46:59",1172
"2020-07-17 10:57:14",1172
"2020-07-17 11:07:36",1172
"2020-07-17 11:17:42",1172
"2020-07-17 11:27:48",1172
"2020-07-17 11:37:55",1172
"2020-07-17 11:47:58",1172
"2020-07-17 11:58:07",1172
"2020-07-17 12:08:31",1172
"2020-07-17 12:18:52",1172
"2020-07-17 12:29:01",1172
"2020-07-17 12:39:08",1172
"2020-07-17 12:49:10",1172
"2020-07-17 12:59:27",1172
"2020-07-17 13:10:11",1172
"2020-07-17 13:20:38",1172
"2020-07-17 13:29:01",1172
"2020-07-17 13:37:39",1172
"2020-07-17 13:45:54",1172
"2020-07-17 13:53:58",1172
"2020-07-17 14:03:00",1172
"2020-07-17 14:11:28",1172
"2020-07-17 14:19:50",1172
"2020-07-17 14:28:10",1172
"2020-07-17 14:36:28",1172
"2020-07-17 14:44:29",1172
"2020-07-17 14:52:35",1172
"2020-07-17 15:01:24",1172
"2020-07-17 15:10:14",1155
"2020-07-17 15:19:04",1155
"2020-07-17 15:27:35",1155
"2020-07-17 15:36:06",1155
"2020-07-17 15:44:32",1155
"2020-07-17 15:52:50",1155
"2020-07-17 15:59:09",1155
"2020-07-17 16:08:15",1152
"2020-07-17 16:15:40",1152
"2020-07-17 16:24:26",1152
"2020-07-17 16:33:09",1152
"2020-07-17 16:41:44",1152
"2020-07-17 16:50:14",1152
"2020-07-17 16:58:48",1152
"2020-07-17 17:03:17",1152
"2020-07-17 17:11:27",1151
"2020-07-17 17:19:56",1151
"2020-07-17 17:28:20",1151
"2020-07-17 17:36:48",1151
"2020-07-17 17:45:15",1151
"2020-07-17 17:53:41",1151
"2020-07-17 18:02:25",1151
"2020-07-17 18:11:07",1148
"2020-07-17 18:19:38",1148
"2020-07-17 18:28:06",1148
"2020-07-17 18:36:41",1148
"2020-07-17 18:45:07",1148
"2020-07-17 18:53:26",1148
"2020-07-17 19:05:40",1148
"2020-07-17 19:14:42",1146
"2020-07-17 19:23:06",1146
"2020-07-17 19:31:19",1146
"2020-07-17 19:39:23",1146
"2020-07-17 19:43:04",1146
"2020-07-17 19:51:07",1146
"2020-07-17 19:59:11",1146
"2020-07-17 20:07:24",1144
"2020-07-17 20:15:29",1144
"2020-07-17 20:23:27",1144
"2020-07-17 20:31:29",1144
"2020-07-17 20:39:31",1144
"2020-07-17 20:47:31",1144
"2020-07-17 20:55:34",1144
"2020-07-17 21:03:49",1144
"2020-07-17 21:11:58",1144
"2020-07-17 21:19:55",1144
"2020-07-17 21:27:52",1144
"2020-07-17 21:35:54",1144
"2020-07-17 21:43:58",1144
"2020-07-17 21:52:04",1144
"2020-07-17 22:00:14",1144
"2020-07-17 22:10:37",1144
"2020-07-17 22:20:47",1144
"2020-07-17 22:30:53",1144
"2020-07-17 22:41:14",1144
"2020-07-17 22:51:41",1144
"2020-07-17 23:02:27",1144
"2020-07-17 23:12:54",1144
"2020-07-17 23:23:04",1144
"2020-07-17 23:33:08",1144
"2020-07-17 23:43:12",1144
"2020-07-17 23:53:20",1144
"2020-07-18 00:04:48",1144
"2020-07-18 00:16:29",1144
"2020-07-18 00:27:02",1144
"2020-07-18 00:37:33",1144
"2020-07-18 00:48:11",1144
"2020-07-18 00:58:23",1144
"2020-07-18 01:08:36",1144
"2020-07-18 01:18:44",1144
"2020-07-18 01:28:52",1144
"2020-07-18 01:39:00",1144
"2020-07-18 01:45:46",1144
"2020-07-18 01:48:49",1144
"2020-07-18 02:09:10",1144
"2020-07-18 02:19:14",1144
"2020-07-18 02:29:12",1144
"2020-07-18 02:39:11",1144
"2020-07-18 02:49:11",1144
"2020-07-18 02:59:11",1144
"2020-07-18 03:09:30",1144
"2020-07-18 03:19:35",1144
"2020-07-18 03:29:41",1144
"2020-07-18 03:39:51",1144
"2020-07-18 03:50:04",1144
"2020-07-18 04:00:17",1144
"2020-07-18 04:10:58",1144
"2020-07-18 04:21:30",1144
"2020-07-18 04:31:43",1144
"2020-07-18 04:41:47",1144
"2020-07-18 04:51:49",1144
"2020-07-18 05:02:14",1144
"2020-07-18 05:12:51",1144
"2020-07-18 05:23:08",1144
"2020-07-18 05:33:15",1144
"2020-07-18 05:43:55",1144
"2020-07-18 05:46:30",1144
"2020-07-18 06:03:32",1144
"2020-07-18 06:13:48",1144
"2020-07-18 08:37:47",1144
"2020-07-18 08:45:57",1144
"2020-07-18 08:53:59",1144
"2020-07-18 09:02:08",1144
"2020-07-18 09:10:08",1144
"2020-07-18 09:18:06",1144
"2020-07-18 09:26:06",1144
"2020-07-18 09:34:10",1144
"2020-07-18 09:42:10",1144
"2020-07-18 09:50:10",1144
"2020-07-18 09:58:12",1144
"2020-07-18 10:06:17",1144
"2020-07-18 10:14:19",1144
"2020-07-18 10:22:19",1144
"2020-07-18 10:30:26",1144
"2020-07-18 10:38:26",1144
"2020-07-18 10:46:21",1144
"2020-07-18 10:54:18",1144
"2020-07-18 11:04:21",1144
"2020-07-18 11:14:21",1144
"2020-07-18 11:24:19",1144
"2020-07-18 11:34:19",1144
"2020-07-18 11:44:16",1144
"2020-07-18 11:54:13",1144
"2020-07-18 12:04:22",1144
"2020-07-18 12:14:30",1144
"2020-07-18 12:24:35",1144
"2020-07-18 12:34:37",1144
"2020-07-18 12:44:38",1144
"2020-07-18 12:54:43",1144
"2020-07-18 13:04:58",1144
"2020-07-18 13:15:11",1144
"2020-07-18 13:25:16",1144
"2020-07-18 13:35:16",1144
"2020-07-18 13:45:11",1144
"2020-07-18 13:55:08",1144
"2020-07-18 14:05:05",1144
"2020-07-18 14:15:02",1144
"2020-07-18 14:25:02",1144
"2020-07-18 14:31:46",1144
"2020-07-18 14:34:50",1144
"2020-07-18 14:55:01",1144
"2020-07-18 15:05:09",1144
"2020-07-18 15:15:12",1144
"2020-07-18 15:25:13",1144
"2020-07-18 15:35:12",1144
"2020-07-18 15:45:11",1144
"2020-07-18 15:55:09",1144
"2020-07-18 16:05:12",1144
"2020-07-18 16:15:11",1144
"2020-07-18 16:25:13",1144
"2020-07-18 16:35:14",1144
"2020-07-18 16:45:12",1144
"2020-07-18 16:55:10",1144
"2020-07-18 17:05:14",1144
"2020-07-18 17:15:21",1144
"2020-07-18 17:25:19",1144
"2020-07-18 17:35:18",1144
"2020-07-18 17:45:16",1144
"2020-07-18 17:55:12",1144
"2020-07-18 18:05:14",1144
"2020-07-18 18:15:14",1144
"2020-07-18 18:25:52",1144
"2020-07-18 18:28:23",1144
"2020-07-18 18:45:05",1144
"2020-07-18 18:55:03",1144
"2020-07-18 19:05:10",1144
"2020-07-18 19:15:33",1144
"2020-07-18 19:25:30",1144
"2020-07-18 19:35:48",1144
"2020-07-18 19:45:48",1144
"2020-07-18 22:10:04",1144
"2020-07-18 22:17:36",1144
"2020-07-18 22:25:10",1144
"2020-07-18 22:32:42",1144
"2020-07-18 22:40:15",1144
"2020-07-18 22:47:47",1144
"2020-07-18 22:55:20",1144
"2020-07-18 23:02:55",1144
"2020-07-18 23:10:29",1144
"2020-07-18 23:18:02",1144
"2020-07-18 23:25:35",1144
"2020-07-18 23:33:08",1144
"2020-07-18 23:40:47",1144
"2020-07-18 23:48:28",1144
"2020-07-18 23:56:16",1144
"2020-07-19 00:03:59",1144
"2020-07-19 00:11:30",1144
"2020-07-19 00:19:05",1144
"2020-07-19 00:28:41",1144
"2020-07-19 00:38:15",1144
"2020-07-19 00:47:50",1144
"2020-07-19 00:57:25",1144
"2020-07-19 01:07:01",1144
"2020-07-19 01:16:37",1144
"2020-07-19 01:26:12",1144
"2020-07-19 01:35:48",1144
"2020-07-19 01:45:24",1144
"2020-07-19 01:54:59",1144
"2020-07-19 02:04:33",1144
"2020-07-19 02:14:08",1144
"2020-07-19 02:23:42",1144
"2020-07-19 02:33:15",1144
"2020-07-19 02:42:49",1144
"2020-07-19 02:52:22",1144
"2020-07-19 03:01:56",1144
"2020-07-19 03:11:31",1144
"2020-07-19 03:21:05",1144
"2020-07-19 03:30:40",1144
"2020-07-19 03:40:16",1144
"2020-07-19 03:46:36",1144
"2020-07-19 03:49:30",1144
"2020-07-19 04:08:58",1144
"2020-07-19 04:18:31",1144
"2020-07-19 04:28:04",1144
"2020-07-19 04:37:38",1144
"2020-07-19 04:47:11",1144
"2020-07-19 04:56:45",1144
"2020-07-19 05:06:18",1144
"2020-07-19 05:15:50",1144
"2020-07-19 05:25:24",1144
"2020-07-19 05:34:56",1144
"2020-07-19 05:44:28",1144
"2020-07-19 05:54:00",1144
"2020-07-19 06:03:32",1144
"2020-07-19 06:13:08",1144
"2020-07-19 06:22:44",1144
"2020-07-19 06:32:19",1144
"2020-07-19 06:43:27",1144
"2020-07-19 06:51:03",1144
"2020-07-19 06:58:38",1144
"2020-07-19 07:06:14",1144
"2020-07-19 07:13:51",1144
"2020-07-19 07:21:26",1144
"2020-07-19 07:29:00",1144
"2020-07-19 07:36:33",1144
"2020-07-19 07:44:09",1144
"2020-07-19 07:51:44",1144
"2020-07-19 07:59:16",1144
"2020-07-19 08:06:51",1144
"2020-07-19 08:14:25",1144
"2020-07-19 08:21:58",1144
"2020-07-19 08:29:37",1144
"2020-07-19 08:37:11",1144
"2020-07-19 08:44:39",1144
"2020-07-19 08:52:14",1144
"2020-07-19 09:01:49",1144
"2020-07-19 09:11:24",1144
"2020-07-19 09:21:00",1144
"2020-07-19 09:30:35",1144
"2020-07-19 09:40:16",1144
"2020-07-19 09:49:58",1144
"2020-07-19 09:59:40",1144
"2020-07-19 10:09:22",1144
"2020-07-19 10:18:57",1144
"2020-07-19 10:28:31",1144
"2020-07-19 10:38:08",1144
"2020-07-19 10:47:45",1144
"2020-07-19 10:57:22",1144
"2020-07-19 11:06:57",1144
"2020-07-19 11:16:32",1144
"2020-07-19 11:26:07",1144
"2020-07-19 11:35:42",1144
"2020-07-19 11:45:19",1144
"2020-07-19 11:54:54",1144
"2020-07-19 12:04:29",1144
"2020-07-19 12:14:07",1144
"2020-07-19 12:20:31",1144
"2020-07-19 12:23:26",1144
"2020-07-19 12:42:54",1144
"2020-07-19 12:52:33",1144
"2020-07-19 13:02:08",1144
"2020-07-19 13:11:44",1144
"2020-07-19 13:21:20",1144
"2020-07-19 13:30:58",1144
"2020-07-19 13:40:33",1144
"2020-07-19 13:50:08",1144
"2020-07-19 13:59:42",1144
"2020-07-19 14:09:17",1144
"2020-07-19 14:18:51",1144
"2020-07-19 14:28:26",1144
"2020-07-19 14:38:01",1144
"2020-07-19 14:47:36",1144
"2020-07-19 14:57:11",1144
"2020-07-19 15:06:48",1144
"2020-07-19 15:16:23",1144
"2020-07-19 15:25:59",1144
"2020-07-19 15:35:35",1144
"2020-07-19 15:45:09",1144
"2020-07-19 15:54:45",1144
"2020-07-19 16:05:00",1144
"2020-07-19 16:07:26",1144
"2020-07-19 16:23:35",1144
"2020-07-19 16:33:11",1144
"2020-07-19 16:42:46",1144
"2020-07-19 16:52:26",1144
"2020-07-19 17:02:05",1144
"2020-07-19 17:11:42",1144
"2020-07-19 17:21:17",1144
"2020-07-19 17:30:51",1144
"2020-07-19 17:40:25",1144
"2020-07-19 17:49:59",1144
"2020-07-19 17:59:33",1144
"2020-07-19 18:09:09",1144
"2020-07-19 18:18:43",1144
"2020-07-19 18:28:19",1144
"2020-07-19 18:37:54",1144
"2020-07-19 18:47:29",1144
"2020-07-19 18:57:03",1144
"2020-07-19 19:06:39",1144
"2020-07-19 19:14:14",1144
"2020-07-19 19:21:49",1144
"2020-07-19 19:29:24",1144
"2020-07-19 19:37:01",1144
"2020-07-19 19:49:06",1144
"2020-07-19 19:50:10",1144
"2020-07-19 19:53:25",1144
"2020-07-19 20:07:24",1144
"2020-07-19 20:14:59",1144
"2020-07-19 20:22:35",1144
"2020-07-19 20:30:10",1144
"2020-07-19 20:37:45",1144
"2020-07-19 20:45:21",1144
"2020-07-19 20:52:56",1144
"2020-07-19 21:00:32",1144
"2020-07-19 21:08:08",1144
"2020-07-19 21:15:42",1144
"2020-07-19 21:23:16",1144
"2020-07-19 21:30:50",1144
"2020-07-19 21:38:24",1144
"2020-07-19 21:45:59",1144
"2020-07-19 21:53:34",1144
"2020-07-19 22:01:10",1144
"2020-07-19 22:08:47",1144
"2020-07-19 22:16:22",1144
"2020-07-19 22:23:56",1144
"2020-07-19 22:31:31",1144
"2020-07-19 22:39:05",1144
"2020-07-19 22:47:33",1144
"2020-07-19 22:52:56",1144
"2020-07-19 22:58:03",1144
"2020-07-19 23:09:25",1144
"2020-07-19 23:19:00",1144
"2020-07-19 23:28:33",1144
"2020-07-19 23:38:07",1144
"2020-07-19 23:47:40",1144
"2020-07-19 23:57:16",1144
"2020-07-20 00:06:51",1144
"2020-07-20 00:16:27",1144
"2020-07-20 00:26:03",1144
"2020-07-20 00:35:39",1144
"2020-07-20 00:45:14",1144
"2020-07-20 00:54:49",1144
"2020-07-20 01:04:24",1144
"2020-07-20 01:13:59",1144
"2020-07-20 01:23:34",1144
"2020-07-20 01:33:09",1144
"2020-07-20 01:42:45",1144
"2020-07-20 01:52:22",1144
"2020-07-20 01:59:58",1144
"2020-07-20 02:07:35",1144
"2020-07-20 02:15:12",1144
"2020-07-20 02:22:48",1144
"2020-07-20 02:30:24",1144
"2020-07-20 02:38:00",1144
"2020-07-20 02:45:36",1144
"2020-07-20 02:53:12",1144
"2020-07-20 03:00:47",1144
"2020-07-20 03:08:23",1144
"2020-07-20 03:15:59",1144
"2020-07-20 03:23:35",1144
"2020-07-20 03:31:11",1144
"2020-07-20 03:38:48",1144
"2020-07-20 03:46:24",1144
"2020-07-20 03:53:59",1144
"2020-07-20 04:01:35",1144
"2020-07-20 04:09:09",1144
"2020-07-20 04:14:36",1144
"2020-07-20 04:22:11",1144
"2020-07-20 04:28:36",1144
"2020-07-20 04:36:13",1144
"2020-07-20 04:43:50",1144
"2020-07-20 04:51:30",1144
"2020-07-20 04:59:12",1144
"2020-07-20 05:07:01",1144
"2020-07-20 05:14:45",1144
"2020-07-20 05:22:31",1144
"2020-07-20 05:30:15",1144
"2020-07-20 05:38:00",1144
"2020-07-20 05:45:45",1144
"2020-07-20 05:53:30",1144
"2020-07-20 06:01:15",1144
"2020-07-20 06:09:00",1144
"2020-07-20 06:16:44",1144
"2020-07-20 06:24:28",1144
"2020-07-20 06:32:14",1144
"2020-07-20 06:39:57",1144
"2020-07-20 06:47:42",1144
"2020-07-20 06:55:26",1144
"2020-07-20 07:03:10",1144
"2020-07-20 07:10:53",1144
"2020-07-20 07:18:35",1144
"2020-07-20 07:26:18",1144
"2020-07-20 07:34:01",1144
"2020-07-20 07:41:45",1144
"2020-07-20 07:49:28",1144
"2020-07-20 07:57:12",1144
"2020-07-20 08:04:57",1144
"2020-07-20 08:12:40",1144
"2020-07-20 08:20:23",1144
"2020-07-20 08:28:04",1144
"2020-07-20 08:35:47",1144
"2020-07-20 08:43:29",1144
"2020-07-20 08:51:12",1144
"2020-07-20 08:58:56",1144
"2020-07-20 09:06:42",1144
"2020-07-20 09:14:26",1144
"2020-07-20 09:22:09",1144
"2020-07-20 09:29:52",1144
"2020-07-20 09:37:36",1144
"2020-07-20 09:45:20",1144
"2020-07-20 09:53:03",1144
"2020-07-20 10:00:48",1144
"2020-07-20 10:08:32",1144
"2020-07-20 10:16:17",1144
"2020-07-20 10:24:00",1144
"2020-07-20 10:31:44",1144
"2020-07-20 10:39:30",1144
"2020-07-20 10:47:16",1144
"2020-07-20 10:55:00",1144
"2020-07-20 11:02:46",1144
"2020-07-20 11:10:31",1144
"2020-07-20 11:18:16",1144
"2020-07-20 11:25:59",1144
"2020-07-20 11:33:43",1144
"2020-07-20 11:41:25",1144
"2020-07-20 11:49:08",1144
"2020-07-20 11:56:52",1144
"2020-07-20 12:04:37",1144
"2020-07-20 12:12:21",1144
"2020-07-20 12:20:07",1144
"2020-07-20 12:27:51",1144
"2020-07-20 12:35:37",1144
"2020-07-20 12:43:21",1144
"2020-07-20 12:51:04",1144
"2020-07-20 12:58:48",1144
"2020-07-20 13:06:33",1144
"2020-07-20 13:14:20",1144
"2020-07-20 13:22:03",1144
"2020-07-20 13:29:52",1144
"2020-07-20 13:37:38",1144
"2020-07-20 13:45:26",1144
"2020-07-20 13:53:12",1144
"2020-07-20 14:00:56",1144
"2020-07-20 14:08:40",1144
"2020-07-20 14:16:26",1144
"2020-07-20 14:24:10",1144
"2020-07-20 14:43:46",1144
"2020-07-20 15:43:58",1140
"2020-07-20 16:43:40",1141
"2020-07-20 17:43:37",1137
"2020-07-20 18:43:53",1135
"2020-07-20 19:44:01",1138
"2020-07-20 20:44:00",1139
"2020-07-20 21:43:58",1140
"2020-07-20 22:43:49",1140
"2020-07-20 23:43:47",1140
"2020-07-21 00:43:47",1140
"2020-07-21 01:43:54",1140
"2020-07-21 02:43:51",1140
"2020-07-21 03:43:55",1140
"2020-07-21 04:44:01",1140
"2020-07-21 05:43:58",1140
"2020-07-21 06:44:03",1140
"2020-07-21 07:43:58",1140
"2020-07-21 08:43:49",1140
"2020-07-21 09:43:37",1140
"2020-07-21 10:43:48",1140
"2020-07-21 11:43:49",1140
"2020-07-21 12:43:38",1140
"2020-07-21 13:43:49",1140
"2020-07-21 14:43:47",1142
"2020-07-21 15:43:40",1142
"2020-07-21 16:43:59",1134
"2020-07-21 17:44:02",1132
"2020-07-21 18:43:50",1130
"2020-07-21 19:43:39",1129
"2020-07-21 20:43:49",1125
"2020-07-21 21:43:35",1127
"2020-07-21 22:43:56",1127
"2020-07-21 23:44:01",1127
"2020-07-22 00:43:48",1127
"2020-07-22 01:43:49",1127
"2020-07-22 02:43:36",1127
"2020-07-22 03:44:01",1127
"2020-07-22 04:43:36",1127
"2020-07-22 05:43:37",1127
"2020-07-22 06:43:35",1127
"2020-07-22 07:43:35",1127
"2020-07-22 08:43:35",1127
"2020-07-22 09:43:36",1127
"2020-07-22 10:43:38",1127
"2020-07-22 11:43:35",1127
"2020-07-22 12:43:42",1127
"2020-07-22 13:43:42",1128
"2020-07-22 14:43:45",1132
"2020-07-22 15:43:39",1134
"2020-07-22 16:43:55",1133
"2020-07-22 17:43:45",1132
"2020-07-22 18:43:57",1131
"2020-07-22 19:43:35",1130
"2020-07-22 20:43:47",1130
"2020-07-22 21:43:46",1130
"2020-07-22 22:43:49",1130
"2020-07-22 23:43:35",1130
"2020-07-23 00:43:46",1130
"2020-07-23 01:43:49",1130
"2020-07-23 02:43:47",1130
"2020-07-23 03:43:50",1130
"2020-07-23 04:43:44",1130
"2020-07-23 05:43:56",1129
"2020-07-23 06:43:35",1129
"2020-07-23 07:43:39",1129
"2020-07-23 08:43:45",1129
"2020-07-23 09:43:50",1129
"2020-07-23 10:44:00",1129
"2020-07-23 11:43:49",1129
"2020-07-23 13:09:10",1129
"2020-07-23 13:44:30",1129
"2020-07-23 14:43:46",1130
"2020-07-23 15:43:57",1130
"2020-07-23 16:43:39",1130
"2020-07-23 17:43:47",1131
"2020-07-23 18:43:38",1131
"2020-07-23 19:43:58",1129
"2020-07-23 20:43:46",1129
"2020-07-23 21:43:48",1129
"2020-07-23 22:43:48",1129
"2020-07-23 23:43:38",1129
"2020-07-24 00:44:00",1129
"2020-07-24 01:43:43",1129
"2020-07-24 02:43:46",1129
"2020-07-24 03:43:50",1129
"2020-07-24 04:43:46",1129
"2020-07-24 05:43:58",1129
"2020-07-24 06:43:37",1129
"2020-07-24 07:44:00",1129
"2020-07-24 08:43:50",1129
"2020-07-24 09:43:52",1129
"2020-07-24 10:43:49",1129
"2020-07-24 11:43:47",1129
"2020-07-24 12:43:55",1129
"2020-07-24 13:43:39",1129
"2020-07-24 14:43:47",1126
"2020-07-24 15:43:59",1126
"2020-07-24 16:43:49",1126
"2020-07-24 17:43:38",1126
"2020-07-24 18:43:47",1126
"2020-07-24 19:43:44",1126
"2020-07-24 20:43:48",1125
"2020-07-24 21:43:35",1125
"2020-07-24 22:43:54",1125
"2020-07-24 23:43:49",1125
"2020-07-25 00:43:40",1125
"2020-07-25 01:43:40",1125
"2020-07-25 02:43:47",1125
"2020-07-25 03:43:51",1125
"2020-07-25 04:43:47",1125
"2020-07-25 05:43:51",1125
"2020-07-25 06:43:47",1125
"2020-07-25 07:44:04",1125
"2020-07-25 08:43:58",1125
"2020-07-25 09:43:46",1125
"2020-07-25 10:43:38",1125
"2020-07-25 11:44:00",1125
"2020-07-25 12:43:50",1125
"2020-07-25 13:43:58",1125
"2020-07-25 14:43:48",1125
"2020-07-25 15:43:49",1125
"2020-07-25 16:43:53",1125
"2020-07-25 17:43:49",1125
"2020-07-25 18:43:49",1125
"2020-07-25 19:43:40",1125
"2020-07-25 20:43:59",1125
"2020-07-25 21:43:52",1125
"2020-07-25 22:43:48",1125
"2020-07-25 23:43:50",1125
"2020-07-26 00:43:49",1125
"2020-07-26 01:43:52",1125
"2020-07-26 02:43:59",1125
"2020-07-26 03:43:48",1125
"2020-07-26 04:43:49",1125
"2020-07-26 05:43:50",1125
"2020-07-26 06:43:48",1125
"2020-07-26 07:43:48",1125
"2020-07-26 08:43:50",1125
"2020-07-26 09:43:50",1125
"2020-07-26 10:43:40",1125
"2020-07-26 11:43:52",1125
"2020-07-26 12:44:03",1125
"2020-07-26 13:44:00",1125
"2020-07-26 14:43:39",1125
"2020-07-26 15:43:55",1125
"2020-07-26 16:43:49",1125
"2020-07-26 17:43:49",1125
"2020-07-26 18:43:51",1125
"2020-07-26 19:43:49",1125
"2020-07-26 20:43:50",1125
"2020-07-26 21:44:01",1125
"2020-07-26 22:43:59",1125
"2020-07-26 23:43:49",1125
"2020-07-27 00:44:00",1125
"2020-07-27 01:43:54",1125
"2020-07-27 02:44:02",1125
"2020-07-27 03:44:05",1125
"2020-07-27 04:43:54",1125
"2020-07-27 05:44:05",1125
"2020-07-27 06:43:59",1125
"2020-07-27 07:43:57",1125
"2020-07-27 08:43:49",1125
"2020-07-27 09:43:51",1125
"2020-07-27 10:43:38",1125
"2020-07-27 11:43:58",1125
"2020-07-27 12:43:49",1125
"2020-07-27 13:43:51",1126
"2020-07-27 14:43:54",1134
"2020-07-27 15:43:54",1130
"2020-07-27 16:43:58",1129
"2020-07-27 17:44:05",1126
"2020-07-27 18:44:02",1124
"2020-07-27 19:43:49",1124
"2020-07-27 20:44:02",1125
"2020-07-27 21:43:51",1125
"2020-07-27 22:43:51",1125
"2020-07-27 23:43:53",1125
"2020-07-28 00:44:09",1125
"2020-07-28 01:44:06",1125
"2020-07-28 02:44:17",1125
"2020-07-28 03:44:01",1125
"2020-07-28 04:44:07",1125
"2020-07-28 07:06:58",1125
"2020-07-28 07:13:07",1125
"2020-07-28 07:43:57",1125
"2020-07-28 08:43:46",1125
"2020-07-28 09:43:47",1125
"2020-07-28 10:43:55",1125
"2020-07-28 11:43:55",1125
"2020-07-28 13:12:42",1125
"2020-07-28 13:43:54",1125
"2020-07-28 14:43:44",1126
"2020-07-28 15:43:52",1125
"2020-07-28 16:43:48",1126
"2020-07-28 17:43:39",1126
"2020-07-28 18:43:43",1124
"2020-07-28 19:43:50",1124
"2020-07-28 20:43:48",1124
"2020-07-28 21:43:41",1123
"2020-07-28 22:43:53",1123
"2020-07-28 23:44:05",1123
"2020-07-29 00:43:48",1123
"2020-07-29 01:44:02",1123
"2020-07-29 02:43:39",1123
"2020-07-29 03:43:49",1123
"2020-07-29 04:43:39",1123
"2020-07-29 05:44:00",1123
"2020-07-29 06:43:38",1123
"2020-07-29 07:43:50",1123
"2020-07-29 08:43:52",1123
"2020-07-29 09:43:53",1123
"2020-07-29 10:43:57",1123
"2020-07-29 11:44:00",1123
"2020-07-29 13:15:13",1123
"2020-07-29 13:43:54",1123
"2020-07-29 14:44:02",1125
"2020-07-29 15:44:07",1124
"2020-07-29 16:44:26",1125
"2020-07-29 17:44:08",1127
"2020-07-29 18:44:07",1125
"2020-07-29 19:44:03",1126
"2020-07-29 20:44:02",1126
"2020-07-29 21:44:01",1125
"2020-07-29 22:44:02",1125
"2020-07-29 23:44:05",1125
"2020-07-30 00:44:03",1125
"2020-07-30 01:44:05",1125
"2020-07-30 02:44:04",1125
"2020-07-30 03:44:01",1125
"2020-07-30 04:44:13",1125
"2020-07-30 05:44:11",1125
"2020-07-30 06:43:58",1125
"2020-07-30 07:44:00",1125
"2020-07-30 08:44:07",1125
"2020-07-30 09:44:00",1125
"2020-07-30 10:43:57",1125
"2020-07-30 11:44:02",1125
"2020-07-30 13:07:42",1125
"2020-07-30 13:44:05",1125
"2020-07-30 14:44:02",1122
"2020-07-30 15:44:01",1120
"2020-07-30 16:43:47",1120
"2020-07-30 17:44:01",1121
"2020-07-30 18:44:02",1123
"2020-07-30 19:44:01",1120
"2020-07-30 20:43:49",1118
"2020-07-30 21:43:52",1118
"2020-07-30 22:43:59",1118
"2020-07-30 23:43:45",1118
"2020-07-31 00:44:04",1118
"2020-07-31 01:43:47",1118
"2020-07-31 02:44:02",1118
"2020-07-31 03:43:52",1118
"2020-07-31 04:43:41",1118
"2020-07-31 05:43:49",1118
"2020-07-31 06:43:38",1118
"2020-07-31 07:43:53",1118
"2020-07-31 08:43:52",1118
"2020-07-31 09:43:51",1118
"2020-07-31 10:43:42",1118
"2020-07-31 11:43:38",1118
"2020-07-31 12:43:37",1118
"2020-07-31 13:44:03",1117
"2020-07-31 14:43:40",1113
"2020-07-31 15:43:48",1113
"2020-07-31 16:43:53",1110
"2020-07-31 17:43:49",1110
"2020-07-31 18:43:50",1110
"2020-07-31 19:43:50",1112
"2020-07-31 20:43:49",1112
"2020-07-31 21:43:50",1112
"2020-07-31 22:43:41",1112
"2020-07-31 23:43:55",1112
"2020-08-01 00:43:59",1112
"2020-08-01 01:43:38",1112
"2020-08-01 02:43:38",1112
"2020-08-01 03:43:50",1112
"2020-08-01 04:43:57",1112
"2020-08-01 05:43:51",1112
"2020-08-01 06:43:50",1112
"2020-08-01 07:43:59",1112
"2020-08-01 08:43:59",1112
"2020-08-01 09:43:56",1112
"2020-08-01 10:43:48",1112
"2020-08-01 11:43:46",1112
"2020-08-01 12:43:50",1112
"2020-08-01 13:43:49",1112
"2020-08-01 14:43:37",1112
"2020-08-01 15:44:10",1112
"2020-08-01 16:44:03",1112
"2020-08-01 17:43:48",1112
"2020-08-01 18:43:47",1112
"2020-08-01 19:43:48",1112
"2020-08-01 20:43:46",1112
"2020-08-01 21:43:46",1112
"2020-08-01 22:43:46",1112
"2020-08-01 23:43:50",1112
"2020-08-02 00:44:03",1112
"2020-08-02 01:43:47",1112
"2020-08-02 02:43:37",1112
"2020-08-02 03:44:01",1112
"2020-08-02 04:43:38",1112
"2020-08-02 05:43:52",1112
"2020-08-02 06:43:58",1112
"2020-08-02 07:43:57",1112
"2020-08-02 08:43:56",1112
"2020-08-02 09:44:01",1112
"2020-08-02 10:43:58",1112
"2020-08-02 11:43:38",1112
"2020-08-02 12:43:47",1112
"2020-08-02 13:43:41",1112
"2020-08-02 14:43:38",1112
"2020-08-02 15:44:03",1112
"2020-08-02 16:43:36",1112
"2020-08-02 17:43:49",1112
"2020-08-02 18:43:48",1112
"2020-08-02 19:43:49",1112
"2020-08-02 20:43:38",1112
"2020-08-02 21:43:49",1112
"2020-08-02 22:43:50",1112
"2020-08-02 23:43:52",1112
"2020-08-03 00:43:57",1112
"2020-08-03 01:43:51",1112
"2020-08-03 02:43:48",1112
"2020-08-03 03:43:49",1112
"2020-08-03 04:43:47",1112
"2020-08-03 05:43:57",1112
"2020-08-03 06:43:37",1112
"2020-08-03 07:43:48",1112
"2020-08-03 08:43:41",1112
"2020-08-03 09:44:00",1112
"2020-08-03 10:43:56",1112
"2020-08-03 11:43:45",1112
"2020-08-03 12:43:58",1112
"2020-08-03 13:43:54",1113
"2020-08-03 14:43:45",1111
"2020-08-03 15:44:01",1107
"2020-08-03 16:43:53",1105
"2020-08-03 17:43:51",1103
"2020-08-03 18:43:41",1102
"2020-08-03 19:43:53",1103
"2020-08-03 20:43:46",1103
"2020-08-03 21:43:37",1103
"2020-08-03 22:43:47",1103
"2020-08-03 23:43:53",1103
"2020-08-04 00:44:01",1103
"2020-08-04 01:43:54",1103
"2020-08-04 02:43:58",1103
"2020-08-04 03:43:56",1103
"2020-08-04 04:44:19",1103
"2020-08-04 05:43:49",1103
"2020-08-04 06:43:50",1103
"2020-08-04 07:43:41",1103
"2020-08-04 08:43:57",1103
"2020-08-04 09:43:48",1103
"2020-08-04 10:43:37",1103
"2020-08-04 11:43:46",1103
"2020-08-04 12:43:36",1103
"2020-08-04 13:44:02",1103
"2020-08-04 14:43:50",1101
"2020-08-04 15:43:52",1101
"2020-08-04 16:43:51",1097
"2020-08-04 17:43:54",1097
"2020-08-04 18:44:02",1098
"2020-08-04 19:43:46",1095
"2020-08-04 20:43:48",1092
"2020-08-04 21:43:51",1092
"2020-08-04 22:43:49",1092
"2020-08-04 23:44:04",1092
"2020-08-05 00:43:56",1092
"2020-08-05 01:44:00",1092
"2020-08-05 02:43:43",1092
"2020-08-05 03:44:01",1092
"2020-08-05 04:43:55",1092
"2020-08-05 05:43:52",1092
"2020-08-05 06:43:38",1092
"2020-08-05 07:43:39",1092
"2020-08-05 08:43:52",1092
"2020-08-05 09:44:03",1092
"2020-08-05 10:43:48",1092
"2020-08-05 11:43:49",1092
"2020-08-05 13:11:14",1092
"2020-08-05 13:44:06",1092
"2020-08-05 14:43:53",1090
"2020-08-05 15:43:43",1090
"2020-08-05 16:43:49",1087
"2020-08-05 17:43:48",1085
"2020-08-05 18:43:51",1083
"2020-08-05 19:43:59",1083
"2020-08-05 20:43:47",1083
"2020-08-05 21:43:44",1083
"2020-08-05 22:43:58",1083
"2020-08-05 23:43:52",1083
"2020-08-06 00:44:08",1083
"2020-08-06 01:43:53",1083
"2020-08-06 02:43:47",1083
"2020-08-06 03:43:55",1083
"2020-08-06 04:43:51",1083
"2020-08-06 05:44:12",1083
"2020-08-06 06:43:55",1083
"2020-08-06 07:44:00",1083
"2020-08-06 08:44:06",1083
"2020-08-06 09:43:51",1083
"2020-08-06 10:44:02",1083
"2020-08-06 11:43:48",1083
"2020-08-06 12:44:01",1083
"2020-08-06 13:43:43",1083
"2020-08-06 14:43:38",1080
"2020-08-06 15:43:50",1079
"2020-08-06 16:44:01",1077
"2020-08-06 17:43:50",1075
"2020-08-06 18:43:50",1075
"2020-08-06 19:43:51",1074
"2020-08-06 20:44:00",1073
"2020-08-06 21:43:52",1073
"2020-08-06 22:43:39",1073
"2020-08-06 23:44:03",1073
"2020-08-07 00:43:51",1073
"2020-08-07 01:43:58",1073
"2020-08-07 02:43:50",1073
"2020-08-07 03:43:48",1073
"2020-08-07 04:44:00",1073
"2020-08-07 05:43:58",1073
"2020-08-07 06:43:40",1073
"2020-08-07 07:43:57",1073
"2020-08-07 08:43:49",1073
"2020-08-07 09:43:49",1073
"2020-08-07 10:43:49",1073
"2020-08-07 11:43:38",1073
"2020-08-07 12:43:37",1073
"2020-08-07 13:43:49",1073
"2020-08-07 14:43:39",1071
"2020-08-07 15:44:00",1072
"2020-08-07 16:43:48",1074
"2020-08-07 17:43:48",1074
"2020-08-07 18:43:51",1074
"2020-08-07 19:43:38",1074
"2020-08-07 20:43:52",1074
"2020-08-07 21:43:48",1074
"2020-08-07 22:43:48",1074
"2020-08-07 23:43:49",1074
"2020-08-08 00:43:40",1074
"2020-08-08 01:43:59",1074
"2020-08-08 02:43:44",1074
"2020-08-08 03:43:37",1074
"2020-08-08 04:43:38",1074
"2020-08-08 05:43:42",1074
"2020-08-08 06:43:51",1074
"2020-08-08 07:43:51",1074
"2020-08-08 08:44:02",1074
"2020-08-08 09:43:49",1074
"2020-08-08 10:43:52",1074
"2020-08-08 11:43:54",1074
"2020-08-08 12:43:45",1074
"2020-08-08 13:43:49",1074
"2020-08-08 14:43:49",1074
"2020-08-08 15:43:48",1074
"2020-08-08 16:43:50",1074
"2020-08-08 17:43:40",1074
"2020-08-08 18:43:40",1074
"2020-08-08 19:43:51",1074
"2020-08-08 20:44:01",1074
"2020-08-08 21:43:50",1074
"2020-08-08 22:43:51",1074
"2020-08-08 23:43:56",1074
"2020-08-09 00:44:03",1074
"2020-08-09 01:43:55",1074
"2020-08-09 02:43:59",1074
"2020-08-09 03:44:02",1074
"2020-08-09 04:43:50",1074
"2020-08-09 05:44:02",1074
"2020-08-09 06:43:58",1074
"2020-08-09 07:43:53",1074
"2020-08-09 08:43:40",1074
"2020-08-09 09:43:54",1074
"2020-08-09 10:43:42",1074
"2020-08-09 11:43:39",1074
"2020-08-09 12:43:54",1074
"2020-08-09 13:44:03",1074
"2020-08-09 14:43:54",1074
"2020-08-09 15:43:50",1074
"2020-08-09 16:44:01",1074
"2020-08-09 17:43:51",1074
"2020-08-09 18:43:52",1074
"2020-08-09 19:44:01",1074
"2020-08-09 20:43:54",1074
"2020-08-09 21:43:50",1074
"2020-08-09 22:43:51",1074
"2020-08-09 23:43:51",1074
"2020-08-10 00:44:00",1074
"2020-08-10 01:43:51",1074
"2020-08-10 02:44:02",1074
"2020-08-10 03:43:49",1074
"2020-08-10 04:43:40",1074
"2020-08-10 05:43:50",1074
"2020-08-10 06:43:36",1074
"2020-08-10 07:43:37",1074
"2020-08-10 08:43:55",1074
"2020-08-10 09:43:49",1074
"2020-08-10 10:43:49",1074
"2020-08-10 11:43:52",1074
"2020-08-10 12:43:36",1074
"2020-08-10 13:43:54",1074
"2020-08-10 14:43:52",1077
"2020-08-10 15:44:03",1076
"2020-08-10 16:43:50",1076
"2020-08-10 17:43:59",1072
"2020-08-10 18:43:51",1072
"2020-08-10 19:43:59",1074
"2020-08-10 20:43:47",1074
"2020-08-10 21:44:01",1074
"2020-08-10 22:43:41",1074
"2020-08-10 23:43:43",1074
"2020-08-11 00:43:42",1074
"2020-08-11 01:43:52",1074
"2020-08-11 02:43:51",1074
"2020-08-11 03:44:02",1074
"2020-08-11 04:43:51",1074
"2020-08-11 05:43:51",1074
"2020-08-11 06:43:49",1074
"2020-08-11 07:43:58",1074
"2020-08-11 08:43:40",1074
"2020-08-11 09:43:49",1074
"2020-08-11 10:43:50",1074
"2020-08-11 11:43:40",1074
"2020-08-11 12:43:48",1074
"2020-08-11 13:44:06",1074
"2020-08-11 14:43:58",1077
"2020-08-11 15:43:50",1079
"2020-08-11 16:43:37",1079
"2020-08-11 17:43:52",1078
"2020-08-11 18:43:50",1078
"2020-08-11 19:43:39",1077
"2020-08-11 20:43:48",1077
"2020-08-11 21:44:01",1077
"2020-08-11 22:43:49",1078
"2020-08-11 23:43:49",1078
"2020-08-12 00:43:42",1078
"2020-08-12 01:43:55",1078
"2020-08-12 02:43:49",1078
"2020-08-12 03:43:56",1078
"2020-08-12 04:43:48",1078
"2020-08-12 05:43:58",1078
"2020-08-12 06:43:47",1078
"2020-08-12 07:44:00",1078
"2020-08-12 08:43:40",1078
"2020-08-12 09:43:59",1078
"2020-08-12 10:43:49",1078
"2020-08-12 11:43:48",1078
"2020-08-12 12:43:50",1078
"2020-08-12 13:43:40",1078
"2020-08-12 14:43:48",1083
"2020-08-12 15:43:59",1083
"2020-08-12 16:43:51",1081
"2020-08-12 22:43:37",1077
"2020-08-12 23:44:04",1077
"2020-08-13 00:43:55",1077
"2020-08-13 01:43:45",1077
"2020-08-13 02:43:38",1077
"2020-08-13 03:48:20",1077
"2020-08-13 04:46:44",1077
"2020-08-13 05:47:09",1077
"2020-08-13 06:48:39",1077
"2020-08-13 07:47:09",1077
"2020-08-13 08:47:21",1077
"2020-08-13 09:48:41",1077
"2020-08-13 10:47:48",1077
"2020-08-13 11:49:13",1077
"2020-08-13 12:47:12",1077
"2020-08-13 13:48:11",1077
"2020-08-13 14:48:39",1078
"2020-08-13 15:46:12",1079
"2020-08-13 16:48:39",1079
"2020-08-13 20:47:38",1079
"2020-08-13 21:45:39",1079
"2020-08-13 22:49:40",1079
